1
2850
130 275 0.0177785 133 0.0177785 
141 244 0.0277788 128 0.0277788 
130 285 0.0177785 114 0.0177785 
209 236 0.0236695 113 0.0236695 
475 247 0.0138414 107 0.0138414 
164 321 0.0156256 104 0.0156256 
83 283 0.0277788 103 0.0277788 
494 292 0.0330591 103 0.0330591 
23 315 0.0156256 99 0.0156256 
437 293 0.0110808 99 0.0110808 
496 295 0.00756173 98 0.00756173 
351 301 0.0156256 96 0.0156256 
224 311 0.0177785 95 0.0177785 
557 205 0.0177785 92 0.0177785 
68 284 0.0330591 91 0.0330591 
476 295 0.0123462 88 0.0123462 
304 304 0.0236695 87 0.0236695 
82 270 0.0277788 87 0.0277788 
491 302 0.00216341 86 0.00216341 
136 281 0.00640025 86 0.00640025 
345 265 0.0277788 85 0.0277788 
388 267 0.0236695 85 0.0236695 
493 245 0.0330591 85 0.0330591 
306 330 0.00416249 82 0.00416249 
372 221 0.0204089 81 0.0204089 
302 259 0.0177785 81 0.0177785 
82 271 0.00907064 81 0.00907064 
268 305 0.0156256 81 0.0156256 
394 260 0.00548718 80 0.00548718 
76 278 0.00694471 80 0.00694471 
510 274 0.0330591 79 0.0330591 
386 252 0.0204089 79 0.0204089 
139 230 0.0123462 79 0.0123462 
258 253 0.0236695 78 0.0236695 
97 274 0.00277019 78 0.00277019 
412 260 0.00640025 77 0.00640025 
510 261 0.0277788 77 0.0277788 
321 306 0.00826478 77 0.00826478 
285 304 0.0236695 76 0.0236695 
456 246 0.0236695 75 0.0236695 
531 289 0.00826478 74 0.00826478 
83 313 0.0330591 74 0.0330591 
146 276 0.0277788 73 0.0277788 
511 301 0.0277788 73 0.0277788 
304 263 0.0330591 73 0.0330591 
456 287 0.0177785 72 0.0177785 
285 261 0.0236695 72 0.0236695 
438 303 0.0123462 71 0.0123462 
511 294 0.0277788 71 0.0277788 
96 166 0.00826478 71 0.00826478 
242 195 0.0330591 70 0.0330591 
502 254 0.00548718 70 0.00548718 
157 283 0.00475643 70 0.00475643 
116 271 0.0177785 70 0.0177785 
345 309 0.00444461 70 0.00444461 
23 328 0.0156256 69 0.0156256 
207 312 0.0236695 69 0.0236695 
20 135 0.0236695 69 0.0236695 
240 316 0.0330591 69 0.0330591 
394 322 0.00548718 68 0.00548718 
605 338 0.0330591 68 0.0330591 
483 295 0.00444461 68 0.00444461 
206 268 0.0236695 68 0.0236695 
510 296 0.00640025 68 0.00640025 
128 287 0.00591739 67 0.00591739 
430 297 0.00416249 67 0.00416249 
32 340 0.0204089 67 0.0204089 
501 301 0.0236695 67 0.0236695 
442 247 0.0177785 67 0.0177785 
449 336 0.0177785 67 0.0177785 
151 281 0.00907064 66 0.00907064 
343 263 0.00444461 66 0.00444461 
182 269 0.0236695 66 0.0236695 
178 198 0.0236695 65 0.0236695 
206 221 0.0123462 65 0.0123462 
207 314 0.0100004 65 0.0100004 
112 253 0.0204089 64 0.0204089 
356 305 0.00694471 64 0.00694471 
493 261 0.0277788 64 0.0277788 
86 294 0.0236695 64 0.0236695 
76 282 0.00756173 64 0.00756173 
376 341 0.0277788 64 0.0277788 
142 270 0.0277788 63 0.0277788 
446 294 0.0039064 63 0.0039064 
405 266 0.0100004 63 0.0100004 
155 250 0.00907064 63 0.00907064 
475 242 0.0110808 63 0.0110808 
569 326 0.0156256 63 0.0156256 
570 286 0.0110808 62 0.0110808 
23 264 0.0236695 62 0.0236695 
263 270 0.0277788 62 0.0277788 
183 154 0.0100004 62 0.0100004 
71 140 0.0177785 62 0.0177785 
74 280 0.00277019 62 0.00277019 
189 314 0.0138414 62 0.0138414 
38 319 0.00153793 62 0.00153793 
355 266 0.0330591 62 0.0330591 
67 317 0.00694471 61 0.00694471 
462 298 0.0177785 61 0.0177785 
119 282 0.0277788 61 0.0277788 
98 143 0.0277788 61 0.0277788 
476 290 0.0123462 60 0.0123462 
166 277 0.0177785 60 0.0177785 
51 370 0.0123462 60 0.0123462 
345 185 0.0330591 59 0.0330591 
485 306 0.00346034 59 0.00346034 
500 259 0.0277788 59 0.0277788 
335 268 0.0236695 59 0.0236695 
523 295 0.00346034 58 0.00346034 
82 290 0.00907064 58 0.00907064 
140 276 0.0039064 58 0.0039064 
499 272 0.0177785 58 0.0177785 
40 306 0.0204089 58 0.0204089 
71 365 0.0236695 58 0.0236695 
170 270 0.0277788 58 0.0277788 
520 231 0.0277788 57 0.0277788 
355 276 0.00326543 57 0.00326543 
546 182 0.0204089 57 0.0204089 
437 332 0.0100004 57 0.0100004 
570 232 0.0110808 57 0.0110808 
100 262 0.0110808 57 0.0110808 
105 280 0.00591739 57 0.00591739 
405 301 0.00756173 57 0.00756173 
53 159 0.0100004 57 0.0100004 
326 320 0.0277788 57 0.0277788 
139 242 0.00346034 57 0.00346034 
239 329 0.00694471 56 0.00694471 
262 269 0.00510224 56 0.00510224 
239 186 0.00756173 56 0.00756173 
145 233 0.0236695 56 0.0236695 
503 290 0.00640025 56 0.00640025 
22 296 0.00826478 56 0.00826478 
441 267 0.00346034 56 0.00346034 
544 208 0.0236695 56 0.0236695 
317 277 0.00548718 56 0.00548718 
272 277 0.00548718 56 0.00548718 
209 241 0.0330591 55 0.0330591 
544 183 0.0177785 55 0.0177785 
508 251 0.0177785 55 0.0177785 
267 333 0.00694471 55 0.00694471 
206 234 0.00346034 55 0.00346034 
147 318 0.0236695 55 0.0236695 
246 308 0.00826478 55 0.00826478 
110 239 0.0138414 55 0.0138414 
531 296 0.00826478 55 0.00826478 
252 277 0.0204089 55 0.0204089 
40 332 0.00444461 54 0.00444461 
167 324 0.00907064 54 0.00907064 
368 299 0.0236695 54 0.0236695 
327 268 0.00548718 54 0.00548718 
118 258 0.00694471 54 0.00694471 
120 291 0.0277788 54 0.0277788 
372 258 0.00237963 54 0.00237963 
355 184 0.0277788 54 0.0277788 
206 240 0.00226766 54 0.00226766 
503 298 0.00640025 54 0.00640025 
545 242 0.0236695 53 0.0236695 
410 325 0.0204089 53 0.0204089 
342 311 0.0330591 53 0.0330591 
111 256 0.0330591 53 0.0330591 
518 301 0.0277788 53 0.0277788 
493 258 0.00756173 53 0.00756173 
337 185 0.0330591 53 0.0330591 
508 249 0.0156256 53 0.0156256 
147 253 0.00326543 53 0.00326543 
36 130 0.0277788 53 0.0277788 
172 197 0.0277788 52 0.0277788 
263 311 0.00640025 52 0.00640025 
578 327 0.0138414 52 0.0138414 
419 260 0.0204089 52 0.0204089 
168 325 0.00416249 52 0.00416249 
579 153 0.00237963 52 0.00237963 
429 257 0.00416249 52 0.00416249 
515 341 0.0177785 52 0.0177785 
491 264 0.00444461 52 0.00444461 
430 335 0.00510224 52 0.00510224 
540 156 0.00277019 51 0.00277019 
68 278 0.0330591 51 0.0330591 
254 194 0.0204089 51 0.0204089 
141 268 0.00100785 51 0.00100785 
591 237 0.0156256 51 0.0156256 
348 282 0.00694471 51 0.00694471 
608 255 0.0177785 51 0.0177785 
57 279 0.0025001 51 0.0025001 
463 318 0.0138414 51 0.0138414 
303 260 0.00694471 50 0.00694471 
58 340 0.0236695 50 0.0236695 
115 372 0.0236695 50 0.0236695 
508 236 0.0156256 50 0.0156256 
482 256 0.00416249 50 0.00416249 
106 149 0.0204089 50 0.0204089 
189 180 0.0236695 50 0.0236695 
432 318 0.0330591 50 0.0330591 
204 268 0.0156256 50 0.0156256 
71 155 0.0100004 50 0.0100004 
511 268 0.0236695 50 0.0236695 
277 305 0.00237963 50 0.00237963 
254 239 0.0330591 50 0.0330591 
410 315 0.0204089 49 0.0204089 
292 310 0.0156256 49 0.0156256 
212 209 0.0330591 49 0.0330591 
475 335 0.0156256 49 0.0156256 
262 289 0.0123462 49 0.0123462 
409 278 0.0177785 49 0.0177785 
265 241 0.00444461 49 0.00444461 
21 175 0.0123462 49 0.0123462 
168 152 0.0236695 49 0.0236695 
152 240 0.0236695 49 0.0236695 
332 149 0.0156256 49 0.0156256 
93 151 0.0277788 49 0.0277788 
476 249 0.00548718 48 0.00548718 
189 306 0.0138414 48 0.0138414 
544 162 0.00475643 48 0.00475643 
207 305 0.0204089 48 0.0204089 
105 283 0.00292195 48 0.00292195 
207 261 0.000865085 48 0.000865085 
551 296 0.0100004 48 0.0100004 
164 163 0.00826478 48 0.00826478 
64 372 0.0330591 48 0.0330591 
418 287 0.0236695 48 0.0236695 
431 303 0.00367324 48 0.00367324 
387 279 0.0177785 48 0.0177785 
428 311 0.0330591 47 0.0330591 
368 255 0.0236695 47 0.0236695 
167 262 0.00826478 47 0.00826478 
169 212 0.00160006 47 0.00160006 
156 313 0.0330591 47 0.0330591 
556 208 0.00510224 47 0.00510224 
153 242 0.0204089 47 0.0204089 
105 273 0.00591739 47 0.00591739 
176 180 0.0204089 47 0.0204089 
72 370 0.0156256 47 0.0156256 
360 264 0.00262995 47 0.00262995 
147 246 0.00510224 47 0.00510224 
36 315 0.00127556 47 0.00127556 
502 245 0.00591739 47 0.00591739 
398 247 0.0330591 47 0.0330591 
571 286 0.00548718 47 0.00548718 
446 294 0.00216341 47 0.00216341 
554 333 0.00475643 46 0.00475643 
245 307 0.0277788 46 0.0277788 
432 257 0.0177785 46 0.0177785 
166 255 0.0236695 46 0.0236695 
90 278 0.00173618 46 0.00173618 
481 321 0.00262995 46 0.00262995 
104 228 0.0277788 46 0.0277788 
50 275 0.00444461 46 0.00444461 
383 260 0.00694471 46 0.00694471 
13 142 0.0277788 46 0.0277788 
594 245 0.0177785 46 0.0177785 
460 215 0.0156256 46 0.0156256 
237 271 0.00262995 46 0.00262995 
136 241 0.00308654 46 0.00308654 
251 300 0.0330591 46 0.0330591 
506 332 0.0330591 46 0.0330591 
593 223 0.0204089 46 0.0204089 
83 306 0.0204089 46 0.0204089 
33 274 0.0039064 45 0.0039064 
119 276 0.00367324 45 0.00367324 
608 146 0.0177785 45 0.0177785 
23 281 0.0277788 45 0.0277788 
66 283 0.0177785 45 0.0177785 
467 295 0.00416249 45 0.00416249 
212 316 0.0277788 45 0.0277788 
158 180 0.0177785 45 0.0177785 
126 249 0.00826478 45 0.00826478 
87 266 0.0330591 45 0.0330591 
543 180 0.0277788 45 0.0277788 
172 280 0.0138414 45 0.0138414 
419 302 0.0330591 45 0.0330591 
320 260 0.00756173 45 0.00756173 
524 306 0.00826478 44 0.00826478 
75 171 0.0204089 44 0.0204089 
344 299 0.00510224 44 0.00510224 
244 279 0.0204089 44 0.0204089 
403 252 0.0110808 44 0.0110808 
130 268 0.0156256 44 0.0156256 
549 337 0.00756173 44 0.00756173 
36 65 0.00907064 44 0.00907064 
241 318 0.0100004 44 0.0100004 
99 274 0.00160006 44 0.00160006 
462 309 0.0204089 44 0.0204089 
505 314 0.0123462 44 0.0123462 
109 235 0.00756173 44 0.00756173 
149 222 0.0277788 44 0.0277788 
232 310 0.00308654 44 0.00308654 
23 273 0.0236695 44 0.0236695 
527 323 0.00475643 44 0.00475643 
100 271 0.0123462 44 0.0123462 
346 276 0.0100004 43 0.0100004 
241 312 0.0100004 43 0.0100004 
113 158 0.0236695 43 0.0236695 
557 237 0.000640948 43 0.000640948 
574 306 0.00444461 43 0.00444461 
177 319 0.00277019 43 0.00277019 
480 313 0.00756173 43 0.00756173 
168 218 0.00216341 43 0.00216341 
83 281 0.00907064 43 0.00907064 
99 150 0.0236695 43 0.0236695 
163 280 0.00907064 43 0.00907064 
524 288 0.00308654 43 0.00308654 
442 268 0.00147935 43 0.00147935 
221 235 0.0177785 43 0.0177785 
549 285 0.000918309 43 0.000918309 
223 239 0.0123462 43 0.0123462 
402 257 0.00226766 43 0.00226766 
493 314 0.0100004 43 0.0100004 
85 318 0.00640025 43 0.00640025 
309 270 0.00237963 43 0.00237963 
482 247 0.00475643 43 0.00475643 
351 310 0.0138414 43 0.0138414 
317 257 0.0123462 43 0.0123462 
315 138 0.0156256 42 0.0156256 
224 242 0.0100004 42 0.0100004 
428 302 0.0330591 42 0.0330591 
528 244 0.0123462 42 0.0123462 
442 305 0.0330591 42 0.0330591 
412 261 0.0277788 42 0.0277788 
66 141 0.0277788 42 0.0277788 
319 263 0.00237963 42 0.00237963 
344 255 0.00326543 42 0.00326543 
424 302 0.00226766 42 0.00226766 
533 265 0.00142405 42 0.00142405 
94 182 0.0277788 42 0.0277788 
501 329 0.0177785 42 0.0177785 
303 300 0.0138414 42 0.0138414 
324 269 0.0277788 42 0.0277788 
114 274 0.00237963 42 0.00237963 
452 347 0.0277788 42 0.0277788 
43 311 0.0009766 42 0.0009766 
69 268 0.0123462 42 0.0123462 
236 253 0.0100004 41 0.0100004 
551 284 0.0236695 41 0.0236695 
212 103 0.0330591 41 0.0330591 
128 278 0.0100004 41 0.0100004 
163 254 0.0177785 41 0.0177785 
277 69 0.00326543 41 0.00326543 
39 338 0.00548718 41 0.00548718 
396 302 0.0330591 41 0.0330591 
465 282 0.000472608 41 0.000472608 
499 281 0.0177785 41 0.0177785 
439 317 0.00107502 41 0.00107502 
300 134 0.0156256 41 0.0156256 
462 337 0.0204089 41 0.0204089 
205 145 0.0177785 41 0.0177785 
315 309 0.0277788 41 0.0277788 
157 277 0.00444461 41 0.00444461 
141 248 0.00216341 41 0.00216341 
291 191 0.0330591 41 0.0330591 
334 259 0.0123462 41 0.0123462 
84 319 0.00308654 41 0.00308654 
163 277 0.00160006 41 0.00160006 
148 266 0.000771635 41 0.000771635 
308 160 0.0204089 41 0.0204089 
458 333 0.0330591 41 0.0330591 
40 336 0.0236695 41 0.0236695 
425 300 0.0025001 41 0.0025001 
280 340 0.0236695 41 0.0236695 
260 261 0.0236695 41 0.0236695 
40 314 0.0204089 40 0.0204089 
466 331 0.00826478 40 0.00826478 
404 272 0.00591739 40 0.00591739 
55 327 0.00826478 40 0.00826478 
501 308 0.00548718 40 0.00548718 
525 259 0.00907064 40 0.00907064 
458 303 0.00756173 40 0.00756173 
279 269 0.0025001 40 0.0025001 
418 322 0.0330591 40 0.0330591 
254 177 0.0204089 40 0.0204089 
165 191 0.00292195 40 0.00292195 
265 287 0.00826478 40 0.00826478 
7 292 0.0330591 40 0.0330591 
81 272 0.00367324 40 0.00367324 
83 139 0.0330591 40 0.0330591 
242 203 0.00118911 40 0.00118911 
324 283 0.0177785 40 0.0177785 
154 257 0.00444461 40 0.00444461 
518 297 0.00640025 39 0.00640025 
393 256 0.00444461 39 0.00444461 
140 238 0.00510224 39 0.00510224 
587 252 0.00475643 39 0.00475643 
219 142 0.0156256 39 0.0156256 
549 245 0.0009766 39 0.0009766 
291 252 0.0330591 39 0.0330591 
554 296 0.00694471 39 0.00694471 
61 149 0.00153793 39 0.00153793 
86 308 0.0123462 39 0.0123462 
50 274 0.00237963 39 0.00237963 
427 280 0.0204089 39 0.0204089 
254 189 0.0177785 39 0.0177785 
16 241 0.0177785 39 0.0177785 
457 305 0.00160006 39 0.00160006 
349 311 0.00346034 39 0.00346034 
187 197 0.0100004 39 0.0100004 
412 296 0.00756173 39 0.00756173 
542 184 0.0138414 38 0.0138414 
214 335 0.00591739 38 0.00591739 
147 221 0.0330591 38 0.0330591 
192 240 0.00826478 38 0.00826478 
282 326 0.00907064 38 0.00907064 
525 309 0.0236695 38 0.0236695 
40 318 0.0236695 38 0.0236695 
184 324 0.0236695 38 0.0236695 
447 131 0.0330591 38 0.0330591 
569 209 0.0236695 38 0.0236695 
61 171 0.0177785 38 0.0177785 
399 132 0.0177785 38 0.0177785 
38 284 0.00166604 38 0.00166604 
571 242 0.0204089 38 0.0204089 
566 297 0.00206619 38 0.00206619 
130 321 0.0025001 38 0.0025001 
591 284 0.0204089 38 0.0204089 
76 293 0.0156256 38 0.0156256 
285 232 0.00189043 38 0.00189043 
23 316 0.00694471 38 0.00694471 
390 298 0.0330591 38 0.0330591 
378 162 0.0236695 38 0.0236695 
287 308 0.00640025 38 0.00640025 
400 145 0.0204089 38 0.0204089 
292 339 0.0156256 38 0.0156256 
286 224 0.00308654 37 0.00308654 
39 172 0.0100004 37 0.0100004 
426 326 0.0025001 37 0.0025001 
278 92 0.00326543 37 0.00326543 
569 238 0.0110808 37 0.0110808 
156 221 0.00132236 37 0.00132236 
76 310 0.00826478 37 0.00826478 
558 303 0.0039064 37 0.0039064 
239 269 0.0236695 37 0.0236695 
123 229 0.0012312 37 0.0012312 
244 296 0.00756173 37 0.00756173 
333 312 0.00510224 37 0.00510224 
517 304 0.00756173 37 0.00756173 
195 267 0.0138414 37 0.0138414 
580 279 0.0277788 37 0.0277788 
245 322 0.00826478 37 0.00826478 
145 299 0.0204089 37 0.0204089 
325 330 0.0204089 37 0.0204089 
435 305 0.00292195 37 0.00292195 
137 224 0.0236695 37 0.0236695 
293 253 0.0277788 37 0.0277788 
375 247 0.0330591 37 0.0330591 
548 327 0.0156256 36 0.0156256 
531 321 0.00826478 36 0.00826478 
504 329 0.0156256 36 0.0156256 
418 305 0.00548718 36 0.00548718 
180 323 0.0138414 36 0.0138414 
158 223 0.000528492 36 0.000528492 
579 231 0.0277788 36 0.0277788 
594 337 0.0156256 36 0.0156256 
240 249 0.0330591 36 0.0330591 
279 264 0.00756173 36 0.00756173 
320 314 0.00756173 36 0.00756173 
540 252 0.00166604 36 0.00166604 
442 300 0.000553654 36 0.000553654 
325 307 0.0204089 36 0.0204089 
256 311 0.00292195 36 0.00292195 
31 321 0.00475643 36 0.00475643 
77 185 0.0177785 36 0.0177785 
139 323 0.00548718 36 0.00548718 
269 316 0.0177785 36 0.0177785 
350 293 0.0123462 36 0.0123462 
85 287 0.00640025 36 0.00640025 
157 310 0.000816358 36 0.000816358 
285 211 0.0110808 36 0.0110808 
226 254 0.00326543 36 0.00326543 
273 283 0.00326543 36 0.00326543 
248 244 0.0236695 36 0.0236695 
349 304 0.00308654 36 0.00308654 
485 252 0.0277788 35 0.0277788 
395 259 0.0236695 35 0.0236695 
282 116 0.0204089 35 0.0204089 
527 255 0.00548718 35 0.00548718 
273 260 0.0123462 35 0.0123462 
458 190 0.0330591 35 0.0330591 
556 195 0.0330591 35 0.0330591 
337 273 0.0177785 35 0.0177785 
257 256 0.00640025 35 0.00640025 
323 145 0.00444461 35 0.00444461 
327 337 0.0138414 35 0.0138414 
74 157 0.00694471 35 0.00694471 
315 108 0.0123462 35 0.0123462 
260 307 0.000840192 35 0.000840192 
31 314 0.00475643 35 0.00475643 
91 312 0.00640025 35 0.00640025 
21 142 0.00756173 35 0.00756173 
566 167 0.0100004 35 0.0100004 
327 137 0.0330591 35 0.0330591 
135 319 0.00367324 35 0.00367324 
11 280 0.0156256 35 0.0156256 
566 204 0.0156256 35 0.0156256 
449 252 0.00591739 35 0.00591739 
602 284 0.00756173 35 0.00756173 
455 333 0.0123462 35 0.0123462 
540 206 0.0012312 35 0.0012312 
267 305 0.00756173 35 0.00756173 
376 314 0.0012312 34 0.0012312 
442 309 0.00591739 34 0.00591739 
240 310 0.0277788 34 0.0277788 
365 263 0.0177785 34 0.0177785 
357 260 0.00826478 34 0.00826478 
95 141 0.00444461 34 0.00444461 
161 289 0.00308654 34 0.00308654 
466 252 0.000730488 34 0.000730488 
492 245 0.0110808 34 0.0110808 
449 216 0.0110808 34 0.0110808 
131 239 0.0025001 34 0.0025001 
193 302 0.00153793 34 0.00153793 
318 311 0.00262995 34 0.00262995 
134 284 0.00292195 34 0.00292195 
547 292 0.0236695 34 0.0236695 
433 273 0.00756173 34 0.00756173 
74 368 0.00510224 34 0.00510224 
378 310 0.00756173 34 0.00756173 
398 117 0.0204089 34 0.0204089 
413 334 0.0138414 34 0.0138414 
526 285 0.0204089 34 0.0204089 
576 281 0.00510224 34 0.00510224 
271 231 0.00694471 34 0.00694471 
159 289 0.00181084 34 0.00181084 
144 272 0.0156256 33 0.0156256 
476 265 0.00548718 33 0.00548718 
195 339 0.0330591 33 0.0330591 
96 139 0.0156256 33 0.0156256 
388 227 0.00756173 33 0.00756173 
22 290 0.00907064 33 0.00907064 
361 260 0.00591739 33 0.00591739 
469 321 0.0204089 33 0.0204089 
518 292 0.0236695 33 0.0236695 
451 258 0.0156256 33 0.0156256 
169 241 0.0156256 33 0.0156256 
420 254 0.0110808 33 0.0110808 
82 289 0.0236695 33 0.0236695 
525 267 0.00756173 33 0.00756173 
12 171 0.0100004 33 0.0100004 
573 206 0.0100004 33 0.0100004 
369 265 0.0100004 33 0.0100004 
551 281 0.0236695 33 0.0236695 
156 276 0.0236695 33 0.0236695 
543 213 0.0138414 33 0.0138414 
411 310 0.0204089 33 0.0204089 
266 252 0.0330591 33 0.0330591 
569 181 0.0177785 33 0.0177785 
160 200 0.00475643 33 0.00475643 
491 251 0.00216341 33 0.00216341 
366 312 0.0177785 33 0.0177785 
401 240 0.00826478 33 0.00826478 
374 233 0.0236695 33 0.0236695 
194 285 0.00591739 33 0.00591739 
351 317 0.0138414 33 0.0138414 
169 148 0.0204089 32 0.0204089 
66 286 0.00160006 32 0.00160006 
437 313 0.0100004 32 0.0100004 
19 340 0.0236695 32 0.0236695 
133 250 0.00160006 32 0.00160006 
532 319 0.00826478 32 0.00826478 
310 254 0.0204089 32 0.0204089 
405 255 0.00694471 32 0.00694471 
150 279 0.00510224 32 0.00510224 
137 246 0.0110808 32 0.0110808 
553 199 0.0204089 32 0.0204089 
161 211 0.0025001 32 0.0025001 
269 162 0.0236695 32 0.0236695 
323 142 0.00367324 32 0.00367324 
42 364 0.00326543 32 0.00326543 
306 195 0.0330591 32 0.0330591 
458 197 0.00907064 32 0.00907064 
527 317 0.00416249 32 0.00416249 
72 168 0.0330591 32 0.0330591 
174 197 0.00907064 32 0.00907064 
572 162 0.00591739 32 0.00591739 
223 153 0.0330591 32 0.0330591 
511 294 0.00277019 31 0.00277019 
550 187 0.00826478 31 0.00826478 
440 218 0.00591739 31 0.00591739 
237 148 0.00826478 31 0.00826478 
25 97 0.0330591 31 0.0330591 
83 173 0.0123462 31 0.0123462 
458 339 0.00510224 31 0.00510224 
361 271 0.00107502 31 0.00107502 
467 258 0.00226766 31 0.00226766 
45 309 0.00826478 31 0.00826478 
187 270 0.00907064 31 0.00907064 
534 243 0.0177785 31 0.0177785 
28 269 0.00826478 31 0.00826478 
477 296 0.00591739 31 0.00591739 
70 130 0.0330591 31 0.0330591 
250 297 0.0236695 31 0.0236695 
473 217 0.00510224 31 0.00510224 
327 301 0.00756173 31 0.00756173 
410 308 0.0177785 31 0.0177785 
415 261 0.00444461 31 0.00444461 
107 280 0.00147935 31 0.00147935 
142 178 0.0330591 31 0.0330591 
271 341 0.0330591 31 0.0330591 
411 301 0.0236695 31 0.0236695 
63 328 0.0330591 31 0.0330591 
205 216 0.0236695 31 0.0236695 
87 272 0.00226766 31 0.00226766 
495 248 0.00756173 31 0.00756173 
207 319 0.00206619 31 0.00206619 
380 264 0.0025001 31 0.0025001 
142 255 0.0236695 31 0.0236695 
131 294 0.0330591 31 0.0330591 
546 204 0.0123462 31 0.0123462 
468 295 0.00237963 31 0.00237963 
35 318 0.00308654 31 0.00308654 
280 252 0.0330591 31 0.0330591 
62 316 0.0204089 31 0.0204089 
318 273 0.0330591 31 0.0330591 
207 225 0.00756173 30 0.00756173 
153 201 0.00907064 30 0.00907064 
45 326 0.00142405 30 0.00142405 
290 157 0.00826478 30 0.00826478 
368 255 0.00694471 30 0.00694471 
108 287 0.0156256 30 0.0156256 
481 302 0.00166604 30 0.00166604 
453 327 0.00277019 30 0.00277019 
555 231 0.0277788 30 0.0277788 
446 94 0.0277788 30 0.0277788 
40 52 0.0277788 30 0.0277788 
326 165 0.0138414 30 0.0138414 
388 256 0.00132236 30 0.00132236 
27 83 0.0330591 30 0.0330591 
445 249 0.0110808 30 0.0110808 
60 324 0.0123462 30 0.0123462 
362 281 0.00111115 30 0.00111115 
506 255 0.00367324 30 0.00367324 
505 335 0.0204089 30 0.0204089 
448 323 0.00181084 30 0.00181084 
192 272 0.000292217 30 0.000292217 
51 132 0.0123462 30 0.0123462 
48 325 0.00292195 30 0.00292195 
88 169 0.00548718 30 0.00548718 
260 328 0.00308654 30 0.00308654 
201 270 0.00907064 30 0.00907064 
518 286 0.0277788 30 0.0277788 
240 301 0.0236695 30 0.0236695 
80 358 0.0177785 30 0.0177785 
177 315 0.0156256 30 0.0156256 
293 116 0.0330591 30 0.0330591 
193 288 0.00160006 30 0.00160006 
231 309 0.00591739 30 0.00591739 
355 227 0.00756173 30 0.00756173 
487 269 0.00147935 30 0.00147935 
414 238 0.0177785 30 0.0177785 
325 272 0.0177785 30 0.0177785 
293 314 0.0123462 30 0.0123462 
217 149 0.0110808 30 0.0110808 
62 190 0.00262995 29 0.00262995 
390 283 0.00907064 29 0.00907064 
179 185 0.0100004 29 0.0100004 
459 205 0.0138414 29 0.0138414 
137 297 0.0123462 29 0.0123462 
276 326 0.0330591 29 0.0330591 
295 306 0.00475643 29 0.00475643 
107 269 0.00142405 29 0.00142405 
459 339 0.0123462 29 0.0123462 
322 186 0.00694471 29 0.00694471 
474 309 0.0204089 29 0.0204089 
88 277 0.00756173 29 0.00756173 
246 314 0.00907064 29 0.00907064 
548 244 0.0138414 29 0.0138414 
487 268 0.00292195 29 0.00292195 
185 307 0.00756173 29 0.00756173 
168 198 0.000918309 29 0.000918309 
531 251 0.0138414 29 0.0138414 
264 234 0.0110808 29 0.0110808 
447 312 0.0330591 29 0.0330591 
480 260 0.0100004 29 0.0100004 
75 147 0.00346034 29 0.00346034 
75 266 0.00756173 29 0.00756173 
309 265 0.00591739 29 0.00591739 
39 329 0.0330591 29 0.0330591 
467 222 0.00237963 29 0.00237963 
501 256 0.0204089 29 0.0204089 
197 309 0.00475643 29 0.00475643 
18 145 0.00475643 29 0.00475643 
145 246 0.0123462 29 0.0123462 
398 289 0.00326543 29 0.00326543 
570 239 0.00548718 29 0.00548718 
245 322 0.0204089 29 0.0204089 
55 333 0.00510224 29 0.00510224 
266 192 0.00326543 29 0.00326543 
508 227 0.0204089 29 0.0204089 
19 235 0.00826478 28 0.00826478 
576 232 0.00510224 28 0.00510224 
23 330 0.00756173 28 0.00756173 
39 323 0.0330591 28 0.0330591 
379 177 0.0236695 28 0.0236695 
310 163 0.00137179 28 0.00137179 
246 335 0.0277788 28 0.0277788 
503 294 0.00292195 28 0.00292195 
335 313 0.0330591 28 0.0330591 
291 179 0.0156256 28 0.0156256 
165 195 0.00694471 28 0.00694471 
353 321 0.0236695 28 0.0236695 
269 188 0.00826478 28 0.00826478 
189 329 0.0156256 28 0.0156256 
476 257 0.00127556 28 0.00127556 
144 261 0.00756173 28 0.00756173 
377 258 0.000840192 28 0.000840192 
568 291 0.00367324 28 0.00367324 
325 338 0.0177785 28 0.0177785 
330 324 0.000865085 28 0.000865085 
184 168 0.0277788 28 0.0277788 
358 323 0.00262995 28 0.00262995 
17 325 0.0236695 28 0.0236695 
210 172 0.000730488 28 0.000730488 
38 142 0.0204089 28 0.0204089 
166 284 0.00118911 28 0.00118911 
439 300 0.00206619 28 0.00206619 
468 168 0.0177785 28 0.0177785 
367 261 0.00107502 28 0.00107502 
275 328 0.0277788 28 0.0277788 
207 265 0.000771635 28 0.000771635 
389 255 0.00346034 28 0.00346034 
262 303 0.00640025 28 0.00640025 
400 136 0.00640025 28 0.00640025 
343 305 0.0236695 28 0.0236695 
476 296 0.0012312 27 0.0012312 
537 231 0.0277788 27 0.0277788 
120 150 0.0277788 27 0.0277788 
474 253 0.0039064 27 0.0039064 
596 250 0.0123462 27 0.0123462 
237 303 0.00308654 27 0.00308654 
545 207 0.00132236 27 0.00132236 
13 284 0.0277788 27 0.0277788 
525 293 0.0277788 27 0.0277788 
400 311 0.00189043 27 0.00189043 
273 310 0.00694471 27 0.00694471 
271 203 0.0138414 27 0.0138414 
446 224 0.0138414 27 0.0138414 
473 300 0.00367324 27 0.00367324 
202 178 0.0177785 27 0.0177785 
54 320 0.00510224 27 0.00510224 
192 275 0.00416249 27 0.00416249 
87 114 0.00031889 27 0.00031889 
146 330 0.0177785 27 0.0177785 
114 276 0.00147935 27 0.00147935 
296 324 0.0177785 27 0.0177785 
571 214 0.0138414 27 0.0138414 
123 291 0.0123462 27 0.0123462 
48 328 0.00346034 27 0.00346034 
167 298 0.0177785 27 0.0177785 
242 238 0.0177785 27 0.0177785 
515 215 0.0204089 27 0.0204089 
233 336 0.0277788 27 0.0277788 
297 255 0.00640025 27 0.00640025 
136 251 0.00640025 27 0.00640025 
450 275 0.000918309 27 0.000918309 
328 135 0.0204089 27 0.0204089 
337 270 0.00510224 27 0.00510224 
464 291 0.000711138 27 0.000711138 
438 227 0.0330591 27 0.0330591 
81 280 0.000674676 26 0.000674676 
316 245 0.00907064 26 0.00907064 
223 268 0.0138414 26 0.0138414 
64 199 0.00756173 26 0.00756173 
440 242 0.00756173 26 0.00756173 
320 262 0.0177785 26 0.0177785 
21 268 0.0156256 26 0.0156256 
231 285 0.000260156 26 0.000260156 
288 223 0.00277019 26 0.00277019 
523 228 0.0123462 26 0.0123462 
308 255 0.00591739 26 0.00591739 
295 313 0.00444461 26 0.00444461 
581 340 0.0177785 26 0.0177785 
285 206 0.0277788 26 0.0277788 
222 315 0.00548718 26 0.00548718 
321 281 0.0100004 26 0.0100004 
552 187 0.0277788 26 0.0277788 
125 325 0.00166604 26 0.00166604 
437 343 0.0330591 26 0.0330591 
163 254 0.00326543 26 0.00326543 
178 243 0.0204089 26 0.0204089 
529 231 0.0277788 26 0.0277788 
22 122 0.0110808 26 0.0110808 
222 147 0.00826478 26 0.00826478 
295 254 0.0204089 26 0.0204089 
359 187 0.0110808 26 0.0110808 
10 331 0.0236695 26 0.0236695 
82 261 0.0204089 26 0.0204089 
485 287 0.00237963 26 0.00237963 
292 264 0.000840192 25 0.000840192 
366 172 0.00308654 25 0.00308654 
423 264 0.00444461 25 0.00444461 
400 316 0.00216341 25 0.00216341 
315 257 0.000342949 25 0.000342949 
152 271 0.00826478 25 0.00826478 
71 110 0.0177785 25 0.0177785 
557 337 0.00308654 25 0.00308654 
104 130 0.00173618 25 0.00173618 
314 127 0.0100004 25 0.0100004 
42 51 0.0204089 25 0.0204089 
457 283 0.0009766 25 0.0009766 
287 262 0.00262995 25 0.00262995 
495 285 0.0177785 25 0.0177785 
232 333 0.0330591 25 0.0330591 
55 271 0.000816358 25 0.000816358 
286 315 0.00189043 25 0.00189043 
29 343 0.00416249 25 0.00416249 
99 172 0.0277788 25 0.0277788 
305 170 0.0110808 25 0.0110808 
397 270 0.00907064 25 0.00907064 
370 206 0.0110808 25 0.0110808 
423 322 0.0177785 25 0.0177785 
78 322 0.0277788 25 0.0277788 
485 269 0.0025001 25 0.0025001 
186 326 0.00826478 25 0.00826478 
502 284 0.00548718 25 0.00548718 
440 232 0.0110808 25 0.0110808 
54 154 0.00226766 25 0.00226766 
54 318 0.00308654 25 0.00308654 
45 315 0.00907064 25 0.00907064 
87 264 0.00907064 25 0.00907064 
421 244 0.00756173 25 0.00756173 
253 310 0.0110808 25 0.0110808 
237 245 0.0277788 25 0.0277788 
214 237 0.00475643 25 0.00475643 
216 321 0.00444461 25 0.00444461 
474 283 0.00107502 25 0.00107502 
534 231 0.0277788 25 0.0277788 
536 294 0.00444461 25 0.00444461 
492 290 0.00444461 25 0.00444461 
575 183 0.0100004 25 0.0100004 
404 310 0.00640025 25 0.00640025 
18 327 0.00640025 25 0.00640025 
363 184 0.0204089 25 0.0204089 
469 246 0.00510224 25 0.00510224 
468 165 0.0204089 25 0.0204089 
479 317 0.0138414 25 0.0138414 
54 355 0.0100004 24 0.0100004 
509 341 0.0177785 24 0.0177785 
141 261 0.00756173 24 0.00756173 
403 294 0.00548718 24 0.00548718 
479 329 0.00548718 24 0.00548718 
16 294 0.0277788 24 0.0277788 
75 180 0.00444461 24 0.00444461 
366 307 0.0177785 24 0.0177785 
448 244 0.00591739 24 0.00591739 
327 243 0.0177785 24 0.0177785 
371 331 0.0236695 24 0.0236695 
545 329 0.0277788 24 0.0277788 
571 202 0.0156256 24 0.0156256 
351 326 0.000297277 24 0.000297277 
57 159 0.0277788 24 0.0277788 
465 309 0.0009766 24 0.0009766 
423 253 0.00237963 24 0.00237963 
590 274 0.0156256 24 0.0156256 
338 258 0.0025001 24 0.0025001 
248 179 0.00694471 24 0.00694471 
485 290 0.0236695 24 0.0236695 
396 173 0.00756173 24 0.00756173 
446 230 0.00756173 24 0.00756173 
301 251 0.000528492 24 0.000528492 
236 284 0.00510224 24 0.00510224 
585 335 0.00444461 24 0.00444461 
491 240 0.00197538 24 0.00197538 
506 250 0.00367324 24 0.00367324 
509 283 0.0156256 24 0.0156256 
87 185 0.0236695 24 0.0236695 
204 176 0.0330591 24 0.0330591 
554 283 0.000730488 24 0.000730488 
368 309 0.0110808 24 0.0110808 
88 276 0.000946782 24 0.000946782 
575 210 0.00756173 24 0.00756173 
468 221 0.0100004 24 0.0100004 
268 187 0.00262995 24 0.00262995 
481 322 0.00173618 24 0.00173618 
455 254 0.00100785 24 0.00100785 
284 257 0.00114914 24 0.00114914 
377 264 0.000840192 24 0.000840192 
256 306 0.000750639 24 0.000750639 
467 206 0.0100004 24 0.0100004 
276 305 0.00475643 24 0.00475643 
310 267 0.0277788 24 0.0277788 
343 239 0.00756173 24 0.00756173 
348 320 0.00132236 24 0.00132236 
209 261 0.0277788 24 0.0277788 
486 241 0.0277788 24 0.0277788 
156 328 0.00416249 24 0.00416249 
395 327 0.00346034 24 0.00346034 
445 234 0.00326543 24 0.00326543 
429 246 0.0236695 24 0.0236695 
349 151 0.0277788 24 0.0277788 
386 299 0.0204089 24 0.0204089 
241 301 0.0100004 24 0.0100004 
236 149 0.00367324 24 0.00367324 
328 269 0.0025001 24 0.0025001 
554 195 0.0100004 23 0.0100004 
547 199 0.00226766 23 0.00226766 
547 221 0.00416249 23 0.00416249 
477 289 0.00510224 23 0.00510224 
347 309 0.000865085 23 0.000865085 
241 236 0.0138414 23 0.0138414 
475 252 0.00237963 23 0.00237963 
518 309 0.00756173 23 0.00756173 
62 312 0.00756173 23 0.00756173 
38 158 0.0177785 23 0.0177785 
337 250 0.00694471 23 0.00694471 
39 42 0.0138414 23 0.0138414 
262 315 0.0204089 23 0.0204089 
370 317 0.00756173 23 0.00756173 
192 274 0.000408137 23 0.000408137 
159 276 0.0204089 23 0.0204089 
300 161 0.00591739 23 0.00591739 
396 161 0.00756173 23 0.00756173 
121 245 0.00475643 23 0.00475643 
231 186 0.0204089 23 0.0204089 
495 268 0.0204089 23 0.0204089 
451 300 0.00226766 23 0.00226766 
246 252 0.0204089 23 0.0204089 
562 205 0.0039064 23 0.0039064 
595 241 0.0204089 23 0.0204089 
402 233 0.0204089 23 0.0204089 
570 340 0.0138414 23 0.0138414 
368 272 0.00591739 23 0.00591739 
497 305 0.00346034 23 0.00346034 
290 251 0.000793524 23 0.000793524 
406 301 0.00367324 23 0.00367324 
166 283 0.00640025 23 0.00640025 
567 243 0.00367324 23 0.00367324 
77 285 0.00444461 23 0.00444461 
222 154 0.00189043 23 0.00189043 
320 296 0.0236695 23 0.0236695 
188 188 0.00367324 23 0.00367324 
459 250 0.00206619 23 0.00206619 
392 304 0.00197538 23 0.00197538 
70 129 0.00826478 23 0.00826478 
148 224 0.000287285 23 0.000287285 
539 205 0.00826478 23 0.00826478 
518 269 0.0277788 23 0.0277788 
9 151 0.0330591 23 0.0330591 
169 161 0.00206619 23 0.00206619 
432 274 0.00107502 23 0.00107502 
575 150 0.00181084 23 0.00181084 
444 246 0.00216341 23 0.00216341 
467 291 0.00206619 23 0.00206619 
30 147 0.0330591 23 0.0330591 
535 169 0.0138414 23 0.0138414 
178 204 0.00181084 22 0.00181084 
263 149 0.00907064 22 0.00907064 
583 313 0.0156256 22 0.0156256 
211 169 0.00640025 22 0.00640025 
135 160 0.0277788 22 0.0277788 
279 214 0.0204089 22 0.0204089 
67 204 0.0177785 22 0.0177785 
295 269 0.00262995 22 0.00262995 
241 175 0.00826478 22 0.00826478 
561 274 0.000566915 22 0.000566915 
228 322 0.0177785 22 0.0177785 
294 249 0.000692547 22 0.000692547 
18 328 0.0177785 22 0.0177785 
306 162 0.0123462 22 0.0123462 
141 331 0.00694471 22 0.00694471 
353 279 0.0156256 22 0.0156256 
226 150 0.0177785 22 0.0177785 
339 305 0.00277019 22 0.00277019 
489 301 0.00111115 22 0.00111115 
501 174 0.000840192 22 0.000840192 
530 261 0.00346034 22 0.00346034 
286 100 0.0100004 22 0.0100004 
601 323 0.0204089 22 0.0204089 
185 276 0.0330591 22 0.0330591 
265 327 0.0277788 22 0.0277788 
386 247 0.00907064 22 0.00907064 
361 237 0.00640025 22 0.00640025 
488 319 0.00475643 22 0.00475643 
182 156 0.00346034 22 0.00346034 
114 336 0.000793524 22 0.000793524 
590 239 0.00591739 22 0.00591739 
318 299 0.00548718 22 0.00548718 
159 326 0.00591739 22 0.00591739 
585 251 0.00216341 22 0.00216341 
452 315 0.000946782 22 0.000946782 
186 316 0.00907064 22 0.00907064 
227 209 0.0039064 22 0.0039064 
436 322 0.00548718 22 0.00548718 
76 320 0.00756173 22 0.00756173 
427 241 0.0236695 22 0.0236695 
557 325 0.000946782 22 0.000946782 
17 323 0.00510224 22 0.00510224 
249 302 0.0177785 22 0.0177785 
504 342 0.0204089 22 0.0204089 
316 239 0.0277788 22 0.0277788 
150 325 0.0025001 22 0.0025001 
459 264 0.0039064 22 0.0039064 
122 163 0.0156256 22 0.0156256 
580 185 0.00694471 22 0.00694471 
50 332 0.0277788 22 0.0277788 
506 276 0.0123462 22 0.0123462 
265 285 0.0012312 22 0.0012312 
219 188 0.0110808 21 0.0110808 
467 288 0.0330591 21 0.0330591 
273 199 0.0110808 21 0.0110808 
131 187 0.00826478 21 0.00826478 
388 262 0.00137179 21 0.00137179 
442 127 0.0100004 21 0.0100004 
521 246 0.0236695 21 0.0236695 
42 351 0.0204089 21 0.0204089 
256 176 0.0156256 21 0.0156256 
300 185 0.0204089 21 0.0204089 
550 206 0.0123462 21 0.0123462 
199 263 0.00640025 21 0.00640025 
233 181 0.0330591 21 0.0330591 
52 161 0.00346034 21 0.00346034 
23 308 0.0156256 21 0.0156256 
180 168 0.0236695 21 0.0236695 
214 244 0.00308654 21 0.00308654 
266 262 0.00237963 21 0.00237963 
523 249 0.0123462 21 0.0123462 
376 223 0.0110808 21 0.0110808 
140 240 0.0123462 21 0.0123462 
510 167 0.000540854 21 0.000540854 
175 314 0.0236695 21 0.0236695 
399 266 0.0138414 21 0.0138414 
449 144 0.0156256 21 0.0156256 
563 288 0.0025001 21 0.0025001 
403 291 0.0204089 21 0.0204089 
368 174 0.0156256 21 0.0156256 
235 272 0.00475643 21 0.00475643 
262 310 0.0204089 21 0.0204089 
540 252 0.000891101 21 0.000891101 
583 166 0.0138414 21 0.0138414 
181 261 0.0277788 21 0.0277788 
408 306 0.0123462 21 0.0123462 
456 248 0.00756173 21 0.00756173 
540 223 0.00591739 21 0.00591739 
157 137 0.0277788 21 0.0277788 
69 281 0.000434044 21 0.000434044 
235 326 0.0025001 21 0.0025001 
538 237 0.00197538 21 0.00197538 
468 173 0.0177785 21 0.0177785 
136 255 0.0236695 21 0.0236695 
199 277 0.0236695 21 0.0236695 
302 338 0.00206619 21 0.00206619 
548 211 0.00907064 21 0.00907064 
143 291 0.00591739 21 0.00591739 
217 160 0.0177785 21 0.0177785 
249 330 0.0009766 21 0.0009766 
99 357 0.00640025 21 0.00640025 
296 334 0.0177785 21 0.0177785 
103 206 0.000493846 21 0.000493846 
215 230 0.0138414 21 0.0138414 
151 216 0.000657487 21 0.000657487 
430 305 0.0177785 21 0.0177785 
417 319 0.000793524 21 0.000793524 
34 271 0.0177785 21 0.0177785 
283 119 0.0123462 21 0.0123462 
546 324 0.0330591 21 0.0330591 
453 303 0.00044323 21 0.00044323 
268 114 0.0156256 21 0.0156256 
10 288 0.0138414 21 0.0138414 
573 338 0.00292195 21 0.00292195 
417 236 0.0330591 21 0.0330591 
526 295 0.0236695 21 0.0236695 
75 318 0.00907064 21 0.00907064 
361 231 0.0138414 21 0.0138414 
590 267 0.0156256 21 0.0156256 
529 242 0.00416249 21 0.00416249 
570 293 0.0110808 21 0.0110808 
386 294 0.0123462 20 0.0123462 
126 261 0.00292195 20 0.00292195 
373 153 0.0277788 20 0.0277788 
358 300 0.00444461 20 0.00444461 
555 199 0.00694471 20 0.00694471 
402 334 0.00907064 20 0.00907064 
92 291 0.0123462 20 0.0123462 
143 219 0.00826478 20 0.00826478 
575 347 0.00510224 20 0.00510224 
131 253 0.0177785 20 0.0177785 
125 219 0.00216341 20 0.00216341 
199 238 0.00173618 20 0.00173618 
120 233 0.00826478 20 0.00826478 
314 135 0.0110808 20 0.0110808 
522 319 0.00262995 20 0.00262995 
147 255 0.0236695 20 0.0236695 
225 252 0.00166604 20 0.00166604 
465 218 0.0177785 20 0.0177785 
101 231 0.0123462 20 0.0123462 
301 314 0.00907064 20 0.00907064 
92 279 0.000216271 20 0.000216271 
376 286 0.000528492 20 0.000528492 
285 298 0.0177785 20 0.0177785 
160 199 0.000711138 20 0.000711138 
30 151 0.0330591 20 0.0330591 
156 119 0.0277788 20 0.0277788 
434 265 0.00107502 20 0.00107502 
484 292 0.00118911 20 0.00118911 
535 284 0.00475643 20 0.00475643 
281 234 0.0110808 20 0.0110808 
288 64 0.0177785 20 0.0177785 
146 252 0.00694471 20 0.00694471 
274 193 0.0236695 20 0.0236695 
53 308 0.00166604 20 0.00166604 
465 216 0.00756173 20 0.00756173 
128 220 0.0156256 20 0.0156256 
303 307 0.00694471 20 0.00694471 
313 112 0.00694471 20 0.00694471 
277 179 0.00326543 20 0.00326543 
360 333 0.00640025 20 0.00640025 
183 322 0.00475643 20 0.00475643 
306 192 0.0277788 20 0.0277788 
113 146 0.00907064 20 0.00907064 
388 269 0.00166604 20 0.00166604 
145 224 0.00548718 20 0.00548718 
583 186 0.00591739 20 0.00591739 
223 268 0.0330591 20 0.0330591 
439 283 0.00111115 20 0.00111115 
294 256 0.00475643 20 0.00475643 
60 369 0.00367324 20 0.00367324 
295 146 0.0177785 20 0.0177785 
176 227 0.00226766 20 0.00226766 
291 222 0.0025001 20 0.0025001 
594 344 0.0177785 20 0.0177785 
419 136 0.0156256 20 0.0156256 
289 346 0.0177785 20 0.0177785 
91 272 0.000236695 19 0.000236695 
516 294 0.00189043 19 0.00189043 
274 237 0.0204089 19 0.0204089 
219 119 0.00694471 19 0.00694471 
198 238 0.000946782 19 0.000946782 
161 278 0.00308654 19 0.00308654 
386 272 0.0123462 19 0.0123462 
447 313 0.00206619 19 0.00206619 
588 187 0.00416249 19 0.00416249 
281 290 0.00166604 19 0.00166604 
174 266 0.00031889 19 0.00031889 
67 192 0.00346034 19 0.00346034 
264 198 0.00367324 19 0.00367324 
102 160 0.0330591 19 0.0330591 
435 326 0.0330591 19 0.0330591 
199 173 0.0100004 19 0.0100004 
346 323 0.0330591 19 0.0330591 
311 298 0.00262995 19 0.00262995 
46 216 0.0330591 19 0.0330591 
240 143 0.0156256 19 0.0156256 
512 340 0.0110808 19 0.0110808 
308 327 0.00173618 19 0.00173618 
88 154 0.000425141 19 0.000425141 
157 193 0.0177785 19 0.0177785 
30 154 0.0330591 19 0.0330591 
573 297 0.000865085 19 0.000865085 
209 247 0.0110808 19 0.0110808 
200 252 0.00694471 19 0.00694471 
223 274 0.00826478 19 0.00826478 
70 272 0.00367324 19 0.00367324 
237 315 0.00308654 19 0.00308654 
534 217 0.0330591 19 0.0330591 
78 270 0.000307799 19 0.000307799 
216 310 0.00292195 19 0.00292195 
23 91 0.0100004 19 0.0100004 
281 124 0.00640025 19 0.00640025 
329 304 0.00137179 19 0.00137179 
331 278 0.0277788 19 0.0277788 
294 290 0.00181084 19 0.00181084 
425 268 0.00346034 19 0.00346034 
308 319 0.00216341 19 0.00216341 
192 249 0.00181084 19 0.00181084 
537 297 0.0100004 19 0.0100004 
360 247 0.0330591 19 0.0330591 
216 311 0.00510224 19 0.00510224 
430 259 0.0123462 19 0.0123462 
484 258 0.00216341 19 0.00216341 
289 254 0.0204089 19 0.0204089 
390 264 0.0039064 19 0.0039064 
580 278 0.00346034 19 0.00346034 
288 277 0.00548718 19 0.00548718 
88 240 0.00475643 19 0.00475643 
525 281 0.0236695 19 0.0236695 
293 299 0.000891101 19 0.000891101 
506 229 0.0123462 19 0.0123462 
58 189 0.00216341 19 0.00216341 
446 103 0.0277788 19 0.0277788 
87 145 0.00114914 19 0.00114914 
472 299 0.000516549 18 0.000516549 
396 292 0.00262995 18 0.00262995 
44 326 0.00237963 18 0.00237963 
418 121 0.00114914 18 0.00114914 
301 309 0.000609687 18 0.000609687 
344 186 0.00907064 18 0.00907064 
304 269 0.000580658 18 0.000580658 
391 311 0.0039064 18 0.0039064 
453 297 0.0177785 18 0.0177785 
284 98 0.00694471 18 0.00694471 
303 275 0.00160006 18 0.00160006 
512 247 0.00756173 18 0.00756173 
162 291 0.00591739 18 0.00591739 
85 141 0.0177785 18 0.0177785 
562 214 0.00226766 18 0.00226766 
77 299 0.00826478 18 0.00826478 
251 188 0.00107502 18 0.00107502 
370 227 0.00197538 18 0.00197538 
272 252 0.0330591 18 0.0330591 
379 295 0.00216341 18 0.00216341 
60 279 0.00591739 18 0.00591739 
297 192 0.0177785 18 0.0177785 
225 283 0.00104062 18 0.00104062 
297 229 0.00132236 18 0.00132236 
440 261 0.0330591 18 0.0330591 
296 265 0.00640025 18 0.00640025 
435 289 0.0025001 18 0.0025001 
446 89 0.0277788 18 0.0277788 
371 239 0.00694471 18 0.00694471 
175 282 0.00907064 18 0.00907064 
311 300 0.0330591 18 0.0330591 
590 149 0.00756173 18 0.00756173 
535 250 0.00475643 18 0.00475643 
387 146 0.0236695 18 0.0236695 
88 284 0.00907064 18 0.00907064 
515 312 0.0123462 18 0.0123462 
575 300 0.0100004 18 0.0100004 
466 241 0.0277788 18 0.0277788 
194 299 0.000891101 18 0.000891101 
223 181 0.00166604 18 0.00166604 
542 244 0.0123462 18 0.0123462 
152 283 0.000891101 18 0.000891101 
243 241 0.0204089 18 0.0204089 
321 272 0.0123462 18 0.0123462 
485 223 0.0110808 18 0.0110808 
379 143 0.00640025 18 0.00640025 
286 219 0.00444461 18 0.00444461 
303 252 0.0100004 18 0.0100004 
411 287 0.00694471 18 0.00694471 
388 274 0.000190257 18 0.000190257 
354 283 0.00826478 18 0.00826478 
35 79 0.0236695 18 0.0236695 
489 225 0.0156256 18 0.0156256 
16 176 0.00591739 18 0.00591739 
271 272 0.00277019 18 0.00277019 
270 309 0.000452711 18 0.000452711 
328 310 0.00132236 18 0.00132236 
468 184 0.0156256 17 0.0156256 
269 304 0.00326543 17 0.00326543 
313 280 0.00346034 17 0.00346034 
238 284 0.0025001 17 0.0025001 
396 134 0.00416249 17 0.00416249 
38 86 0.00826478 17 0.00826478 
160 234 0.0236695 17 0.0236695 
434 123 0.00367324 17 0.00367324 
212 196 0.00346034 17 0.00346034 
400 153 0.0330591 17 0.0330591 
233 184 0.00367324 17 0.00367324 
404 338 0.0177785 17 0.0177785 
288 308 0.000657487 17 0.000657487 
565 328 0.0110808 17 0.0110808 
365 229 0.00548718 17 0.00548718 
456 210 0.00237963 17 0.00237963 
387 246 0.00444461 17 0.00444461 
556 341 0.0204089 17 0.0204089 
265 147 0.0039064 17 0.0039064 
301 289 0.00132236 17 0.00132236 
311 244 0.00548718 17 0.00548718 
538 288 0.00181084 17 0.00181084 
402 167 0.00326543 17 0.00326543 
561 278 0.0330591 17 0.0330591 
506 309 0.000840192 17 0.000840192 
78 160 0.0123462 17 0.0123462 
331 112 0.0138414 17 0.0138414 
475 300 0.00216341 17 0.00216341 
595 291 0.0277788 17 0.0277788 
583 161 0.00591739 17 0.00591739 
568 352 0.00100785 17 0.00100785 
566 313 0.0177785 17 0.0177785 
308 300 0.00907064 17 0.00907064 
350 235 0.00147935 17 0.00147935 
197 210 0.0177785 17 0.0177785 
81 373 0.00237963 17 0.00237963 
394 289 0.000493846 17 0.000493846 
370 226 0.0177785 17 0.0177785 
91 325 0.00181084 17 0.00181084 
134 305 0.0277788 17 0.0277788 
425 266 0.00181084 17 0.00181084 
502 287 0.00262995 17 0.00262995 
539 292 0.00346034 17 0.00346034 
387 258 0.00262995 17 0.00262995 
398 274 0.00166604 17 0.00166604 
23 200 0.00262995 17 0.00262995 
259 180 0.00826478 17 0.00826478 
333 306 0.0236695 17 0.0236695 
49 328 0.0123462 17 0.0123462 
489 289 0.0100004 17 0.0100004 
190 142 0.00262995 17 0.00262995 
359 184 0.0100004 17 0.0100004 
533 310 0.0123462 17 0.0123462 
130 252 0.000793524 17 0.000793524 
100 288 0.000946782 17 0.000946782 
334 261 0.000213126 17 0.000213126 
315 326 0.0012312 17 0.0012312 
53 304 0.000625024 17 0.000625024 
171 239 0.00826478 17 0.00826478 
49 314 0.0236695 17 0.0236695 
351 241 0.0123462 17 0.0123462 
548 190 0.00510224 17 0.00510224 
537 209 0.00640025 17 0.00640025 
200 315 0.0330591 17 0.0330591 
589 229 0.0204089 17 0.0204089 
117 160 0.00907064 17 0.00907064 
145 286 0.0123462 17 0.0123462 
356 283 0.00756173 16 0.00756173 
261 324 0.0236695 16 0.0236695 
294 229 0.00142405 16 0.00142405 
92 372 0.0156256 16 0.0156256 
244 192 0.000793524 16 0.000793524 
192 207 0.00694471 16 0.00694471 
515 315 0.0123462 16 0.0123462 
285 152 0.0039064 16 0.0039064 
173 213 0.000793524 16 0.000793524 
275 332 0.00292195 16 0.00292195 
495 304 0.00694471 16 0.00694471 
528 102 0.0100004 16 0.0100004 
72 261 0.000408137 16 0.000408137 
538 224 0.00640025 16 0.00640025 
285 241 0.00416249 16 0.00416249 
237 316 0.00548718 16 0.00548718 
183 230 0.00181084 16 0.00181084 
539 248 0.00694471 16 0.00694471 
46 297 0.000891101 16 0.000891101 
104 363 0.00346034 16 0.00346034 
260 327 0.0277788 16 0.0277788 
139 185 0.0330591 16 0.0330591 
51 282 0.00444461 16 0.00444461 
559 327 0.0110808 16 0.0110808 
116 200 0.00132236 16 0.00132236 
194 317 0.000692547 16 0.000692547 
426 318 0.00826478 16 0.00826478 
563 210 0.00277019 16 0.00277019 
489 335 0.0156256 16 0.0156256 
249 269 0.00548718 16 0.00548718 
267 341 0.0123462 16 0.0123462 
345 281 0.00111115 16 0.00111115 
86 123 0.00166604 16 0.00166604 
181 335 0.0330591 16 0.0330591 
177 270 0.0100004 16 0.0100004 
205 237 0.0110808 16 0.0110808 
189 246 0.0039064 16 0.0039064 
449 274 0.00166604 16 0.00166604 
99 286 0.00173618 16 0.00173618 
565 161 0.0204089 16 0.0204089 
566 130 0.0110808 16 0.0110808 
467 215 0.00367324 16 0.00367324 
230 277 0.00262995 16 0.00262995 
47 228 0.0039064 16 0.0039064 
96 173 0.00346034 16 0.00346034 
157 230 0.0204089 16 0.0204089 
285 156 0.0236695 16 0.0236695 
530 216 0.00262995 16 0.00262995 
226 181 0.00694471 16 0.00694471 
573 297 0.00206619 16 0.00206619 
472 292 0.00640025 15 0.00640025 
148 282 0.00206619 15 0.00206619 
202 167 0.0330591 15 0.0330591 
606 150 0.0330591 15 0.0330591 
556 216 0.00277019 15 0.00277019 
454 174 0.0138414 15 0.0138414 
521 317 0.0123462 15 0.0123462 
100 320 0.0025001 15 0.0025001 
155 265 0.00262995 15 0.00262995 
533 195 0.00640025 15 0.00640025 
369 307 0.00197538 15 0.00197538 
403 142 0.0110808 15 0.0110808 
578 289 0.00640025 15 0.00640025 
389 176 0.0330591 15 0.0330591 
588 166 0.0138414 15 0.0138414 
392 299 0.0110808 15 0.0110808 
162 195 0.00206619 15 0.00206619 
241 152 0.0156256 15 0.0156256 
137 162 0.000840192 15 0.000840192 
368 292 0.0204089 15 0.0204089 
61 170 0.00416249 15 0.00416249 
177 265 0.000185115 15 0.000185115 
227 287 0.00226766 15 0.00226766 
111 246 0.0204089 15 0.0204089 
460 221 0.0204089 15 0.0204089 
472 169 0.00907064 15 0.00907064 
95 180 0.00591739 15 0.00591739 
436 223 0.00346034 15 0.00346034 
309 185 0.0204089 15 0.0204089 
538 325 0.0330591 15 0.0330591 
351 154 0.0156256 15 0.0156256 
231 203 0.0100004 15 0.0100004 
95 247 0.0138414 15 0.0138414 
234 244 0.0138414 15 0.0138414 
520 311 0.0177785 15 0.0177785 
473 277 0.000640948 15 0.000640948 
578 280 0.000793524 15 0.000793524 
202 138 0.00907064 15 0.00907064 
514 257 0.0110808 15 0.0110808 
303 97 0.0123462 15 0.0123462 
465 93 0.00444461 15 0.00444461 
95 124 0.00277019 15 0.00277019 
36 222 0.0177785 15 0.0177785 
30 271 0.0177785 15 0.0177785 
162 152 0.00591739 15 0.00591739 
187 236 0.0330591 15 0.0330591 
551 106 0.0156256 15 0.0156256 
337 292 0.0177785 15 0.0177785 
212 211 0.00132236 15 0.00132236 
140 265 0.00189043 15 0.00189043 
410 314 0.00548718 15 0.00548718 
119 206 0.00756173 15 0.00756173 
271 306 0.00153793 15 0.00153793 
198 273 0.00548718 15 0.00548718 
253 155 0.0277788 15 0.0277788 
422 267 0.0156256 15 0.0156256 
462 246 0.000657487 15 0.000657487 
539 284 0.0277788 15 0.0277788 
360 281 0.000408137 15 0.000408137 
436 286 0.00510224 15 0.00510224 
492 283 0.000750639 15 0.000750639 
334 324 0.00591739 15 0.00591739 
193 331 0.0009766 15 0.0009766 
117 249 0.00142405 15 0.00142405 
196 150 0.0277788 15 0.0277788 
472 269 0.00326543 15 0.00326543 
598 235 0.0277788 15 0.0277788 
149 302 0.0100004 15 0.0100004 
61 207 0.0236695 15 0.0236695 
192 293 0.0236695 15 0.0236695 
574 251 0.0100004 15 0.0100004 
521 270 0.0009766 15 0.0009766 
459 218 0.00548718 15 0.00548718 
564 116 0.0236695 15 0.0236695 
517 318 0.00189043 15 0.00189043 
41 51 0.00548718 15 0.00548718 
14 295 0.0236695 15 0.0236695 
528 253 0.0277788 15 0.0277788 
109 181 0.00308654 15 0.00308654 
456 258 0.00756173 15 0.00756173 
236 195 0.00826478 15 0.00826478 
308 235 0.0123462 14 0.0123462 
367 223 0.0100004 14 0.0100004 
415 262 0.0025001 14 0.0025001 
87 177 0.00118911 14 0.00118911 
391 242 0.00132236 14 0.00132236 
396 264 0.0025001 14 0.0025001 
244 213 0.00173618 14 0.00173618 
130 223 0.0177785 14 0.0177785 
491 257 0.00189043 14 0.00189043 
479 264 0.00160006 14 0.00160006 
498 299 0.00132236 14 0.00132236 
386 287 0.0204089 14 0.0204089 
123 209 0.000730488 14 0.000730488 
502 268 0.00510224 14 0.00510224 
67 288 0.00640025 14 0.00640025 
480 227 0.0277788 14 0.0277788 
155 269 0.000594907 14 0.000594907 
523 294 0.000408137 14 0.000408137 
191 209 0.000425141 14 0.000425141 
214 172 0.0123462 14 0.0123462 
86 276 0.00510224 14 0.00510224 
483 274 0.00111115 14 0.00111115 
467 256 0.0039064 14 0.0039064 
264 149 0.00416249 14 0.00416249 
520 252 0.0236695 14 0.0236695 
388 299 0.00147935 14 0.00147935 
35 55 0.00308654 14 0.00308654 
58 156 0.0177785 14 0.0177785 
334 183 0.0156256 14 0.0156256 
320 163 0.00591739 14 0.00591739 
31 335 0.00475643 14 0.00475643 
437 302 0.000342949 14 0.000342949 
231 146 0.0025001 14 0.0025001 
299 172 0.0204089 14 0.0204089 
61 178 0.00114914 14 0.00114914 
252 158 0.0330591 14 0.0330591 
135 252 0.0138414 14 0.0138414 
548 232 0.000918309 14 0.000918309 
337 234 0.0277788 14 0.0277788 
163 320 0.00756173 14 0.00756173 
110 188 0.0009766 14 0.0009766 
175 276 0.000730488 14 0.000730488 
351 256 0.00137179 14 0.00137179 
198 245 0.0177785 14 0.0177785 
341 330 0.00262995 14 0.00262995 
138 325 0.000377053 14 0.000377053 
275 256 0.00475643 14 0.00475643 
434 252 0.00640025 14 0.00640025 
539 285 0.00367324 14 0.00367324 
374 111 0.00591739 14 0.00591739 
161 246 0.00510224 14 0.00510224 
396 327 0.00206619 14 0.00206619 
368 333 0.0138414 14 0.0138414 
569 207 0.00510224 14 0.00510224 
403 181 0.0330591 14 0.0330591 
223 281 0.0138414 14 0.0138414 
587 283 0.0123462 14 0.0123462 
348 326 0.00160006 14 0.00160006 
270 239 0.0330591 14 0.0330591 
204 276 0.00548718 14 0.00548718 
106 219 0.00173618 14 0.00173618 
115 291 0.00237963 14 0.00237963 
475 223 0.0039064 14 0.0039064 
372 303 0.0277788 14 0.0277788 
399 158 0.0138414 14 0.0138414 
62 105 0.000793524 14 0.000793524 
104 101 0.0156256 14 0.0156256 
189 197 0.0277788 14 0.0277788 
488 233 0.00510224 14 0.00510224 
286 293 0.0012312 14 0.0012312 
373 226 0.0177785 14 0.0177785 
381 248 0.00694471 14 0.00694471 
412 330 0.0236695 14 0.0236695 
13 260 0.0330591 14 0.0330591 
418 301 0.00160006 14 0.00160006 
472 183 0.00826478 14 0.00826478 
42 264 0.0204089 14 0.0204089 
541 274 0.000891101 14 0.000891101 
193 345 0.0100004 14 0.0100004 
455 148 0.00510224 13 0.00510224 
227 265 0.0138414 13 0.0138414 
497 328 0.0110808 13 0.0110808 
514 263 0.0110808 13 0.0110808 
168 292 0.00694471 13 0.00694471 
145 179 0.00197538 13 0.00197538 
417 147 0.0110808 13 0.0110808 
157 283 0.0156256 13 0.0156256 
80 280 0.00292195 13 0.00292195 
595 144 0.0204089 13 0.0204089 
399 176 0.0123462 13 0.0123462 
34 318 0.00694471 13 0.00694471 
169 285 0.00292195 13 0.00292195 
542 266 0.000324661 13 0.000324661 
576 216 0.0236695 13 0.0236695 
534 307 0.00262995 13 0.00262995 
453 308 0.0204089 13 0.0204089 
91 282 0.0330591 13 0.0330591 
384 288 0.000750639 13 0.000750639 
334 332 0.00475643 13 0.00475643 
277 236 0.0156256 13 0.0156256 
35 352 0.0204089 13 0.0204089 
99 247 0.0236695 13 0.0236695 
27 132 0.00640025 13 0.00640025 
136 233 0.00166604 13 0.00166604 
421 227 0.0277788 13 0.0277788 
52 342 0.0156256 13 0.0156256 
379 274 0.0025001 13 0.0025001 
191 209 0.00694471 13 0.00694471 
330 288 0.0156256 13 0.0156256 
212 125 0.0330591 13 0.0330591 
350 341 0.000377053 13 0.000377053 
233 322 0.0138414 13 0.0138414 
357 233 0.0204089 13 0.0204089 
473 292 0.00367324 13 0.00367324 
380 255 0.00416249 13 0.00416249 
236 302 0.00166604 13 0.00166604 
131 226 0.0330591 13 0.0330591 
65 282 0.00142405 13 0.00142405 
118 242 0.00346034 13 0.00346034 
30 344 0.0138414 13 0.0138414 
160 271 0.00756173 13 0.00756173 
159 241 0.0012312 13 0.0012312 
266 321 0.00181084 13 0.00181084 
250 262 0.000164372 13 0.000164372 
302 315 0.00206619 13 0.00206619 
221 179 0.000793524 13 0.000793524 
472 302 0.000730488 13 0.000730488 
37 285 0.00100785 13 0.00100785 
430 231 0.00640025 13 0.00640025 
362 281 0.00548718 13 0.00548718 
327 237 0.000362826 13 0.000362826 
483 290 0.000816358 13 0.000816358 
393 296 0.000540854 13 0.000540854 
458 216 0.00160006 13 0.00160006 
131 206 0.000625024 13 0.000625024 
256 263 0.00277019 13 0.00277019 
208 313 0.000711138 13 0.000711138 
272 272 0.0330591 13 0.0330591 
103 163 0.000264403 13 0.000264403 
302 186 0.0156256 13 0.0156256 
62 154 0.00326543 13 0.00326543 
378 109 0.00262995 13 0.00262995 
51 232 0.0025001 13 0.0025001 
539 113 0.00262995 13 0.00262995 
138 126 0.00197538 13 0.00197538 
153 331 0.00308654 13 0.00308654 
224 281 0.0039064 13 0.0039064 
580 339 0.00277019 13 0.00277019 
578 144 0.0330591 13 0.0330591 
557 288 0.0204089 13 0.0204089 
516 301 0.00326543 13 0.00326543 
541 250 0.00510224 13 0.00510224 
577 342 0.00206619 13 0.00206619 
576 237 0.00142405 13 0.00142405 
185 198 0.00826478 13 0.00826478 
593 200 0.00907064 13 0.00907064 
222 137 0.00756173 12 0.00756173 
246 181 0.00346034 12 0.00346034 
83 186 0.0204089 12 0.0204089 
416 248 0.00475643 12 0.00475643 
143 170 0.00826478 12 0.00826478 
80 174 0.00907064 12 0.00907064 
516 249 0.00510224 12 0.00510224 
123 283 0.00308654 12 0.00308654 
69 133 0.00548718 12 0.00548718 
111 168 0.00416249 12 0.00416249 
470 211 0.00694471 12 0.00694471 
303 233 0.00826478 12 0.00826478 
402 168 0.00153793 12 0.00153793 
516 138 0.000566915 12 0.000566915 
543 286 0.0156256 12 0.0156256 
585 241 0.0123462 12 0.0123462 
169 281 0.00907064 12 0.00907064 
379 300 0.00262995 12 0.00262995 
336 184 0.00591739 12 0.00591739 
37 226 0.0123462 12 0.0123462 
388 255 0.00640025 12 0.00640025 
242 247 0.00907064 12 0.00907064 
81 249 0.000483052 12 0.000483052 
389 172 0.0330591 12 0.0330591 
444 280 0.0236695 12 0.0236695 
364 229 0.0110808 12 0.0110808 
508 258 0.00756173 12 0.00756173 
265 330 0.0277788 12 0.0277788 
482 290 0.00189043 12 0.00189043 
72 328 0.0177785 12 0.0177785 
448 273 0.000369837 12 0.000369837 
198 320 0.00510224 12 0.00510224 
193 214 0.0177785 12 0.0177785 
449 310 0.000657487 12 0.000657487 
522 166 0.0236695 12 0.0236695 
387 168 0.00548718 12 0.00548718 
466 276 0.00160006 12 0.00160006 
226 159 0.0123462 12 0.0123462 
30 158 0.0330591 12 0.0330591 
142 315 0.00907064 12 0.00907064 
262 230 0.0330591 12 0.0330591 
304 270 0.000918309 12 0.000918309 
185 332 0.00591739 12 0.00591739 
252 329 0.00181084 12 0.00181084 
61 321 0.00326543 12 0.00326543 
569 246 0.0110808 12 0.0110808 
267 315 0.0039064 12 0.0039064 
443 214 0.00907064 12 0.00907064 
556 212 0.00367324 12 0.00367324 
455 318 0.0039064 12 0.0039064 
558 241 0.000392133 12 0.000392133 
179 125 0.00907064 12 0.00907064 
437 252 0.0012312 12 0.0012312 
221 212 0.00907064 12 0.00907064 
456 276 0.000657487 12 0.000657487 
444 318 0.0177785 12 0.0177785 
197 156 0.0177785 12 0.0177785 
119 141 0.00548718 12 0.00548718 
88 130 0.00756173 12 0.00756173 
363 304 0.00308654 12 0.00308654 
287 260 0.00694471 12 0.00694471 
236 184 0.00197538 12 0.00197538 
137 277 0.00153793 12 0.00153793 
256 210 0.00326543 12 0.00326543 
143 131 0.00292195 12 0.00292195 
305 138 0.0330591 12 0.0330591 
80 314 0.00475643 12 0.00475643 
220 295 0.00137179 12 0.00137179 
157 292 0.00694471 12 0.00694471 
529 271 0.0138414 12 0.0138414 
353 184 0.00756173 12 0.00756173 
19 272 0.00367324 12 0.00367324 
472 299 0.00694471 12 0.00694471 
595 178 0.0123462 12 0.0123462 
223 281 0.0330591 12 0.0330591 
386 330 0.0012312 12 0.0012312 
69 276 0.00197538 12 0.00197538 
368 300 0.0100004 12 0.0100004 
439 226 0.00444461 12 0.00444461 
522 234 0.0138414 12 0.0138414 
444 338 0.00346034 12 0.00346034 
443 217 0.0277788 11 0.0277788 
292 161 0.00308654 11 0.00308654 
534 227 0.000483052 11 0.000483052 
240 247 0.0204089 11 0.0204089 
237 262 0.0204089 11 0.0204089 
518 246 0.00367324 11 0.00367324 
260 145 0.0156256 11 0.0156256 
309 167 0.00694471 11 0.00694471 
301 165 0.00206619 11 0.00206619 
78 325 0.000946782 11 0.000946782 
282 269 0.0204089 11 0.0204089 
338 276 0.00367324 11 0.00367324 
150 175 0.00548718 11 0.00548718 
182 321 0.0100004 11 0.0100004 
304 264 0.00153793 11 0.00153793 
594 278 0.00826478 11 0.00826478 
562 232 0.00444461 11 0.00444461 
187 208 0.000674676 11 0.000674676 
84 365 0.00367324 11 0.00367324 
70 185 0.0177785 11 0.0177785 
385 341 0.0177785 11 0.0177785 
485 89 0.0330591 11 0.0330591 
30 144 0.0330591 11 0.0330591 
448 265 0.00104062 11 0.00104062 
95 340 0.000750639 11 0.000750639 
398 303 0.00826478 11 0.00826478 
30 352 0.0156256 11 0.0156256 
139 210 0.0156256 11 0.0156256 
452 343 0.0100004 11 0.0100004 
549 214 0.00216341 11 0.00216341 
298 115 0.0123462 11 0.0123462 
481 265 0.00100785 11 0.00100785 
59 299 0.00548718 11 0.00548718 
151 315 0.0177785 11 0.0177785 
148 276 0.00216341 11 0.00216341 
466 316 0.00826478 11 0.00826478 
30 225 0.0123462 11 0.0123462 
585 221 0.00640025 11 0.00640025 
154 218 0.00694471 11 0.00694471 
276 227 0.000640948 11 0.000640948 
187 243 0.0123462 11 0.0123462 
231 307 0.0330591 11 0.0330591 
228 327 0.00346034 11 0.00346034 
228 306 0.000625024 11 0.000625024 
372 271 0.00475643 11 0.00475643 
54 198 0.00548718 11 0.00548718 
155 235 0.00326543 11 0.00326543 
380 137 0.0156256 11 0.0156256 
61 254 0.0156256 11 0.0156256 
214 320 0.0204089 11 0.0204089 
556 324 0.0204089 11 0.0204089 
359 309 0.00444461 11 0.00444461 
460 210 0.00237963 11 0.00237963 
164 299 0.00292195 11 0.00292195 
563 278 0.000377053 11 0.000377053 
153 268 0.00137179 11 0.00137179 
505 89 0.0236695 11 0.0236695 
394 300 0.00475643 11 0.00475643 
497 318 0.000674676 11 0.000674676 
328 315 0.00292195 11 0.00292195 
544 260 0.000771635 11 0.000771635 
340 255 0.0236695 11 0.0236695 
389 165 0.0330591 11 0.0330591 
445 118 0.0204089 11 0.0204089 
101 149 0.00475643 11 0.00475643 
243 324 0.0039064 11 0.0039064 
229 289 0.00142405 11 0.00142405 
525 220 0.00416249 11 0.00416249 
278 204 0.0204089 11 0.0204089 
472 319 0.000287285 11 0.000287285 
527 245 0.00591739 11 0.00591739 
270 157 0.00475643 11 0.00475643 
151 168 0.00346034 11 0.00346034 
438 287 0.00206619 11 0.00206619 
541 287 0.000657487 11 0.000657487 
286 326 0.0009766 11 0.0009766 
71 161 0.00475643 11 0.00475643 
240 279 0.0100004 11 0.0100004 
436 294 0.00591739 11 0.00591739 
31 279 0.00262995 11 0.00262995 
354 234 0.0039064 11 0.0039064 
89 281 0.00326543 11 0.00326543 
119 180 0.00346034 11 0.00346034 
54 183 0.0204089 11 0.0204089 
405 132 0.00367324 11 0.00367324 
359 251 0.00510224 11 0.00510224 
525 259 0.000946782 11 0.000946782 
350 321 0.0138414 11 0.0138414 
241 283 0.00308654 11 0.00308654 
184 280 0.000540854 11 0.000540854 
104 118 0.000891101 11 0.000891101 
558 238 0.0236695 11 0.0236695 
530 339 0.0138414 11 0.0138414 
78 231 0.00197538 11 0.00197538 
206 171 0.00166604 11 0.00166604 
367 273 0.000865085 11 0.000865085 
416 282 0.0138414 11 0.0138414 
28 171 0.0110808 11 0.0110808 
360 214 0.00197538 11 0.00197538 
389 325 0.00326543 11 0.00326543 
338 330 0.000609687 11 0.000609687 
467 245 0.00206619 11 0.00206619 
84 146 0.00826478 11 0.00826478 
563 184 0.0110808 11 0.0110808 
16 151 0.0330591 11 0.0330591 
394 311 0.000865085 10 0.000865085 
557 189 0.0123462 10 0.0123462 
60 310 0.00262995 10 0.00262995 
477 316 0.00189043 10 0.00189043 
540 276 0.00153793 10 0.00153793 
22 351 0.00907064 10 0.00907064 
411 292 0.00262995 10 0.00262995 
375 295 0.000540854 10 0.000540854 
245 194 0.000816358 10 0.000816358 
370 155 0.00181084 10 0.00181084 
437 96 0.00510224 10 0.00510224 
285 215 0.00694471 10 0.00694471 
57 350 0.00907064 10 0.00907064 
288 218 0.00416249 10 0.00416249 
160 257 0.000135213 10 0.000135213 
422 275 0.0138414 10 0.0138414 
360 322 0.00142405 10 0.00142405 
116 359 0.0156256 10 0.0156256 
439 125 0.00640025 10 0.00640025 
444 90 0.0177785 10 0.0177785 
520 324 0.0110808 10 0.0110808 
494 323 0.0110808 10 0.0110808 
354 219 0.00127556 10 0.00127556 
33 284 0.00444461 10 0.00444461 
563 282 0.00444461 10 0.00444461 
368 321 0.000891101 10 0.000891101 
419 124 0.00111115 10 0.00111115 
435 214 0.00346034 10 0.00346034 
550 131 0.00118911 10 0.00118911 
393 173 0.00292195 10 0.00292195 
56 242 0.00114914 10 0.00114914 
208 139 0.00826478 10 0.00826478 
280 138 0.00292195 10 0.00292195 
323 135 0.0138414 10 0.0138414 
71 105 0.000594907 10 0.000594907 
593 287 0.00510224 10 0.00510224 
384 287 0.00114914 10 0.00114914 
287 276 0.00147935 10 0.00147935 
168 140 0.0204089 10 0.0204089 
538 264 0.00444461 10 0.00444461 
286 196 0.00907064 10 0.00907064 
313 152 0.0138414 10 0.0138414 
443 235 0.000528492 10 0.000528492 
402 268 0.0025001 10 0.0025001 
396 295 0.0277788 10 0.0277788 
17 313 0.00640025 10 0.00640025 
565 212 0.00907064 10 0.00907064 
128 154 0.0277788 10 0.0277788 
318 277 0.00216341 10 0.00216341 
471 252 0.00640025 10 0.00640025 
548 278 0.0123462 10 0.0123462 
521 237 0.0177785 10 0.0177785 
500 309 0.0177785 10 0.0177785 
153 301 0.00118911 10 0.00118911 
380 101 0.00591739 10 0.00591739 
375 259 0.0330591 10 0.0330591 
210 155 0.00591739 10 0.00591739 
284 173 0.00548718 10 0.00548718 
430 329 0.0123462 10 0.0123462 
456 271 0.000730488 10 0.000730488 
578 217 0.0277788 10 0.0277788 
557 217 0.0277788 10 0.0277788 
143 160 0.0100004 10 0.0100004 
274 258 0.00237963 10 0.00237963 
462 290 0.00756173 10 0.00756173 
373 295 0.00907064 10 0.00907064 
234 252 0.00346034 10 0.00346034 
494 262 0.0025001 10 0.0025001 
437 304 0.00591739 10 0.00591739 
528 196 0.00416249 10 0.00416249 
329 253 0.00475643 10 0.00475643 
440 299 0.00346034 10 0.00346034 
39 332 0.00206619 10 0.00206619 
41 324 0.00826478 10 0.00826478 
375 253 0.000730488 10 0.000730488 
54 321 0.00189043 10 0.00189043 
536 187 0.0277788 10 0.0277788 
67 281 0.00756173 10 0.00756173 
560 200 0.0236695 10 0.0236695 
226 170 0.00694471 10 0.00694471 
600 326 0.0138414 10 0.0138414 
85 127 0.000840192 10 0.000840192 
115 206 0.00044323 10 0.00044323 
322 151 0.00226766 9 0.00226766 
391 304 0.00326543 9 0.00326543 
595 283 0.0330591 9 0.0330591 
67 337 0.00216341 9 0.00216341 
383 349 0.0330591 9 0.0330591 
446 306 0.0039064 9 0.0039064 
464 251 0.000452711 9 0.000452711 
395 167 0.00591739 9 0.00591739 
575 342 0.00694471 9 0.00694471 
481 357 0.00475643 9 0.00475643 
368 288 0.000730488 9 0.000730488 
178 151 0.0330591 9 0.0330591 
189 188 0.0123462 9 0.0123462 
186 285 0.00591739 9 0.00591739 
65 170 0.0138414 9 0.0138414 
171 257 0.00444461 9 0.00444461 
229 268 0.0277788 9 0.0277788 
371 251 0.0138414 9 0.0138414 
426 115 0.00173618 9 0.00173618 
249 210 0.000609687 9 0.000609687 
322 326 0.0100004 9 0.0100004 
342 295 0.0277788 9 0.0277788 
459 113 0.0100004 9 0.0100004 
175 151 0.00416249 9 0.00416249 
319 169 0.0110808 9 0.0110808 
108 196 0.000692547 9 0.000692547 
394 104 0.0156256 9 0.0156256 
22 257 0.00907064 9 0.00907064 
320 260 0.00132236 9 0.00132236 
49 154 0.0330591 9 0.0330591 
77 326 0.00756173 9 0.00756173 
32 107 0.00907064 9 0.00907064 
245 194 0.0177785 9 0.0177785 
26 144 0.0138414 9 0.0138414 
376 262 0.000540854 9 0.000540854 
484 177 0.00216341 9 0.00216341 
37 364 0.0156256 9 0.0156256 
279 164 0.00216341 9 0.00216341 
110 270 0.0110808 9 0.0110808 
257 277 0.00591739 9 0.00591739 
453 350 0.00510224 9 0.00510224 
469 313 0.00548718 9 0.00548718 
26 92 0.00326543 9 0.00326543 
560 250 0.00907064 9 0.00907064 
271 190 0.00216341 9 0.00216341 
69 102 0.0123462 9 0.0123462 
385 259 0.00416249 9 0.00416249 
154 262 0.00111115 9 0.00111115 
302 253 0.0330591 9 0.0330591 
421 149 0.0277788 9 0.0277788 
175 262 0.00907064 9 0.00907064 
469 267 0.00277019 9 0.00277019 
590 143 0.00826478 9 0.00826478 
394 231 0.0138414 9 0.0138414 
89 129 0.0177785 9 0.0177785 
112 335 0.0277788 9 0.0277788 
168 271 0.00111115 9 0.00111115 
204 318 0.0177785 9 0.0177785 
248 288 0.000408137 9 0.000408137 
501 217 0.0138414 9 0.0138414 
233 130 0.0277788 9 0.0277788 
395 291 0.00147935 9 0.00147935 
290 329 0.0236695 9 0.0236695 
64 107 0.00548718 9 0.00548718 
127 265 0.000730488 9 0.000730488 
222 269 0.00147935 9 0.00147935 
310 316 0.000918309 9 0.000918309 
332 132 0.0100004 9 0.0100004 
176 248 0.000793524 9 0.000793524 
216 336 0.00262995 9 0.00262995 
573 322 0.00640025 9 0.00640025 
384 307 0.000816358 9 0.000816358 
193 277 0.00237963 9 0.00237963 
344 144 0.0236695 9 0.0236695 
317 294 0.00475643 9 0.00475643 
500 215 0.0123462 9 0.0123462 
313 325 0.00226766 9 0.00226766 
490 284 0.00346034 9 0.00346034 
548 211 0.00475643 9 0.00475643 
279 318 0.000452711 9 0.000452711 
58 256 0.000609687 9 0.000609687 
163 163 0.00142405 9 0.00142405 
428 294 0.000711138 9 0.000711138 
598 172 0.0236695 9 0.0236695 
292 138 0.00137179 9 0.00137179 
130 296 0.0204089 9 0.0204089 
209 247 0.0277788 9 0.0277788 
27 82 0.0110808 9 0.0110808 
200 225 0.000553654 9 0.000553654 
453 293 0.0204089 9 0.0204089 
369 187 0.0330591 9 0.0330591 
68 274 0.00308654 9 0.00308654 
277 244 0.00640025 9 0.00640025 
57 171 0.00548718 9 0.00548718 
76 340 0.000750639 9 0.000750639 
303 279 0.00640025 9 0.00640025 
592 188 0.00346034 9 0.00346034 
167 320 0.00292195 9 0.00292195 
127 229 0.00367324 9 0.00367324 
62 363 0.0204089 9 0.0204089 
591 195 0.00640025 9 0.00640025 
329 173 0.0330591 9 0.0330591 
254 144 0.0204089 9 0.0204089 
301 247 0.000377053 9 0.000377053 
543 206 0.00475643 9 0.00475643 
239 287 0.0330591 9 0.0330591 
273 245 0.00826478 9 0.00826478 
187 328 0.00444461 9 0.00444461 
526 198 0.00197538 9 0.00197538 
603 301 0.0138414 9 0.0138414 
197 289 0.00346034 9 0.00346034 
292 329 0.00132236 9 0.00132236 
177 159 0.0236695 9 0.0236695 
483 293 0.0123462 9 0.0123462 
173 309 0.0156256 9 0.0156256 
281 160 0.00548718 9 0.00548718 
115 241 0.000173137 9 0.000173137 
17 309 0.0277788 8 0.0277788 
587 185 0.0039064 8 0.0039064 
146 253 0.0156256 8 0.0156256 
370 220 0.00308654 8 0.00308654 
369 204 0.00826478 8 0.00826478 
513 137 0.0236695 8 0.0236695 
438 179 0.00189043 8 0.00189043 
186 214 0.000816358 8 0.000816358 
322 190 0.000434044 8 0.000434044 
34 328 0.0100004 8 0.0100004 
158 263 0.000505006 8 0.000505006 
398 274 0.00326543 8 0.00326543 
481 351 0.00907064 8 0.00907064 
147 184 0.00907064 8 0.00907064 
360 174 0.0236695 8 0.0236695 
57 274 0.00142405 8 0.00142405 
561 191 0.0177785 8 0.0177785 
229 322 0.00160006 8 0.00160006 
541 260 0.00326543 8 0.00326543 
223 246 0.00591739 8 0.00591739 
185 323 0.00160006 8 0.00160006 
154 247 0.00367324 8 0.00367324 
192 259 0.00206619 8 0.00206619 
294 234 0.0110808 8 0.0110808 
342 321 0.0277788 8 0.0277788 
524 294 0.00907064 8 0.00907064 
489 176 0.00153793 8 0.00153793 
220 307 0.00826478 8 0.00826478 
468 312 0.0330591 8 0.0330591 
294 285 0.000918309 8 0.000918309 
229 311 0.00160006 8 0.00160006 
344 257 0.000918309 8 0.000918309 
277 291 0.0100004 8 0.0100004 
138 204 0.000175438 8 0.000175438 
206 294 0.0277788 8 0.0277788 
355 227 0.0330591 8 0.0330591 
568 236 0.00416249 8 0.00416249 
223 287 0.00907064 8 0.00907064 
110 128 0.0330591 8 0.0330591 
393 281 0.00640025 8 0.00640025 
354 302 0.000657487 8 0.000657487 
316 290 0.000483052 8 0.000483052 
228 300 0.0110808 8 0.0110808 
329 189 0.0277788 8 0.0277788 
254 297 0.000566915 8 0.000566915 
41 325 0.0177785 8 0.0177785 
380 330 0.000342949 8 0.000342949 
188 174 0.00826478 8 0.00826478 
109 235 0.00308654 8 0.00308654 
562 278 0.00367324 8 0.00367324 
152 158 0.0100004 8 0.0100004 
178 235 0.00308654 8 0.00308654 
488 175 0.0236695 8 0.0236695 
110 177 0.0138414 8 0.0138414 
70 283 0.0123462 8 0.0123462 
394 223 0.00416249 8 0.00416249 
30 159 0.00127556 8 0.00127556 
375 165 0.0110808 8 0.0110808 
266 345 0.0110808 8 0.0110808 
133 151 0.000141729 8 0.000141729 
107 280 0.00104062 8 0.00104062 
179 217 0.000625024 8 0.000625024 
490 92 0.0110808 8 0.0110808 
206 191 0.00226766 8 0.00226766 
78 151 0.00416249 8 0.00416249 
258 195 0.00197538 8 0.00197538 
194 178 0.000292217 8 0.000292217 
289 162 0.00640025 8 0.00640025 
439 355 0.00111115 8 0.00111115 
84 144 0.00197538 8 0.00197538 
174 145 0.00153793 8 0.00153793 
306 253 0.0277788 8 0.0277788 
585 191 0.00308654 8 0.00308654 
475 316 0.0156256 8 0.0156256 
183 128 0.00640025 8 0.00640025 
64 309 0.00308654 8 0.00308654 
89 153 0.00173618 8 0.00173618 
265 145 0.00640025 8 0.00640025 
39 121 0.00548718 8 0.00548718 
93 324 0.000392133 8 0.000392133 
307 273 0.0138414 8 0.0138414 
170 131 0.00292195 8 0.00292195 
403 321 0.0156256 8 0.0156256 
486 272 0.0138414 8 0.0138414 
348 281 0.0330591 8 0.0330591 
351 185 0.00367324 8 0.00367324 
176 128 0.0009766 8 0.0009766 
41 154 0.0110808 8 0.0110808 
156 156 0.00308654 8 0.00308654 
37 213 0.0330591 8 0.0330591 
219 264 0.0156256 8 0.0156256 
279 297 0.000640948 8 0.000640948 
382 163 0.0110808 8 0.0110808 
71 282 0.000674676 8 0.000674676 
506 272 0.000307799 8 0.000307799 
343 141 0.0177785 8 0.0177785 
52 145 0.0177785 8 0.0177785 
56 219 0.0100004 8 0.0100004 
564 262 0.00277019 8 0.00277019 
101 264 0.000302469 8 0.000302469 
500 277 0.00475643 8 0.00475643 
447 281 0.0177785 8 0.0177785 
298 277 0.00475643 8 0.00475643 
538 304 0.000277788 8 0.000277788 
413 305 0.0039064 8 0.0039064 
418 262 0.000130617 8 0.000130617 
564 294 0.000730488 8 0.000730488 
260 183 0.00326543 8 0.00326543 
59 189 0.00640025 8 0.00640025 
223 136 0.0204089 8 0.0204089 
227 141 0.0204089 8 0.0204089 
178 274 0.000287285 8 0.000287285 
498 344 0.0177785 8 0.0177785 
114 211 0.00548718 8 0.00548718 
361 161 0.00346034 8 0.00346034 
500 102 0.0177785 8 0.0177785 
103 134 0.00510224 8 0.00510224 
441 322 0.0100004 8 0.0100004 
252 220 0.00160006 8 0.00160006 
383 97 0.0100004 8 0.0100004 
120 233 0.000946782 8 0.000946782 
352 264 0.000330591 8 0.000330591 
40 297 0.0177785 8 0.0177785 
88 157 0.000408137 8 0.000408137 
127 136 0.0177785 8 0.0177785 
586 138 0.0177785 8 0.0177785 
186 203 0.00308654 8 0.00308654 
397 235 0.0330591 8 0.0330591 
252 187 0.00181084 8 0.00181084 
292 198 0.0277788 7 0.0277788 
530 332 0.00591739 7 0.00591739 
325 291 0.0177785 7 0.0177785 
353 134 0.000384482 7 0.000384482 
30 121 0.00262995 7 0.00262995 
288 79 0.0156256 7 0.0156256 
66 308 0.0177785 7 0.0177785 
509 143 0.000462499 7 0.000462499 
377 285 0.00153793 7 0.00153793 
351 155 0.00181084 7 0.00181084 
450 220 0.0025001 7 0.0025001 
297 229 0.000771635 7 0.000771635 
77 187 0.00640025 7 0.00640025 
295 283 0.000594907 7 0.000594907 
271 293 0.000816358 7 0.000816358 
60 95 0.00107502 7 0.00107502 
239 191 0.0025001 7 0.0025001 
436 229 0.00153793 7 0.00153793 
459 272 0.0110808 7 0.0110808 
403 176 0.0277788 7 0.0277788 
168 275 0.00444461 7 0.00444461 
526 240 0.00197538 7 0.00197538 
567 193 0.00326543 7 0.00326543 
134 270 0.00826478 7 0.00826478 
292 319 0.00132236 7 0.00132236 
84 284 0.00118911 7 0.00118911 
26 148 0.0123462 7 0.0123462 
595 162 0.0177785 7 0.0177785 
385 321 0.0177785 7 0.0177785 
216 184 0.00262995 7 0.00262995 
78 358 0.00118911 7 0.00118911 
290 153 0.00189043 7 0.00189043 
293 237 0.00262995 7 0.00262995 
83 114 0.0277788 7 0.0277788 
405 310 0.00326543 7 0.00326543 
386 308 0.00216341 7 0.00216341 
497 206 0.00640025 7 0.00640025 
389 180 0.0277788 7 0.0277788 
465 354 0.00907064 7 0.00907064 
20 161 0.0277788 7 0.0277788 
388 106 0.0277788 7 0.0277788 
283 161 0.0123462 7 0.0123462 
514 252 0.000177785 7 0.000177785 
394 251 0.0138414 7 0.0138414 
477 261 0.000865085 7 0.000865085 
74 362 0.00694471 7 0.00694471 
255 152 0.0156256 7 0.0156256 
449 344 0.000156256 7 0.000156256 
476 171 0.00510224 7 0.00510224 
575 199 0.00173618 7 0.00173618 
47 304 0.00510224 7 0.00510224 
258 135 0.0138414 7 0.0138414 
119 266 0.000553654 7 0.000553654 
202 182 0.0204089 7 0.0204089 
242 310 0.00510224 7 0.00510224 
77 303 0.0138414 7 0.0138414 
410 286 0.0177785 7 0.0177785 
219 190 0.00756173 7 0.00756173 
384 304 0.000566915 7 0.000566915 
153 184 0.00694471 7 0.00694471 
513 324 0.0204089 7 0.0204089 
58 191 0.0156256 7 0.0156256 
231 193 0.00137179 7 0.00137179 
459 121 0.0100004 7 0.0100004 
85 135 0.0156256 7 0.0156256 
595 152 0.0204089 7 0.0204089 
286 315 0.0100004 7 0.0100004 
253 150 0.00292195 7 0.00292195 
185 290 0.0138414 7 0.0138414 
190 157 0.00416249 7 0.00416249 
213 193 0.000946782 7 0.000946782 
409 310 0.000674676 7 0.000674676 
57 336 0.00237963 7 0.00237963 
579 299 0.00907064 7 0.00907064 
368 322 0.00475643 7 0.00475643 
140 192 0.00907064 7 0.00907064 
32 294 0.0204089 7 0.0204089 
229 281 0.0330591 7 0.0330591 
318 197 0.000377053 7 0.000377053 
456 296 0.00166604 7 0.00166604 
480 178 0.00292195 7 0.00292195 
52 348 0.00475643 7 0.00475643 
152 298 0.00292195 7 0.00292195 
587 248 0.00173618 7 0.00173618 
98 189 0.00104062 7 0.00104062 
434 278 0.0236695 7 0.0236695 
169 163 0.00475643 7 0.00475643 
236 308 0.0277788 7 0.0277788 
459 202 0.00510224 7 0.00510224 
48 142 0.00444461 7 0.00444461 
227 167 0.0236695 7 0.0236695 
326 292 0.00756173 7 0.00756173 
36 311 0.0236695 7 0.0236695 
544 282 0.0177785 7 0.0177785 
388 295 0.00548718 7 0.00548718 
500 307 0.0138414 7 0.0138414 
184 317 0.0236695 7 0.0236695 
471 89 0.00826478 6 0.00826478 
128 288 0.00277019 6 0.00277019 
422 254 0.000198381 6 0.000198381 
27 301 0.0177785 6 0.0177785 
533 226 0.00907064 6 0.00907064 
274 333 0.0204089 6 0.0204089 
513 166 0.0236695 6 0.0236695 
513 141 0.0236695 6 0.0236695 
513 103 0.0236695 6 0.0236695 
221 314 0.0009766 6 0.0009766 
388 272 0.00548718 6 0.00548718 
60 267 0.0156256 6 0.0156256 
94 315 0.00262995 6 0.00262995 
206 285 0.00548718 6 0.00548718 
463 173 0.00756173 6 0.00756173 
234 169 0.0236695 6 0.0236695 
475 225 0.0156256 6 0.0156256 
278 261 0.000865085 6 0.000865085 
404 125 0.00640025 6 0.00640025 
339 186 0.00907064 6 0.00907064 
373 350 0.0138414 6 0.0138414 
385 291 0.000416509 6 0.000416509 
536 253 0.0277788 6 0.0277788 
497 247 0.00326543 6 0.00326543 
60 118 0.0204089 6 0.0204089 
29 280 0.00756173 6 0.00756173 
143 312 0.0123462 6 0.0123462 
513 132 0.0236695 6 0.0236695 
398 238 0.00104062 6 0.00104062 
389 161 0.0330591 6 0.0330591 
508 304 0.00308654 6 0.00308654 
368 286 0.0138414 6 0.0138414 
302 316 0.00132236 6 0.00132236 
492 313 0.00475643 6 0.00475643 
167 316 0.00826478 6 0.00826478 
556 303 0.0330591 6 0.0330591 
52 307 0.0204089 6 0.0204089 
513 278 0.0138414 6 0.0138414 
52 119 0.0138414 6 0.0138414 
141 178 0.00907064 6 0.00907064 
223 318 0.00237963 6 0.00237963 
241 79 0.00044323 6 0.00044323 
408 311 0.00416249 6 0.00416249 
203 321 0.00107502 6 0.00107502 
273 155 0.0236695 6 0.0236695 
382 214 0.00189043 6 0.00189043 
307 152 0.0204089 6 0.0204089 
294 267 0.0204089 6 0.0204089 
258 222 0.0277788 6 0.0277788 
152 335 0.0277788 6 0.0277788 
90 289 0.00189043 6 0.00189043 
29 77 0.0330591 6 0.0330591 
187 137 0.00189043 6 0.00189043 
242 131 0.0204089 6 0.0204089 
465 259 0.000472608 6 0.000472608 
279 349 0.0110808 6 0.0110808 
320 265 0.00510224 6 0.00510224 
147 176 0.000102034 6 0.000102034 
158 333 0.0277788 6 0.0277788 
22 107 0.0330591 6 0.0330591 
231 176 0.0236695 6 0.0236695 
294 215 0.0277788 6 0.0277788 
118 223 0.0123462 6 0.0123462 
273 296 0.00127556 6 0.00127556 
169 304 0.00756173 6 0.00756173 
273 273 0.00166604 6 0.00166604 
49 122 0.00826478 6 0.00826478 
586 294 0.0123462 6 0.0123462 
227 326 0.0123462 6 0.0123462 
186 251 0.0330591 6 0.0330591 
476 179 0.00444461 6 0.00444461 
310 305 0.00548718 6 0.00548718 
373 127 0.000816358 6 0.000816358 
243 321 0.00308654 6 0.00308654 
222 107 0.0236695 6 0.0236695 
24 169 0.00640025 6 0.00640025 
121 125 0.0177785 6 0.0177785 
72 129 0.0204089 6 0.0204089 
482 234 0.00114914 6 0.00114914 
66 184 0.0204089 6 0.0204089 
152 156 0.00142405 6 0.00142405 
173 141 0.000865085 6 0.000865085 
145 160 0.0123462 6 0.0123462 
419 177 0.0177785 6 0.0177785 
504 147 0.000400015 6 0.000400015 
122 263 0.00132236 6 0.00132236 
217 268 0.0330591 6 0.0330591 
350 232 0.00308654 6 0.00308654 
35 319 0.0236695 6 0.0236695 
531 294 0.00181084 6 0.00181084 
320 247 0.0156256 5 0.0156256 
513 127 0.0236695 5 0.0236695 
156 262 0.000124845 5 0.000124845 
177 264 0.0123462 5 0.0123462 
354 271 0.0204089 5 0.0204089 
200 309 0.000946782 5 0.000946782 
312 261 0.000233096 5 0.000233096 
28 289 0.00907064 5 0.00907064 
235 172 0.0236695 5 0.0236695 
211 211 0.00826478 5 0.00826478 
250 149 0.000505006 5 0.000505006 
486 314 0.00166604 5 0.00166604 
466 200 0.0204089 5 0.0204089 
445 154 0.0236695 5 0.0236695 
571 218 0.00826478 5 0.00826478 
347 309 0.000356012 5 0.000356012 
385 164 0.00756173 5 0.00756173 
514 151 0.0236695 5 0.0236695 
20 188 0.0100004 5 0.0100004 
256 135 0.00548718 5 0.00548718 
38 350 0.0138414 5 0.0138414 
143 264 0.0123462 5 0.0123462 
449 183 0.0204089 5 0.0204089 
145 119 0.00127556 5 0.00127556 
294 281 0.00308654 5 0.00308654 
129 143 0.0156256 5 0.0156256 
285 290 0.000891101 5 0.000891101 
476 181 0.00475643 5 0.00475643 
521 137 0.000640948 5 0.000640948 
152 306 0.0204089 5 0.0204089 
104 164 0.000771635 5 0.000771635 
560 312 0.0156256 5 0.0156256 
484 271 0.0110808 5 0.0110808 
383 180 0.0123462 5 0.0123462 
94 150 0.00826478 5 0.00826478 
147 337 0.0236695 5 0.0236695 
313 123 0.0025001 5 0.0025001 
184 205 0.0138414 5 0.0138414 
437 306 0.00111115 5 0.00111115 
530 302 0.00367324 5 0.00367324 
315 190 0.00326543 5 0.00326543 
315 187 0.00160006 5 0.00160006 
41 97 0.00237963 5 0.00237963 
75 164 0.00132236 5 0.00132236 
255 122 0.00826478 5 0.00826478 
475 211 0.0138414 5 0.0138414 
223 268 0.00756173 5 0.00756173 
597 271 0.0330591 5 0.0330591 
264 265 0.00104062 5 0.00104062 
181 278 0.0236695 5 0.0236695 
518 321 0.0177785 5 0.0177785 
434 260 0.000251962 5 0.000251962 
224 299 0.00907064 5 0.00907064 
212 306 0.00826478 5 0.00826478 
142 202 0.0177785 5 0.0177785 
392 314 0.00197538 5 0.00197538 
451 271 0.0110808 5 0.0110808 
489 89 0.0123462 5 0.0123462 
21 334 0.00548718 5 0.00548718 
382 328 0.0277788 5 0.0277788 
205 243 0.00591739 5 0.00591739 
423 135 0.00756173 5 0.00756173 
200 131 0.00756173 5 0.00756173 
77 203 0.000384482 5 0.000384482 
371 178 0.00591739 5 0.00591739 
533 299 0.00104062 5 0.00104062 
356 330 0.0204089 5 0.0204089 
586 208 0.00237963 5 0.00237963 
125 203 0.000384482 5 0.000384482 
398 268 0.000793524 5 0.000793524 
256 176 0.00591739 5 0.00591739 
463 272 0.00189043 5 0.00189043 
541 200 0.0123462 5 0.0123462 
311 178 0.000793524 5 0.000793524 
44 149 0.00640025 5 0.00640025 
459 320 0.000692547 5 0.000692547 
239 269 0.00153793 5 0.00153793 
126 270 0.00826478 5 0.00826478 
194 276 0.0177785 5 0.0177785 
460 141 0.0110808 5 0.0110808 
51 326 0.00100785 5 0.00100785 
412 308 0.00107502 5 0.00107502 
132 276 0.000594907 5 0.000594907 
445 162 0.0156256 5 0.0156256 
125 220 0.0012312 5 0.0012312 
555 286 0.000493846 5 0.000493846 
280 187 0.00826478 4 0.00826478 
243 322 0.00166604 4 0.00166604 
287 218 0.0204089 4 0.0204089 
343 140 0.00100785 4 0.00100785 
530 342 0.0138414 4 0.0138414 
117 231 0.0110808 4 0.0110808 
198 231 0.0110808 4 0.0110808 
272 332 0.0138414 4 0.0138414 
353 150 0.0138414 4 0.0138414 
594 259 0.0156256 4 0.0156256 
10 314 0.0236695 4 0.0236695 
196 293 0.0236695 4 0.0236695 
158 133 0.000462499 4 0.000462499 
454 166 0.0156256 4 0.0156256 
390 251 0.000130617 4 0.000130617 
135 177 0.000240379 4 0.000240379 
69 340 0.00416249 4 0.00416249 
223 257 0.0156256 4 0.0156256 
274 181 0.0277788 4 0.0277788 
53 220 0.00756173 4 0.00756173 
564 109 0.0204089 4 0.0204089 
199 159 0.00197538 4 0.00197538 
540 278 0.000594907 4 0.000594907 
127 119 0.00548718 4 0.00548718 
49 344 0.00206619 4 0.00206619 
245 170 0.0204089 4 0.0204089 
438 117 0.00548718 4 0.00548718 
62 184 0.0156256 4 0.0156256 
10 260 0.0138414 4 0.0138414 
526 246 0.00197538 4 0.00197538 
131 132 0.000816358 4 0.000816358 
382 120 0.0277788 4 0.0277788 
313 80 0.00292195 4 0.00292195 
417 241 0.0138414 4 0.0138414 
359 250 0.00189043 4 0.00189043 
419 130 0.0138414 4 0.0138414 
460 344 0.00756173 4 0.00756173 
541 236 0.00510224 4 0.00510224 
95 133 0.00694471 4 0.00694471 
141 238 0.000425141 4 0.000425141 
606 288 0.0156256 4 0.0156256 
295 141 0.00548718 4 0.00548718 
147 208 0.0110808 4 0.0110808 
177 320 0.00756173 4 0.00756173 
432 251 0.0025001 4 0.0025001 
540 193 0.0138414 4 0.0138414 
358 180 0.0039064 4 0.0039064 
212 200 0.0177785 4 0.0177785 
504 322 0.0204089 4 0.0204089 
518 319 0.0204089 4 0.0204089 
473 286 0.000625024 4 0.000625024 
597 209 0.0177785 4 0.0177785 
513 122 0.0236695 4 0.0236695 
433 223 0.0123462 4 0.0123462 
333 312 0.0204089 4 0.0204089 
538 314 0.00548718 4 0.00548718 
465 214 0.0177785 4 0.0177785 
400 318 0.000434044 4 0.000434044 
248 185 0.0330591 4 0.0330591 
220 217 0.00308654 4 0.00308654 
355 259 0.00416249 4 0.00416249 
187 221 0.0177785 4 0.0177785 
555 232 0.00137179 4 0.00137179 
346 234 0.0277788 4 0.0277788 
292 253 0.00367324 4 0.00367324 
404 259 0.00475643 4 0.00475643 
561 298 0.00907064 4 0.00907064 
95 192 0.00444461 4 0.00444461 
514 146 0.0236695 4 0.0236695 
318 301 0.00277019 4 0.00277019 
73 107 0.0100004 4 0.0100004 
140 314 0.00694471 4 0.00694471 
288 182 0.000349389 4 0.000349389 
585 308 0.00137179 4 0.00137179 
130 274 0.00826478 4 0.00826478 
260 330 0.0110808 4 0.0110808 
477 316 0.00132236 4 0.00132236 
40 320 0.0100004 4 0.0100004 
538 150 0.00173618 4 0.00173618 
287 325 0.000362826 4 0.000362826 
425 254 0.00114914 4 0.00114914 
15 301 0.0204089 4 0.0204089 
396 344 0.000580658 4 0.000580658 
331 346 0.0204089 4 0.0204089 
209 157 0.0177785 4 0.0177785 
82 348 0.00132236 4 0.00132236 
577 329 0.00367324 4 0.00367324 
413 300 0.00292195 4 0.00292195 
530 297 0.000342949 4 0.000342949 
443 252 0.00694471 4 0.00694471 
68 305 0.00444461 4 0.00444461 
212 257 0.000129137 4 0.000129137 
69 306 0.0277788 4 0.0277788 
412 126 0.0123462 4 0.0123462 
151 305 0.00591739 4 0.00591739 
302 184 0.000240379 4 0.000240379 
574 117 0.0277788 4 0.0277788 
31 149 0.0236695 4 0.0236695 
303 260 0.00326543 4 0.00326543 
205 345 0.00181084 4 0.00181084 
556 312 0.0110808 4 0.0110808 
389 345 0.0110808 4 0.0110808 
219 207 0.00826478 4 0.00826478 
97 296 0.000711138 4 0.000711138 
581 190 0.0039064 4 0.0039064 
212 208 0.0156256 4 0.0156256 
392 266 0.0123462 4 0.0123462 
182 309 0.00100785 4 0.00100785 
527 126 0.00107502 4 0.00107502 
227 283 0.000692547 4 0.000692547 
423 241 0.000277788 4 0.000277788 
105 315 0.00181084 4 0.00181084 
514 156 0.0236695 4 0.0236695 
463 155 0.0236695 4 0.0236695 
143 212 0.0277788 4 0.0277788 
309 296 0.00548718 4 0.00548718 
190 264 0.00640025 4 0.00640025 
524 250 0.0330591 3 0.0330591 
555 249 0.0330591 3 0.0330591 
240 151 0.00025601 3 0.00025601 
403 168 0.0277788 3 0.0277788 
123 322 0.0009766 3 0.0009766 
562 195 0.0110808 3 0.0110808 
102 158 0.000674676 3 0.000674676 
132 304 0.0177785 3 0.0177785 
457 274 0.0177785 3 0.0177785 
466 328 0.00591739 3 0.00591739 
23 245 0.00548718 3 0.00548718 
471 283 0.0110808 3 0.0110808 
277 185 0.00147935 3 0.00147935 
391 120 0.0330591 3 0.0330591 
416 110 0.0177785 3 0.0177785 
565 251 0.0100004 3 0.0100004 
310 84 0.0039064 3 0.0039064 
337 282 0.0177785 3 0.0177785 
408 124 0.00416249 3 0.00416249 
297 301 0.0236695 3 0.0236695 
152 166 0.0110808 3 0.0110808 
255 148 0.0123462 3 0.0123462 
297 130 0.00181084 3 0.00181084 
135 303 0.00548718 3 0.00548718 
494 337 0.0100004 3 0.0100004 
271 246 0.00907064 3 0.00907064 
233 294 0.00367324 3 0.00367324 
416 278 0.000356012 3 0.000356012 
398 99 0.00640025 3 0.00640025 
465 225 0.0177785 3 0.0177785 
420 225 0.0177785 3 0.0177785 
524 298 0.00756173 3 0.00756173 
233 187 0.000528492 3 0.000528492 
405 305 0.000553654 3 0.000553654 
88 292 0.00160006 3 0.00160006 
130 318 0.00142405 3 0.00142405 
518 241 0.00346034 3 0.00346034 
441 311 0.00326543 3 0.00326543 
554 252 0.0177785 3 0.0177785 
466 300 0.00181084 3 0.00181084 
187 281 0.0025001 3 0.0025001 
197 281 0.0025001 3 0.0025001 
69 326 0.00756173 3 0.00756173 
445 310 0.0177785 3 0.0177785 
256 335 0.00756173 3 0.00756173 
353 281 0.000493846 3 0.000493846 
399 335 0.00173618 3 0.00173618 
551 324 0.00907064 3 0.00907064 
583 214 0.0138414 3 0.0138414 
46 147 0.0277788 3 0.0277788 
312 130 0.00326543 3 0.00326543 
459 137 0.0100004 3 0.0100004 
442 325 0.000540854 3 0.000540854 
288 86 0.0138414 3 0.0138414 
267 195 0.0204089 3 0.0204089 
345 259 0.000553654 3 0.000553654 
409 125 0.00206619 3 0.00206619 
229 238 0.00510224 3 0.00510224 
22 236 0.00367324 3 0.00367324 
527 238 0.00640025 3 0.00640025 
334 171 0.00826478 3 0.00826478 
441 166 0.00756173 3 0.00756173 
209 174 0.00510224 3 0.00510224 
566 229 0.00640025 3 0.00640025 
93 310 0.0330591 3 0.0330591 
481 280 0.0204089 3 0.0204089 
251 220 0.00640025 3 0.00640025 
390 240 0.00262995 3 0.00262995 
586 135 0.0236695 3 0.0236695 
518 261 0.00262995 3 0.00262995 
366 170 0.00756173 3 0.00756173 
192 281 0.000692547 3 0.000692547 
430 250 0.000891101 3 0.000891101 
64 243 0.000891101 3 0.000891101 
179 167 0.00548718 3 0.00548718 
540 205 0.0277788 3 0.0277788 
40 300 0.0123462 3 0.0123462 
451 254 0.0156256 3 0.0156256 
201 322 0.000528492 3 0.000528492 
187 236 0.00444461 3 0.00444461 
190 170 0.00756173 3 0.00756173 
302 181 0.00756173 3 0.00756173 
375 183 0.00826478 3 0.00826478 
188 276 0.000148727 3 0.000148727 
79 209 0.0204089 3 0.0204089 
547 214 0.0039064 3 0.0039064 
566 194 0.0277788 3 0.0277788 
301 187 0.00694471 3 0.00694471 
382 120 0.0100004 3 0.0100004 
237 315 0.00189043 3 0.00189043 
313 268 0.00153793 3 0.00153793 
277 288 0.00694471 3 0.00694471 
475 93 0.0204089 3 0.0204089 
432 318 0.0100004 3 0.0100004 
22 112 0.00346034 3 0.00346034 
218 175 0.000292217 3 0.000292217 
573 195 0.000840192 3 0.000840192 
66 121 0.00510224 3 0.00510224 
563 206 0.0123462 3 0.0123462 
498 315 0.00475643 3 0.00475643 
288 186 0.000840192 3 0.000840192 
51 137 0.00756173 3 0.00756173 
138 185 0.00907064 3 0.00907064 
570 295 0.0330591 3 0.0330591 
373 135 0.0236695 3 0.0236695 
37 349 0.00416249 3 0.00416249 
40 304 0.00127556 3 0.00127556 
398 318 0.00189043 3 0.00189043 
299 138 0.00907064 3 0.00907064 
197 198 0.00640025 3 0.00640025 
264 242 0.0277788 3 0.0277788 
388 260 0.000840192 3 0.000840192 
77 310 0.00237963 3 0.00237963 
108 301 0.0012312 3 0.0012312 
92 309 0.00262995 3 0.00262995 
318 320 0.00475643 3 0.00475643 
207 320 0.0100004 2 0.0100004 
345 300 0.000330591 2 0.000330591 
136 164 0.00346034 2 0.00346034 
105 117 0.0100004 2 0.0100004 
41 43 0.00591739 2 0.00591739 
240 161 0.0100004 2 0.0100004 
310 130 0.0330591 2 0.0330591 
115 136 0.00326543 2 0.00326543 
554 235 0.00127556 2 0.00127556 
301 193 0.0100004 2 0.0100004 
71 291 0.0100004 2 0.0100004 
594 347 0.0110808 2 0.0110808 
41 40 0.00416249 2 0.00416249 
38 235 0.00326543 2 0.00326543 
171 131 0.0100004 2 0.0100004 
113 227 0.00346034 2 0.00346034 
480 298 0.00326543 2 0.00326543 
33 158 0.00756173 2 0.00756173 
356 137 0.0236695 2 0.0236695 
245 298 0.0204089 2 0.0204089 
363 309 0.000472608 2 0.000472608 
411 110 0.000750639 2 0.000750639 
327 313 0.000472608 2 0.000472608 
497 327 0.0277788 2 0.0277788 
606 349 0.0204089 2 0.0204089 
247 316 0.00475643 2 0.00475643 
372 305 0.00548718 2 0.00548718 
95 328 0.00137179 2 0.00137179 
297 313 0.000349389 2 0.000349389 
259 281 0.000195616 2 0.000195616 
483 193 0.00694471 2 0.00694471 
449 255 0.000392133 2 0.000392133 
201 306 0.00104062 2 0.00104062 
203 135 0.000115625 2 0.000115625 
108 224 0.0009766 2 0.0009766 
419 167 0.0177785 2 0.0177785 
384 219 0.0156256 2 0.0156256 
232 277 0.00160006 2 0.00160006 
540 338 0.0236695 2 0.0236695 
471 285 0.000392133 2 0.000392133 
404 275 0.0277788 2 0.0277788 
120 259 0.0277788 2 0.0277788 
231 155 0.00694471 2 0.00694471 
303 207 0.000946782 2 0.000946782 
417 145 0.00475643 2 0.00475643 
166 236 0.000946782 2 0.000946782 
90 237 0.00189043 2 0.00189043 
337 136 0.00510224 2 0.00510224 
298 179 0.000158228 2 0.000158228 
150 189 0.0204089 2 0.0204089 
140 200 0.00024415 2 0.00024415 
301 338 0.00114914 2 0.00114914 
168 134 0.0236695 2 0.0236695 
72 314 0.00166604 2 0.00166604 
33 149 0.00694471 2 0.00694471 
266 137 0.00416249 2 0.00416249 
249 228 0.00292195 2 0.00292195 
260 165 0.00694471 2 0.00694471 
184 223 0.0138414 2 0.0138414 
287 242 0.0204089 2 0.0204089 
525 294 0.000711138 2 0.000711138 
23 179 0.00694471 2 0.00694471 
201 154 0.00907064 2 0.00907064 
449 237 0.000580658 2 0.000580658 
529 263 0.0204089 2 0.0204089 
315 251 0.00292195 2 0.00292195 
529 206 0.00137179 2 0.00137179 
295 289 0.000528492 2 0.000528492 
404 301 0.000771635 2 0.000771635 
165 183 0.0330591 2 0.0330591 
530 232 0.00907064 2 0.00907064 
179 165 0.00132236 2 0.00132236 
451 295 0.0123462 2 0.0123462 
400 297 0.0039064 2 0.0039064 
362 205 0.00206619 2 0.00206619 
84 319 0.000297277 2 0.000297277 
125 277 0.000483052 2 0.000483052 
568 305 0.000594907 2 0.000594907 
228 208 0.000891101 2 0.000891101 
320 176 0.00206619 2 0.00206619 
529 279 0.0009766 2 0.0009766 
238 311 0.0009766 2 0.0009766 
90 272 0.00197538 2 0.00197538 
227 271 0.0156256 2 0.0156256 
68 187 0.0110808 2 0.0110808 
175 236 0.0236695 2 0.0236695 
136 145 0.0277788 2 0.0277788 
76 165 0.000566915 2 0.000566915 
362 145 0.00367324 2 0.00367324 
526 220 0.0236695 2 0.0236695 
572 174 0.00367324 2 0.00367324 
575 252 0.00173618 2 0.00173618 
569 247 0.0330591 2 0.0330591 
230 252 0.0330591 2 0.0330591 
372 267 0.00237963 2 0.00237963 
302 293 0.000793524 2 0.000793524 
306 285 0.0177785 2 0.0177785 
374 254 0.0277788 2 0.0277788 
89 302 0.0177785 2 0.0177785 
476 217 0.0330591 2 0.0330591 
423 214 0.0330591 2 0.0330591 
533 285 0.00277019 2 0.00277019 
52 246 0.0009766 2 0.0009766 
367 201 0.00548718 2 0.00548718 
563 335 0.000609687 2 0.000609687 
420 311 0.000483052 2 0.000483052 
177 227 0.00826478 2 0.00826478 
347 180 0.00548718 2 0.00548718 
183 138 0.0277788 1 0.0277788 
94 311 0.00237963 1 0.00237963 
188 262 0.00510224 1 0.00510224 
405 170 0.00127556 1 0.00127556 
417 166 0.0236695 1 0.0236695 
514 161 0.0236695 1 0.0236695 
59 107 0.0330591 1 0.0330591 
127 310 0.00591739 1 0.00591739 
584 298 0.00907064 1 0.00907064 
166 279 0.0009766 1 0.0009766 
483 284 0.0100004 1 0.0100004 
392 281 0.00308654 1 0.00308654 
139 232 0.0039064 1 0.0039064 
249 152 0.00142405 1 0.00142405 
417 279 0.000594907 1 0.000594907 
61 250 0.00826478 1 0.00826478 
112 140 0.000138414 1 0.000138414 
541 301 0.00153793 1 0.00153793 
206 261 0.000416509 1 0.000416509 
75 160 0.00118911 1 0.00118911 
406 153 0.00548718 1 0.00548718 
372 276 0.00326543 1 0.00326543 
202 159 0.00826478 1 0.00826478 
124 261 0.000115625 1 0.000115625 
385 291 0.00326543 1 0.00326543 
144 132 0.00826478 1 0.00826478 
261 155 0.0277788 1 0.0277788 
26 114 0.00181084 1 0.00181084 
128 260 0.0156256 1 0.0156256 
426 102 0.00181084 1 0.00181084 
450 138 0.0277788 1 0.0277788 
520 329 0.0025001 1 0.0025001 
332 325 0.0277788 1 0.0277788 
257 159 0.000692547 1 0.000692547 
288 117 0.00756173 1 0.00756173 
414 325 0.000674676 1 0.000674676 
437 104 0.00510224 1 0.00510224 
43 125 0.0039064 1 0.0039064 
354 277 0.000750639 1 0.000750639 
84 316 0.00147935 1 0.00147935 
211 250 0.00114914 1 0.00114914 
345 107 0.0236695 1 0.0236695 
221 342 0.00024801 1 0.00024801 
325 316 0.00104062 1 0.00104062 
522 290 0.00181084 1 0.00181084 
210 155 0.00326543 1 0.00326543 
220 332 0.000918309 1 0.000918309 
378 262 0.00153793 1 0.00153793 
534 194 0.00326543 1 0.00326543 
263 203 0.00326543 1 0.00326543 
53 154 0.00591739 1 0.00591739 
450 170 0.00640025 1 0.00640025 
210 159 0.00640025 1 0.00640025 
531 201 0.0330591 1 0.0330591 
566 307 0.00132236 1 0.00132236 
398 111 0.00640025 1 0.00640025 
200 199 0.00444461 1 0.00444461 
474 292 0.00216341 1 0.00216341 
358 141 0.0123462 1 0.0123462 
222 128 0.00444461 1 0.00444461 
444 116 0.0156256 1 0.0156256 
26 212 0.0123462 1 0.0123462 
182 152 0.00277019 1 0.00277019 
300 237 0.0177785 1 0.0177785 
120 285 0.00160006 1 0.00160006 
468 303 0.00367324 1 0.00367324 
208 271 0.00160006 1 0.00160006 
278 244 0.00160006 1 0.00160006 
49 147 0.0177785 1 0.0177785 
550 227 0.00160006 1 0.00160006 
115 367 0.000282477 1 0.000282477 
257 148 0.0330591 1 0.0330591 
466 257 0.00127556 1 0.00127556 
294 298 0.0025001 1 0.0025001 
535 118 0.00189043 1 0.00189043 
453 333 0.00197538 1 0.00197538 
259 213 0.0025001 1 0.0025001 
417 119 0.00189043 1 0.00189043 
258 279 0.00197538 1 0.00197538 
87 330 0.00262995 1 0.00262995 
386 257 0.000483052 1 0.000483052 
131 277 0.000816358 1 0.000816358 
214 114 0.0177785 1 0.0177785 
255 273 0.00262995 1 0.00262995 
59 333 0.00206619 1 0.00206619 
108 367 0.00640025 1 0.00640025 
438 310 0.00206619 1 0.00206619 
537 309 0.00206619 1 0.00206619 
480 284 0.000483052 1 0.000483052 
388 264 0.00640025 1 0.00640025 
485 194 0.00640025 1 0.00640025 
217 184 0.00640025 1 0.00640025 
523 127 0.000918309 1 0.000918309 
346 231 0.0138414 1 0.0138414 
37 365 0.00142405 1 0.00142405 
121 184 0.000865085 1 0.000865085 
435 222 0.0100004 1 0.0100004 
126 210 0.000342949 1 0.000342949 
267 317 0.00756173 1 0.00756173 
362 262 0.00044323 1 0.00044323 
432 353 0.0236695 1 0.0236695 
318 240 0.000297277 1 0.000297277 
358 323 0.0236695 1 0.0236695 
297 150 0.000711138 1 0.000711138 
542 217 0.00907064 1 0.00907064 
156 299 0.0236695 1 0.0236695 
384 307 0.0039064 1 0.0039064 
419 175 0.0156256 1 0.0156256 
516 320 0.00510224 1 0.00510224 
87 250 0.0236695 1 0.0236695 
203 247 0.0236695 1 0.0236695 
42 141 0.00153793 1 0.00153793 
418 104 0.00111115 1 0.00111115 
600 159 0.00907064 1 0.00907064 
239 102 0.00216341 1 0.00216341 
377 125 0.00160006 1 0.00160006 
86 108 0.0100004 1 0.0100004 
216 293 0.000640948 1 0.000640948 
87 178 0.00591739 1 0.00591739 
257 333 0.0204089 1 0.0204089 
249 331 0.0204089 1 0.0204089 
65 301 0.0330591 1 0.0330591 
481 274 0.0204089 1 0.0204089 
599 237 0.00475643 1 0.00475643 
459 214 0.00756173 1 0.00756173 
498 278 0.000609687 1 0.000609687 
85 199 0.0204089 1 0.0204089 
507 309 0.00166604 1 0.00166604 
271 276 0.000946782 1 0.000946782 
108 272 0.000946782 1 0.000946782 
240 327 0.0330591 1 0.0330591 
231 164 0.00292195 1 0.00292195 
175 220 0.00166604 1 0.00166604 
524 195 0.00166604 1 0.00166604 
