1
2733
282 386 0.0177785 109 0.0177785 
93 255 0.0236695 102 0.0236695 
453 235 0.0123462 91 0.0123462 
421 322 0.00907064 87 0.00907064 
114 340 0.0156256 80 0.0156256 
221 371 0.0123462 73 0.0123462 
121 290 0.0330591 72 0.0330591 
197 337 0.0277788 69 0.0277788 
215 389 0.0236695 68 0.0236695 
495 371 0.0330591 68 0.0330591 
215 298 0.0330591 68 0.0330591 
385 292 0.0277788 67 0.0277788 
360 381 0.0204089 66 0.0204089 
166 249 0.0177785 66 0.0177785 
96 335 0.0236695 66 0.0236695 
342 382 0.0277788 65 0.0277788 
287 279 0.0277788 65 0.0277788 
605 262 0.0156256 65 0.0156256 
523 338 0.0236695 64 0.0236695 
395 367 0.0330591 63 0.0330591 
91 240 0.0110808 63 0.0110808 
108 298 0.00367324 62 0.00367324 
579 317 0.0100004 62 0.0100004 
567 226 0.0138414 62 0.0138414 
386 275 0.0330591 61 0.0330591 
535 267 0.0236695 61 0.0236695 
420 366 0.00826478 60 0.00826478 
370 387 0.00444461 60 0.00444461 
565 262 0.000472608 59 0.000472608 
377 387 0.0277788 59 0.0277788 
263 386 0.0138414 59 0.0138414 
254 379 0.0100004 59 0.0100004 
79 287 0.0156256 58 0.0156256 
581 264 0.00907064 58 0.00907064 
509 289 0.0204089 58 0.0204089 
373 283 0.0039064 57 0.0039064 
269 278 0.0156256 57 0.0156256 
258 382 0.00591739 57 0.00591739 
365 376 0.0330591 56 0.0330591 
608 323 0.0204089 56 0.0204089 
200 380 0.00591739 56 0.00591739 
174 394 0.0277788 55 0.0277788 
14 326 0.0330591 55 0.0330591 
182 380 0.0204089 54 0.0204089 
269 353 0.00181084 54 0.00181084 
217 268 0.0277788 53 0.0277788 
317 282 0.0177785 53 0.0177785 
375 352 0.00237963 53 0.00237963 
395 283 0.00475643 53 0.00475643 
322 328 0.0110808 53 0.0110808 
237 247 0.0277788 52 0.0277788 
86 294 0.00510224 52 0.00510224 
234 209 0.0236695 51 0.0236695 
490 269 0.0330591 51 0.0330591 
507 271 0.0123462 51 0.0123462 
327 288 0.0177785 51 0.0177785 
490 285 0.00591739 51 0.00591739 
403 381 0.00640025 51 0.00640025 
331 386 0.00444461 50 0.00444461 
529 360 0.00510224 50 0.00510224 
123 229 0.00197538 50 0.00197538 
219 269 0.0204089 49 0.0204089 
551 372 0.00826478 49 0.00826478 
427 291 0.00237963 49 0.00237963 
137 388 0.0177785 49 0.0177785 
216 253 0.0236695 49 0.0236695 
79 300 0.0156256 49 0.0156256 
183 390 0.00510224 49 0.00510224 
360 332 0.000625024 48 0.000625024 
579 321 0.00907064 48 0.00907064 
306 377 0.00756173 47 0.00756173 
164 233 0.0110808 47 0.0110808 
351 238 0.0156256 47 0.0156256 
251 261 0.000840192 47 0.000840192 
507 325 0.0204089 47 0.0204089 
442 312 0.0236695 47 0.0236695 
354 289 0.000657487 47 0.000657487 
469 273 0.00826478 46 0.00826478 
383 377 0.0156256 46 0.0156256 
297 286 0.00444461 46 0.00444461 
295 366 0.0277788 46 0.0277788 
231 222 0.0156256 46 0.0156256 
226 287 0.0177785 46 0.0177785 
164 253 0.00189043 46 0.00189043 
602 318 0.00591739 46 0.00591739 
306 288 0.0177785 46 0.0177785 
362 380 0.0138414 46 0.0138414 
224 258 0.00510224 46 0.00510224 
218 217 0.0236695 45 0.0236695 
580 366 0.0156256 45 0.0156256 
135 282 0.0236695 45 0.0236695 
122 240 0.0039064 45 0.0039064 
343 403 0.0236695 45 0.0236695 
217 214 0.0177785 45 0.0177785 
54 293 0.00591739 45 0.00591739 
386 289 0.00640025 44 0.00640025 
508 264 0.0123462 44 0.0123462 
304 380 0.00640025 44 0.00640025 
214 387 0.0156256 44 0.0156256 
365 287 0.0100004 44 0.0100004 
163 276 0.000730488 44 0.000730488 
206 291 0.00510224 44 0.00510224 
91 234 0.0277788 44 0.0277788 
273 396 0.00346034 44 0.00346034 
266 358 0.000918309 44 0.000918309 
14 329 0.00756173 44 0.00756173 
508 304 0.0204089 44 0.0204089 
598 319 0.0236695 44 0.0236695 
198 340 0.00756173 43 0.00756173 
237 377 0.0100004 43 0.0100004 
272 400 0.0110808 43 0.0110808 
46 287 0.00262995 43 0.00262995 
227 386 0.0177785 43 0.0177785 
416 276 0.0204089 43 0.0204089 
78 298 0.00548718 43 0.00548718 
415 266 0.0330591 43 0.0330591 
578 330 0.00826478 43 0.00826478 
252 247 0.00160006 42 0.00160006 
393 331 0.0330591 42 0.0330591 
452 215 0.00640025 42 0.00640025 
316 284 0.00326543 42 0.00326543 
89 276 0.00104062 42 0.00104062 
225 285 0.0236695 42 0.0236695 
238 373 0.0123462 42 0.0123462 
222 276 0.0330591 42 0.0330591 
454 263 0.000540854 42 0.000540854 
592 319 0.00907064 41 0.00907064 
339 388 0.00907064 41 0.00907064 
385 406 0.0110808 41 0.0110808 
121 304 0.0330591 41 0.0330591 
404 378 0.00226766 41 0.00226766 
255 405 0.0177785 41 0.0177785 
513 381 0.00510224 41 0.00510224 
90 259 0.00181084 41 0.00181084 
449 362 0.0138414 41 0.0138414 
355 386 0.00416249 41 0.00416249 
96 304 0.0330591 41 0.0330591 
503 214 0.00153793 41 0.00153793 
362 388 0.0330591 41 0.0330591 
409 341 0.0204089 41 0.0204089 
532 329 0.0156256 41 0.0156256 
371 351 0.00206619 41 0.00206619 
86 251 0.00262995 40 0.00262995 
130 299 0.000160237 40 0.000160237 
411 308 0.0156256 40 0.0156256 
419 355 0.0039064 40 0.0039064 
250 395 0.0277788 40 0.0277788 
202 232 0.0025001 40 0.0025001 
108 262 0.00826478 40 0.00826478 
417 348 0.0138414 40 0.0138414 
494 255 0.0110808 40 0.0110808 
67 269 0.00640025 39 0.00640025 
228 329 0.0123462 39 0.0123462 
31 285 0.0204089 39 0.0204089 
340 384 0.0156256 39 0.0156256 
90 303 0.00166604 39 0.00166604 
305 278 0.0110808 39 0.0110808 
403 275 0.0110808 39 0.0110808 
571 332 0.00153793 39 0.00153793 
539 322 0.0277788 39 0.0277788 
99 264 0.00292195 39 0.00292195 
49 273 0.0123462 39 0.0123462 
122 238 0.00346034 39 0.00346034 
164 245 0.00308654 39 0.00308654 
368 349 0.00173618 39 0.00173618 
353 322 0.000434044 39 0.000434044 
418 278 0.0138414 39 0.0138414 
208 272 0.0330591 39 0.0330591 
361 282 0.00510224 39 0.00510224 
202 219 0.00127556 39 0.00127556 
508 317 0.0204089 39 0.0204089 
124 221 0.00137179 39 0.00137179 
31 295 0.0204089 39 0.0204089 
287 284 0.00181084 39 0.00181084 
300 265 0.0236695 39 0.0236695 
525 216 0.00756173 38 0.00756173 
236 220 0.0277788 38 0.0277788 
472 235 0.00756173 38 0.00756173 
573 365 0.0177785 38 0.0177785 
426 363 0.0177785 38 0.0177785 
556 330 0.00548718 38 0.00548718 
530 246 0.00444461 38 0.00444461 
581 344 0.00346034 38 0.00346034 
203 329 0.00694471 38 0.00694471 
126 282 0.0330591 38 0.0330591 
60 264 0.0204089 38 0.0204089 
239 386 0.00137179 38 0.00137179 
500 277 0.00444461 38 0.00444461 
134 337 0.0277788 38 0.0277788 
410 260 0.0330591 38 0.0330591 
330 298 0.00226766 38 0.00226766 
146 356 0.000483052 38 0.000483052 
235 278 0.0277788 38 0.0277788 
587 351 0.0100004 37 0.0100004 
580 274 0.00756173 37 0.00756173 
385 285 0.0277788 37 0.0277788 
461 240 0.00197538 37 0.00197538 
453 268 0.000505006 37 0.000505006 
276 291 0.00181084 37 0.00181084 
580 320 0.00416249 37 0.00416249 
371 374 0.000674676 37 0.000674676 
278 385 0.00907064 37 0.00907064 
257 352 0.0039064 37 0.0039064 
240 261 0.00142405 37 0.00142405 
437 280 0.000282477 37 0.000282477 
265 341 0.000472608 37 0.000472608 
312 332 0.0277788 37 0.0277788 
251 378 0.00826478 37 0.00826478 
100 204 0.0138414 37 0.0138414 
63 292 0.00237963 36 0.00237963 
114 212 0.0204089 36 0.0204089 
159 396 0.00826478 36 0.00826478 
567 213 0.0177785 36 0.0177785 
164 321 0.000177785 36 0.000177785 
528 247 0.00510224 36 0.00510224 
276 286 0.00444461 36 0.00444461 
316 275 0.00262995 36 0.00262995 
414 281 0.00308654 36 0.00308654 
599 266 0.0330591 36 0.0330591 
391 389 0.0138414 36 0.0138414 
233 381 0.00640025 36 0.00640025 
525 243 0.00907064 36 0.00907064 
381 382 0.00111115 36 0.00111115 
348 280 0.00181084 36 0.00181084 
179 226 0.0156256 36 0.0156256 
453 205 0.0277788 36 0.0277788 
283 262 0.00591739 36 0.00591739 
366 276 0.0110808 36 0.0110808 
260 294 0.000750639 36 0.000750639 
267 373 0.0236695 35 0.0236695 
238 219 0.0330591 35 0.0330591 
197 336 0.00640025 35 0.00640025 
403 284 0.0177785 35 0.0177785 
182 253 0.0100004 35 0.0100004 
98 243 0.0177785 35 0.0177785 
532 317 0.00694471 35 0.00694471 
582 265 0.00416249 35 0.00416249 
417 392 0.0156256 35 0.0156256 
369 339 0.00100785 35 0.00100785 
576 327 0.00237963 35 0.00237963 
315 325 0.00416249 35 0.00416249 
207 267 0.0204089 35 0.0204089 
106 283 0.000505006 35 0.000505006 
220 230 0.0100004 35 0.0100004 
534 278 0.00907064 35 0.00907064 
359 333 0.00044323 35 0.00044323 
448 267 0.0277788 35 0.0277788 
470 230 0.0100004 35 0.0100004 
512 271 0.00591739 35 0.00591739 
591 356 0.0330591 35 0.0330591 
411 374 0.00262995 35 0.00262995 
96 336 0.00907064 35 0.00907064 
525 255 0.0123462 35 0.0123462 
218 231 0.00826478 34 0.00826478 
383 388 0.00444461 34 0.00444461 
196 288 0.00206619 34 0.00206619 
538 329 0.00694471 34 0.00694471 
533 293 0.00118911 34 0.00118911 
23 291 0.00640025 34 0.00640025 
65 282 0.0156256 34 0.0156256 
104 297 0.000793524 34 0.000793524 
177 225 0.0204089 34 0.0204089 
196 362 0.0236695 34 0.0236695 
230 288 0.00308654 34 0.00308654 
184 364 0.00114914 34 0.00114914 
315 334 0.00416249 34 0.00416249 
376 396 0.0330591 34 0.0330591 
495 326 0.0204089 34 0.0204089 
420 378 0.0236695 34 0.0236695 
390 304 0.0156256 34 0.0156256 
273 350 0.000674676 34 0.000674676 
141 285 0.00694471 34 0.00694471 
382 366 0.0156256 34 0.0156256 
380 364 0.0100004 34 0.0100004 
484 290 0.00277019 34 0.00277019 
96 258 0.0110808 34 0.0110808 
181 216 0.00475643 33 0.00475643 
429 337 0.0123462 33 0.0123462 
400 325 0.0236695 33 0.0236695 
146 304 0.00132236 33 0.00132236 
107 269 0.00444461 33 0.00444461 
37 282 0.0236695 33 0.0236695 
304 333 0.0277788 33 0.0277788 
88 257 0.0100004 33 0.0100004 
286 299 0.00444461 33 0.00444461 
419 335 0.00237963 33 0.00237963 
67 299 0.0277788 33 0.0277788 
37 295 0.0277788 33 0.0277788 
365 305 0.0123462 33 0.0123462 
119 268 0.0236695 33 0.0236695 
566 227 0.00416249 33 0.00416249 
123 221 0.0277788 33 0.0277788 
573 225 0.00308654 33 0.00308654 
388 383 0.00548718 33 0.00548718 
493 363 0.000528492 33 0.000528492 
105 344 0.00416249 33 0.00416249 
360 369 0.0177785 33 0.0177785 
352 359 0.00308654 33 0.00308654 
265 308 0.000182622 33 0.000182622 
231 290 0.00694471 33 0.00694471 
194 372 0.0277788 33 0.0277788 
254 264 0.000730488 33 0.000730488 
109 318 0.00444461 33 0.00444461 
537 326 0.00308654 33 0.00308654 
15 284 0.0277788 33 0.0277788 
75 330 0.00907064 32 0.00907064 
603 318 0.0156256 32 0.0156256 
292 307 0.0138414 32 0.0138414 
495 302 0.0156256 32 0.0156256 
146 382 0.00591739 32 0.00591739 
142 403 0.0100004 32 0.0100004 
267 399 0.0204089 32 0.0204089 
318 300 0.00826478 32 0.00826478 
554 226 0.00826478 32 0.00826478 
30 291 0.0204089 32 0.0204089 
122 297 0.000141729 32 0.000141729 
122 275 0.00826478 32 0.00826478 
326 332 0.00591739 32 0.00591739 
450 358 0.00907064 32 0.00907064 
76 304 0.00444461 32 0.00444461 
106 254 0.0156256 32 0.0156256 
509 221 0.00160006 32 0.00160006 
384 280 0.00173618 32 0.00173618 
210 295 0.0110808 32 0.0110808 
238 344 0.0123462 32 0.0123462 
346 334 0.0177785 32 0.0177785 
452 235 0.00142405 32 0.00142405 
199 289 0.00262995 32 0.00262995 
374 343 0.00132236 32 0.00132236 
131 286 0.00025601 32 0.00025601 
429 339 0.0110808 32 0.0110808 
594 263 0.0330591 32 0.0330591 
222 229 0.0110808 32 0.0110808 
437 381 0.00510224 32 0.00510224 
75 259 0.00694471 32 0.00694471 
223 203 0.00367324 32 0.00367324 
89 319 0.00694471 31 0.00694471 
53 303 0.00640025 31 0.00640025 
566 207 0.00756173 31 0.00756173 
11 366 0.0277788 31 0.0277788 
99 257 0.00444461 31 0.00444461 
194 268 0.00756173 31 0.00756173 
402 296 0.0204089 31 0.0204089 
259 338 0.000400015 31 0.000400015 
41 278 0.00416249 31 0.00416249 
586 315 0.0039064 31 0.0039064 
130 244 0.00277019 31 0.00277019 
513 285 0.00826478 31 0.00826478 
291 368 0.0156256 31 0.0156256 
509 298 0.0156256 31 0.0156256 
381 259 0.00591739 31 0.00591739 
519 271 0.00277019 31 0.00277019 
556 314 0.0156256 31 0.0156256 
366 277 0.00104062 31 0.00104062 
407 281 0.000148727 31 0.000148727 
500 272 0.00444461 31 0.00444461 
380 268 0.0277788 31 0.0277788 
490 296 0.00591739 30 0.00591739 
439 236 0.00756173 30 0.00756173 
302 261 0.0330591 30 0.0330591 
579 323 0.000918309 30 0.000918309 
489 268 0.0100004 30 0.0100004 
15 297 0.0330591 30 0.0330591 
392 284 0.0204089 30 0.0204089 
198 357 0.00907064 30 0.00907064 
190 371 0.00189043 30 0.00189043 
378 287 0.00694471 30 0.00694471 
236 295 0.00346034 30 0.00346034 
158 362 0.00118911 30 0.00118911 
147 353 0.000730488 30 0.000730488 
465 197 0.00907064 30 0.00907064 
399 317 0.0177785 30 0.0177785 
340 282 0.0138414 30 0.0138414 
419 381 0.0204089 30 0.0204089 
252 388 0.00308654 30 0.00308654 
437 365 0.0330591 30 0.0330591 
209 378 0.0204089 30 0.0204089 
353 340 0.000891101 30 0.000891101 
308 296 0.0138414 30 0.0138414 
489 318 0.00548718 30 0.00548718 
256 270 0.000625024 30 0.000625024 
579 309 0.000840192 30 0.000840192 
417 250 0.00591739 30 0.00591739 
330 392 0.00308654 30 0.00308654 
468 319 0.00416249 30 0.00416249 
186 390 0.0177785 30 0.0177785 
479 350 0.0025001 30 0.0025001 
109 297 0.0123462 30 0.0123462 
83 261 0.00137179 30 0.00137179 
69 206 0.0138414 30 0.0138414 
306 268 0.00756173 30 0.00756173 
523 321 0.0025001 30 0.0025001 
562 219 0.0138414 30 0.0138414 
31 302 0.00756173 30 0.00756173 
413 324 0.00346034 29 0.00346034 
519 198 0.0330591 29 0.0330591 
551 322 0.0156256 29 0.0156256 
420 285 0.000185115 29 0.000185115 
478 293 0.00189043 29 0.00189043 
433 297 0.000891101 29 0.000891101 
355 356 0.0025001 29 0.0025001 
489 326 0.00640025 29 0.00640025 
524 326 0.00907064 29 0.00907064 
98 301 0.0156256 29 0.0156256 
91 273 0.00216341 29 0.00216341 
29 299 0.00548718 29 0.00548718 
402 282 0.0138414 29 0.0138414 
352 342 0.000566915 29 0.000566915 
562 382 0.00189043 29 0.00189043 
541 327 0.00237963 29 0.00237963 
395 353 0.0123462 29 0.0123462 
77 277 0.000640948 29 0.000640948 
65 187 0.0277788 29 0.0277788 
113 265 0.0138414 29 0.0138414 
399 314 0.0177785 29 0.0177785 
198 333 0.0177785 29 0.0177785 
292 334 0.0138414 29 0.0138414 
104 332 0.0330591 29 0.0330591 
387 392 0.0330591 29 0.0330591 
369 398 0.0039064 29 0.0039064 
417 390 0.0138414 29 0.0138414 
215 198 0.00197538 29 0.00197538 
223 310 0.0100004 29 0.0100004 
217 356 0.00197538 29 0.00197538 
336 281 0.00444461 29 0.00444461 
428 265 0.0204089 29 0.0204089 
330 386 0.0110808 29 0.0110808 
500 258 0.0039064 28 0.0039064 
423 284 0.00475643 28 0.00475643 
333 327 0.0156256 28 0.0156256 
131 331 0.000216271 28 0.000216271 
368 407 0.0236695 28 0.0236695 
587 270 0.0039064 28 0.0039064 
569 320 0.00160006 28 0.00160006 
467 329 0.0177785 28 0.0177785 
345 286 0.00694471 28 0.00694471 
272 371 0.00181084 28 0.00181084 
499 279 0.0330591 28 0.0330591 
430 386 0.0177785 28 0.0177785 
72 266 0.00367324 28 0.00367324 
169 235 0.0156256 28 0.0156256 
319 305 0.00548718 28 0.00548718 
247 325 0.0330591 28 0.0330591 
587 336 0.00756173 28 0.00756173 
443 380 0.00308654 28 0.00308654 
527 325 0.00367324 28 0.00367324 
440 234 0.0236695 28 0.0236695 
159 354 0.00118911 28 0.00118911 
544 317 0.00826478 28 0.00826478 
72 310 0.0110808 28 0.0110808 
275 388 0.00640025 28 0.00640025 
316 389 0.0330591 28 0.0330591 
452 230 0.00197538 28 0.00197538 
32 281 0.00756173 28 0.00756173 
549 377 0.00510224 28 0.00510224 
320 355 0.00444461 28 0.00444461 
112 236 0.00756173 28 0.00756173 
76 272 0.00262995 27 0.00262995 
52 293 0.00277019 27 0.00277019 
377 317 0.00262995 27 0.00262995 
282 271 0.0277788 27 0.0277788 
322 319 0.0110808 27 0.0110808 
98 206 0.00907064 27 0.00907064 
370 360 0.00111115 27 0.00111115 
529 283 0.00475643 27 0.00475643 
264 378 0.00346034 27 0.00346034 
271 377 0.000674676 27 0.000674676 
67 293 0.0277788 27 0.0277788 
428 275 0.000233096 27 0.000233096 
37 291 0.00640025 27 0.00640025 
239 386 0.00367324 27 0.00367324 
371 380 0.0156256 27 0.0156256 
345 274 0.0277788 27 0.0277788 
419 276 0.00510224 27 0.00510224 
365 296 0.00111115 27 0.00111115 
143 222 0.00510224 27 0.00510224 
575 317 0.0012312 27 0.0012312 
253 233 0.00367324 27 0.00367324 
405 266 0.00640025 27 0.00640025 
184 392 0.0277788 27 0.0277788 
366 285 0.00107502 27 0.00107502 
202 251 0.0123462 27 0.0123462 
231 241 0.0177785 27 0.0177785 
418 290 0.000865085 27 0.000865085 
329 319 0.00206619 27 0.00206619 
588 261 0.0039064 27 0.0039064 
299 260 0.0156256 27 0.0156256 
11 351 0.0123462 27 0.0123462 
387 277 0.00548718 27 0.00548718 
143 333 0.0156256 27 0.0156256 
416 385 0.0100004 27 0.0100004 
409 333 0.0204089 27 0.0204089 
359 397 0.0330591 27 0.0330591 
91 248 0.00416249 27 0.00416249 
453 222 0.0236695 27 0.0236695 
550 268 0.0204089 27 0.0204089 
495 322 0.0138414 27 0.0138414 
582 200 0.0204089 27 0.0204089 
108 299 0.00216341 27 0.00216341 
204 256 0.0177785 27 0.0177785 
340 367 0.0100004 27 0.0100004 
406 333 0.00166604 27 0.00166604 
101 292 0.00907064 27 0.00907064 
398 258 0.0138414 27 0.0138414 
121 298 0.0330591 27 0.0330591 
176 393 0.00326543 27 0.00326543 
338 334 0.0138414 27 0.0138414 
335 286 0.00197538 27 0.00197538 
393 321 0.0330591 27 0.0330591 
384 273 0.00907064 27 0.00907064 
62 292 0.00132236 26 0.00132236 
302 334 0.00475643 26 0.00475643 
490 211 0.00292195 26 0.00292195 
554 224 0.0236695 26 0.0236695 
467 224 0.0138414 26 0.0138414 
194 388 0.0156256 26 0.0156256 
372 339 0.000307799 26 0.000307799 
30 280 0.0277788 26 0.0277788 
476 238 0.00444461 26 0.00444461 
239 300 0.00226766 26 0.00226766 
266 295 0.0277788 26 0.0277788 
458 302 0.00111115 26 0.00111115 
398 357 0.0330591 26 0.0330591 
286 294 0.00510224 26 0.00510224 
445 283 0.00510224 26 0.00510224 
402 333 0.00548718 26 0.00548718 
37 289 0.0204089 26 0.0204089 
304 287 0.0123462 26 0.0123462 
584 332 0.00142405 26 0.00142405 
222 329 0.00591739 26 0.00591739 
549 320 0.00510224 26 0.00510224 
430 351 0.00160006 26 0.00160006 
252 224 0.00826478 26 0.00826478 
459 380 0.0204089 26 0.0204089 
130 236 0.00548718 26 0.00548718 
268 270 0.000425141 26 0.000425141 
108 388 0.0330591 26 0.0330591 
563 328 0.00104062 26 0.00104062 
472 200 0.00548718 26 0.00548718 
138 216 0.0156256 26 0.0156256 
451 326 0.0100004 26 0.0100004 
214 316 0.0330591 26 0.0330591 
101 295 0.00756173 26 0.00756173 
59 302 0.0236695 26 0.0236695 
310 307 0.0330591 26 0.0330591 
455 356 0.0177785 26 0.0177785 
237 354 0.0177785 26 0.0177785 
591 256 0.0156256 26 0.0156256 
557 255 0.000692547 26 0.000692547 
499 293 0.0330591 26 0.0330591 
203 342 0.00826478 26 0.00826478 
146 347 0.000342949 26 0.000342949 
336 280 0.000342949 26 0.000342949 
251 239 0.00262995 26 0.00262995 
411 383 0.00153793 25 0.00153793 
209 260 0.0204089 25 0.0204089 
203 293 0.0156256 25 0.0156256 
371 339 0.000692547 25 0.000692547 
148 250 0.00694471 25 0.00694471 
487 278 0.00160006 25 0.00160006 
37 278 0.0156256 25 0.0156256 
554 266 0.000640948 25 0.000640948 
180 284 0.0123462 25 0.0123462 
146 231 0.0277788 25 0.0277788 
574 351 0.0110808 25 0.0110808 
424 336 0.0330591 25 0.0330591 
214 278 0.00907064 25 0.00907064 
581 416 0.0177785 25 0.0177785 
350 378 0.00694471 25 0.00694471 
78 289 0.00591739 25 0.00591739 
410 361 0.0156256 25 0.0156256 
352 273 0.000566915 25 0.000566915 
286 323 0.00510224 25 0.00510224 
8 330 0.0236695 25 0.0236695 
90 290 0.00326543 25 0.00326543 
489 252 0.00591739 25 0.00591739 
544 279 0.0012312 25 0.0012312 
123 283 0.0236695 25 0.0236695 
453 369 0.0236695 25 0.0236695 
455 351 0.000674676 25 0.000674676 
453 317 0.000528492 25 0.000528492 
89 298 0.00367324 25 0.00367324 
211 232 0.00444461 25 0.00444461 
236 239 0.00111115 25 0.00111115 
188 229 0.00640025 25 0.00640025 
100 189 0.0204089 25 0.0204089 
230 351 0.0039064 25 0.0039064 
389 289 0.000105198 25 0.000105198 
276 326 0.0277788 25 0.0277788 
431 326 0.00277019 25 0.00277019 
300 301 0.000136799 25 0.000136799 
503 231 0.00416249 25 0.00416249 
442 265 0.0236695 25 0.0236695 
558 360 0.000750639 25 0.000750639 
172 406 0.00591739 25 0.00591739 
490 388 0.00591739 25 0.00591739 
389 348 0.00444461 24 0.00444461 
157 379 0.00166604 24 0.00166604 
410 290 0.0330591 24 0.0330591 
406 276 0.000104127 24 0.000104127 
272 249 0.00640025 24 0.00640025 
469 273 0.000865085 24 0.000865085 
474 301 0.0012312 24 0.0012312 
250 283 0.00107502 24 0.00107502 
199 365 0.0110808 24 0.0110808 
365 306 0.000287285 24 0.000287285 
27 330 0.00367324 24 0.00367324 
375 399 0.00160006 24 0.00160006 
575 290 0.0025001 24 0.0025001 
98 388 0.0277788 24 0.0277788 
469 263 0.0100004 24 0.0100004 
570 314 0.000609687 24 0.000609687 
284 274 0.000273216 24 0.000273216 
336 292 0.000891101 24 0.000891101 
223 325 0.00548718 24 0.00548718 
253 218 0.0204089 24 0.0204089 
369 287 0.00277019 24 0.00277019 
250 279 0.0204089 24 0.0204089 
270 373 0.0138414 24 0.0138414 
424 351 0.00237963 24 0.00237963 
530 290 0.00277019 24 0.00277019 
393 294 0.00591739 24 0.00591739 
296 370 0.0138414 24 0.0138414 
429 237 0.00444461 24 0.00444461 
392 379 0.00237963 24 0.00237963 
237 276 0.00206619 24 0.00206619 
409 317 0.0236695 24 0.0236695 
495 311 0.0156256 24 0.0156256 
87 262 0.00591739 24 0.00591739 
498 258 0.0138414 24 0.0138414 
312 204 0.0277788 24 0.0277788 
156 285 0.00826478 24 0.00826478 
323 346 0.0177785 24 0.0177785 
449 322 0.0156256 24 0.0156256 
567 335 0.00694471 23 0.00694471 
516 315 0.00475643 23 0.00475643 
225 203 0.00173618 23 0.00173618 
420 326 0.0039064 23 0.0039064 
216 272 0.00640025 23 0.00640025 
543 290 0.00277019 23 0.00277019 
140 359 0.00510224 23 0.00510224 
319 329 0.00277019 23 0.00277019 
442 353 0.0039064 23 0.0039064 
274 406 0.00510224 23 0.00510224 
462 225 0.00640025 23 0.00640025 
447 233 0.00132236 23 0.00132236 
118 343 0.0039064 23 0.0039064 
349 221 0.00756173 23 0.00756173 
140 224 0.00475643 23 0.00475643 
187 244 0.00166604 23 0.00166604 
450 380 0.0177785 23 0.0177785 
378 347 0.00181084 23 0.00181084 
300 274 0.000198381 23 0.000198381 
185 361 0.00226766 23 0.00226766 
119 316 0.0177785 23 0.0177785 
141 234 0.0177785 23 0.0177785 
54 205 0.0177785 23 0.0177785 
359 314 0.000349389 23 0.000349389 
125 292 0.0123462 23 0.0123462 
369 245 0.00591739 23 0.00591739 
530 270 0.0100004 23 0.0100004 
371 315 0.000392133 23 0.000392133 
461 234 0.00277019 23 0.00277019 
462 219 0.0123462 23 0.0123462 
553 402 0.0277788 23 0.0277788 
173 401 0.00826478 23 0.00826478 
434 338 0.00640025 23 0.00640025 
149 209 0.0204089 23 0.0204089 
514 290 0.00694471 23 0.00694471 
507 253 0.0100004 23 0.0100004 
357 287 0.00189043 23 0.00189043 
145 288 0.00444461 23 0.00444461 
369 320 0.00044323 23 0.00044323 
272 295 0.0277788 23 0.0277788 
437 276 0.00416249 23 0.00416249 
530 263 0.00907064 23 0.00907064 
54 245 0.00444461 23 0.00444461 
539 334 0.0330591 23 0.0330591 
148 373 0.0009766 23 0.0009766 
396 275 0.00444461 23 0.00444461 
125 219 0.0156256 23 0.0156256 
158 304 0.000124845 23 0.000124845 
277 244 0.0277788 23 0.0277788 
287 332 0.00640025 22 0.00640025 
64 251 0.0177785 22 0.0177785 
469 270 0.000324661 22 0.000324661 
420 347 0.00907064 22 0.00907064 
444 262 0.0110808 22 0.0110808 
566 206 0.0277788 22 0.0277788 
251 281 0.000505006 22 0.000505006 
203 329 0.0204089 22 0.0204089 
581 340 0.00137179 22 0.00137179 
418 298 0.00510224 22 0.00510224 
420 344 0.0277788 22 0.0277788 
155 232 0.00416249 22 0.00416249 
477 256 0.00197538 22 0.00197538 
117 324 0.0123462 22 0.0123462 
245 211 0.0277788 22 0.0277788 
544 209 0.0138414 22 0.0138414 
168 264 0.000640948 22 0.000640948 
68 279 0.0330591 22 0.0330591 
63 203 0.0330591 22 0.0330591 
367 308 0.00756173 22 0.00756173 
290 281 0.00548718 22 0.00548718 
327 298 0.00114914 22 0.00114914 
173 356 0.000692547 22 0.000692547 
38 291 0.00160006 22 0.00160006 
243 309 0.00142405 22 0.00142405 
164 237 0.00640025 22 0.00640025 
424 242 0.00262995 22 0.00262995 
574 326 0.00475643 22 0.00475643 
467 317 0.0110808 22 0.0110808 
15 220 0.0177785 22 0.0177785 
194 393 0.00694471 22 0.00694471 
552 312 0.0277788 22 0.0277788 
125 354 0.0204089 22 0.0204089 
294 288 0.0177785 22 0.0177785 
155 227 0.0177785 22 0.0177785 
557 374 0.00367324 22 0.00367324 
523 301 0.0110808 22 0.0110808 
214 332 0.00262995 22 0.00262995 
306 334 0.00189043 22 0.00189043 
485 339 0.00142405 22 0.00142405 
220 344 0.0236695 22 0.0236695 
539 326 0.0277788 22 0.0277788 
141 298 0.00197538 22 0.00197538 
158 402 0.0110808 22 0.0110808 
577 339 0.00237963 21 0.00237963 
278 330 0.00031889 21 0.00031889 
369 324 0.00153793 21 0.00153793 
180 299 0.0123462 21 0.0123462 
445 341 0.00100785 21 0.00100785 
462 365 0.0012312 21 0.0012312 
232 237 0.0277788 21 0.0277788 
210 318 0.0204089 21 0.0204089 
535 288 0.00100785 21 0.00100785 
257 321 0.000692547 21 0.000692547 
202 346 0.0177785 21 0.0177785 
496 290 0.0156256 21 0.0156256 
468 285 0.00907064 21 0.00907064 
497 281 0.0177785 21 0.0177785 
323 351 0.0177785 21 0.0177785 
436 301 0.000282477 21 0.000282477 
257 270 0.0277788 21 0.0277788 
318 337 0.00308654 21 0.00308654 
309 251 0.0277788 21 0.0277788 
113 340 0.00694471 21 0.00694471 
519 299 0.0236695 21 0.0236695 
184 266 0.00142405 21 0.00142405 
21 291 0.0236695 21 0.0236695 
195 387 0.00166604 21 0.00166604 
545 229 0.00510224 21 0.00510224 
15 290 0.0330591 21 0.0330591 
513 280 0.000124845 21 0.000124845 
489 290 0.0277788 21 0.0277788 
286 381 0.00694471 21 0.00694471 
426 340 0.00416249 21 0.00416249 
19 181 0.00826478 21 0.00826478 
558 316 0.000540854 21 0.000540854 
195 354 0.00591739 21 0.00591739 
285 337 0.000640948 21 0.000640948 
398 285 0.00326543 21 0.00326543 
204 332 0.0277788 21 0.0277788 
433 269 0.00160006 21 0.00160006 
552 327 0.000625024 21 0.000625024 
95 206 0.00640025 21 0.00640025 
237 330 0.00216341 21 0.00216341 
141 326 0.0123462 21 0.0123462 
443 328 0.000793524 21 0.000793524 
114 273 0.00694471 21 0.00694471 
495 362 0.000840192 21 0.000840192 
330 243 0.00591739 21 0.00591739 
161 325 0.0177785 21 0.0177785 
363 407 0.0100004 21 0.0100004 
450 343 0.0123462 21 0.0123462 
77 261 0.0277788 20 0.0277788 
232 381 0.00226766 20 0.00226766 
73 292 0.00591739 20 0.00591739 
413 270 0.00292195 20 0.00292195 
92 273 0.00694471 20 0.00694471 
542 256 0.00127556 20 0.00127556 
343 283 0.000865085 20 0.000865085 
267 288 0.00826478 20 0.00826478 
589 376 0.0156256 20 0.0156256 
302 363 0.0110808 20 0.0110808 
271 347 0.000594907 20 0.000594907 
486 320 0.00416249 20 0.00416249 
592 332 0.0138414 20 0.0138414 
155 205 0.00826478 20 0.00826478 
445 309 0.000730488 20 0.000730488 
466 236 0.00826478 20 0.00826478 
457 280 0.000493846 20 0.000493846 
489 364 0.0009766 20 0.0009766 
268 275 0.000392133 20 0.000392133 
391 334 0.00510224 20 0.00510224 
100 340 0.00826478 20 0.00826478 
151 281 0.0138414 20 0.0138414 
218 297 0.0156256 20 0.0156256 
579 226 0.0100004 20 0.0100004 
572 394 0.000918309 20 0.000918309 
460 387 0.0009766 20 0.0009766 
169 388 0.0177785 20 0.0177785 
185 370 0.0177785 20 0.0177785 
327 324 0.00510224 20 0.00510224 
393 373 0.0100004 20 0.0100004 
69 278 0.000483052 20 0.000483052 
271 285 0.0012312 20 0.0012312 
449 320 0.00694471 20 0.00694471 
258 331 0.00367324 20 0.00367324 
535 260 0.0177785 20 0.0177785 
309 279 0.00189043 20 0.00189043 
449 334 0.00367324 20 0.00367324 
134 217 0.00475643 20 0.00475643 
316 256 0.00640025 20 0.00640025 
446 256 0.000260156 20 0.000260156 
69 262 0.0123462 20 0.0123462 
349 389 0.00548718 20 0.00548718 
42 179 0.0177785 20 0.0177785 
437 293 0.000771635 20 0.000771635 
452 351 0.00826478 19 0.00826478 
387 399 0.0100004 19 0.0100004 
135 214 0.0236695 19 0.0236695 
184 268 0.00262995 19 0.00262995 
283 317 0.00346034 19 0.00346034 
464 343 0.000472608 19 0.000472608 
550 233 0.0100004 19 0.0100004 
413 315 0.00308654 19 0.00308654 
533 371 0.0138414 19 0.0138414 
407 398 0.0100004 19 0.0100004 
200 295 0.00907064 19 0.00907064 
491 273 0.0156256 19 0.0156256 
254 395 0.0204089 19 0.0204089 
238 277 0.0138414 19 0.0138414 
162 280 0.0204089 19 0.0204089 
161 231 0.000434044 19 0.000434044 
497 230 0.00694471 19 0.00694471 
286 363 0.0138414 19 0.0138414 
284 254 0.0138414 19 0.0138414 
214 351 0.00153793 19 0.00153793 
503 194 0.000692547 19 0.000692547 
547 284 0.000216271 19 0.000216271 
427 286 0.0236695 19 0.0236695 
427 253 0.00907064 19 0.00907064 
528 273 0.0330591 19 0.0330591 
270 278 0.00591739 19 0.00591739 
106 339 0.00416249 19 0.00416249 
374 323 0.0236695 19 0.0236695 
268 346 0.00142405 19 0.00142405 
585 241 0.00237963 19 0.00237963 
465 306 0.000840192 19 0.000840192 
14 348 0.00756173 19 0.00756173 
521 225 0.0156256 19 0.0156256 
533 270 0.000793524 19 0.000793524 
590 311 0.00166604 19 0.00166604 
461 331 0.0110808 19 0.0110808 
117 265 0.00277019 19 0.00277019 
66 243 0.00826478 19 0.00826478 
435 229 0.00907064 19 0.00907064 
114 286 0.000400015 19 0.000400015 
81 321 0.0236695 19 0.0236695 
31 294 0.00826478 19 0.00826478 
420 318 0.00346034 19 0.00346034 
589 312 0.0156256 19 0.0156256 
115 213 0.00548718 19 0.00548718 
200 264 0.0277788 19 0.0277788 
108 385 0.0330591 19 0.0330591 
583 221 0.0123462 19 0.0123462 
157 205 0.0330591 19 0.0330591 
222 276 0.00346034 19 0.00346034 
254 249 0.00694471 19 0.00694471 
13 294 0.0177785 19 0.0177785 
122 389 0.00326543 19 0.00326543 
453 220 0.0039064 19 0.0039064 
349 405 0.0100004 19 0.0100004 
364 380 0.00197538 19 0.00197538 
168 247 0.000516549 18 0.000516549 
126 284 0.00640025 18 0.00640025 
144 259 0.00346034 18 0.00346034 
185 399 0.0100004 18 0.0100004 
110 227 0.00444461 18 0.00444461 
473 347 0.0039064 18 0.0039064 
484 258 0.00326543 18 0.00326543 
539 280 0.00308654 18 0.00308654 
106 326 0.0138414 18 0.0138414 
524 322 0.0236695 18 0.0236695 
76 278 0.0009766 18 0.0009766 
576 291 0.00100785 18 0.00100785 
559 227 0.0204089 18 0.0204089 
405 273 0.00756173 18 0.00756173 
174 238 0.0204089 18 0.0204089 
369 278 0.00262995 18 0.00262995 
555 263 0.00907064 18 0.00907064 
492 273 0.00510224 18 0.00510224 
585 345 0.00173618 18 0.00173618 
572 220 0.0177785 18 0.0177785 
121 367 0.0330591 18 0.0330591 
131 377 0.0236695 18 0.0236695 
164 228 0.0236695 18 0.0236695 
430 308 0.0177785 18 0.0177785 
171 409 0.00416249 18 0.00416249 
179 299 0.0330591 18 0.0330591 
316 351 0.0204089 18 0.0204089 
268 321 0.0138414 18 0.0138414 
435 229 0.00100785 18 0.00100785 
235 347 0.000297277 18 0.000297277 
102 229 0.0138414 18 0.0138414 
575 401 0.000674676 18 0.000674676 
278 283 0.0330591 18 0.0330591 
290 203 0.0123462 18 0.0123462 
409 293 0.00262995 18 0.00262995 
442 370 0.00756173 18 0.00756173 
440 276 0.0138414 18 0.0138414 
554 355 0.0236695 18 0.0236695 
189 352 0.00197538 18 0.00197538 
196 267 0.00367324 18 0.00367324 
298 291 0.00189043 18 0.00189043 
439 349 0.0025001 18 0.0025001 
517 398 0.0277788 18 0.0277788 
307 309 0.000158228 18 0.000158228 
154 375 0.00262995 18 0.00262995 
102 306 0.00416249 18 0.00416249 
243 290 0.00206619 18 0.00206619 
203 316 0.00640025 18 0.00640025 
469 284 0.00444461 18 0.00444461 
581 299 0.00640025 18 0.00640025 
179 332 0.0138414 18 0.0138414 
119 351 0.0123462 18 0.0123462 
433 233 0.00694471 18 0.00694471 
426 247 0.0277788 18 0.0277788 
465 234 0.0277788 18 0.0277788 
481 243 0.00756173 18 0.00756173 
140 333 0.000369837 18 0.000369837 
368 386 0.0236695 18 0.0236695 
11 203 0.0177785 18 0.0177785 
530 340 0.00326543 18 0.00326543 
600 268 0.0110808 18 0.0110808 
95 267 0.0236695 18 0.0236695 
474 269 0.000292217 18 0.000292217 
456 238 0.00756173 18 0.00756173 
154 400 0.00640025 18 0.00640025 
227 330 0.00591739 17 0.00591739 
164 260 0.00132236 17 0.00132236 
432 320 0.000505006 17 0.000505006 
537 284 0.000185115 17 0.000185115 
597 410 0.0110808 17 0.0110808 
585 317 0.00132236 17 0.00132236 
577 270 0.0025001 17 0.0025001 
555 369 0.00591739 17 0.00591739 
235 325 0.00591739 17 0.00591739 
520 227 0.0177785 17 0.0177785 
437 265 0.0236695 17 0.0236695 
475 342 0.000251962 17 0.000251962 
417 343 0.0204089 17 0.0204089 
505 276 0.00277019 17 0.00277019 
435 250 0.00591739 17 0.00591739 
135 352 0.000349389 17 0.000349389 
578 385 0.00326543 17 0.00326543 
473 402 0.0138414 17 0.0138414 
286 296 0.0330591 17 0.0330591 
253 283 0.00216341 17 0.00216341 
545 297 0.00024801 17 0.00024801 
83 292 0.000516549 17 0.000516549 
585 281 0.0012312 17 0.0012312 
391 325 0.0138414 17 0.0138414 
352 267 0.0236695 17 0.0236695 
250 389 0.00147935 17 0.00147935 
533 382 0.0204089 17 0.0204089 
152 289 0.00444461 17 0.00444461 
448 278 0.000377053 17 0.000377053 
577 270 0.00475643 17 0.00475643 
245 206 0.0177785 17 0.0177785 
444 307 0.000356012 17 0.000356012 
490 297 0.0156256 17 0.0156256 
338 265 0.0330591 17 0.0330591 
373 282 0.0138414 17 0.0138414 
413 360 0.0100004 17 0.0100004 
385 321 0.000207037 17 0.000207037 
31 331 0.00640025 17 0.00640025 
181 365 0.00756173 17 0.00756173 
568 388 0.00127556 17 0.00127556 
573 214 0.00756173 17 0.00756173 
198 287 0.0204089 17 0.0204089 
403 374 0.00181084 17 0.00181084 
129 197 0.00444461 17 0.00444461 
412 382 0.0330591 17 0.0330591 
218 224 0.0039064 17 0.0039064 
446 271 0.0123462 17 0.0123462 
448 252 0.000657487 17 0.000657487 
590 243 0.00292195 17 0.00292195 
218 353 0.0236695 17 0.0236695 
387 261 0.0100004 17 0.0100004 
180 319 0.00756173 17 0.00756173 
310 272 0.000240379 17 0.000240379 
172 364 0.000408137 17 0.000408137 
240 319 0.000516549 17 0.000516549 
277 287 0.0236695 17 0.0236695 
389 276 0.0025001 17 0.0025001 
408 261 0.000207037 17 0.000207037 
134 295 0.00367324 17 0.00367324 
409 327 0.0204089 17 0.0204089 
441 385 0.00132236 17 0.00132236 
392 301 0.00510224 17 0.00510224 
272 308 0.0123462 17 0.0123462 
190 209 0.0330591 17 0.0330591 
311 344 0.0204089 17 0.0204089 
345 278 0.00591739 17 0.00591739 
243 282 0.00640025 17 0.00640025 
286 320 0.0236695 17 0.0236695 
46 287 0.00160006 17 0.00160006 
24 275 0.0236695 17 0.0236695 
263 285 0.00548718 17 0.00548718 
384 252 0.0156256 17 0.0156256 
289 331 0.0330591 17 0.0330591 
535 233 0.0100004 16 0.0100004 
39 244 0.00153793 16 0.00153793 
52 233 0.00181084 16 0.00181084 
378 352 0.000434044 16 0.000434044 
412 324 0.00197538 16 0.00197538 
439 344 0.0156256 16 0.0156256 
92 282 0.0236695 16 0.0236695 
201 321 0.00475643 16 0.00475643 
569 376 0.00326543 16 0.00326543 
470 196 0.00475643 16 0.00475643 
125 375 0.00907064 16 0.00907064 
543 304 0.00100785 16 0.00100785 
448 342 0.00197538 16 0.00197538 
579 214 0.0177785 16 0.0177785 
386 385 0.0156256 16 0.0156256 
506 236 0.00510224 16 0.00510224 
406 291 0.00907064 16 0.00907064 
522 288 0.000891101 16 0.000891101 
110 246 0.00237963 16 0.00237963 
373 386 0.0138414 16 0.0138414 
195 375 0.00114914 16 0.00114914 
177 335 0.00475643 16 0.00475643 
571 311 0.0156256 16 0.0156256 
410 325 0.0204089 16 0.0204089 
118 334 0.00826478 16 0.00826478 
585 379 0.00756173 16 0.00756173 
605 418 0.0277788 16 0.0277788 
597 206 0.00591739 16 0.00591739 
527 351 0.0177785 16 0.0177785 
476 283 0.00292195 16 0.00292195 
294 294 0.0138414 16 0.0138414 
384 331 0.00510224 16 0.00510224 
383 379 0.00640025 16 0.00640025 
190 302 0.000111983 16 0.000111983 
522 223 0.0123462 16 0.0123462 
327 266 0.00756173 16 0.00756173 
379 308 0.000156256 16 0.000156256 
275 324 0.00181084 16 0.00181084 
602 179 0.0236695 16 0.0236695 
97 263 0.00640025 16 0.00640025 
131 297 0.0204089 16 0.0204089 
232 224 0.0100004 16 0.0100004 
431 262 0.0100004 16 0.0100004 
454 389 0.0204089 16 0.0204089 
424 275 0.000918309 16 0.000918309 
349 335 0.0100004 16 0.0100004 
522 362 0.0123462 16 0.0123462 
187 294 0.00206619 16 0.00206619 
480 273 0.0236695 16 0.0236695 
421 183 0.00826478 16 0.00826478 
154 248 0.000793524 16 0.000793524 
159 357 0.000540854 16 0.000540854 
444 236 0.0177785 16 0.0177785 
436 336 0.00104062 16 0.00104062 
453 223 0.00826478 16 0.00826478 
337 386 0.000233096 16 0.000233096 
452 334 0.000505006 16 0.000505006 
220 337 0.0204089 16 0.0204089 
162 406 0.0025001 16 0.0025001 
243 285 0.000392133 16 0.000392133 
557 317 0.00548718 16 0.00548718 
86 294 0.0012312 16 0.0012312 
451 237 0.00416249 16 0.00416249 
188 330 0.0025001 16 0.0025001 
132 255 0.0177785 16 0.0177785 
62 282 0.000377053 16 0.000377053 
442 239 0.00206619 16 0.00206619 
142 301 0.0039064 16 0.0039064 
455 312 0.000349389 16 0.000349389 
338 387 0.0039064 15 0.0039064 
152 301 0.00326543 15 0.00326543 
490 229 0.0156256 15 0.0156256 
416 196 0.0177785 15 0.0177785 
130 355 0.0330591 15 0.0330591 
525 302 0.00206619 15 0.00206619 
507 330 0.00548718 15 0.00548718 
72 249 0.0177785 15 0.0177785 
313 312 0.0123462 15 0.0123462 
326 303 0.0123462 15 0.0123462 
580 333 0.00367324 15 0.00367324 
92 247 0.000349389 15 0.000349389 
120 338 0.00308654 15 0.00308654 
459 235 0.00548718 15 0.00548718 
476 272 0.00346034 15 0.00346034 
52 194 0.00756173 15 0.00756173 
78 394 0.0330591 15 0.0330591 
260 399 0.0177785 15 0.0177785 
444 315 0.00591739 15 0.00591739 
367 276 0.00510224 15 0.00510224 
353 400 0.00031889 15 0.00031889 
61 287 0.00756173 15 0.00756173 
312 388 0.00104062 15 0.00104062 
45 193 0.0204089 15 0.0204089 
560 219 0.00197538 15 0.00197538 
573 336 0.00826478 15 0.00826478 
594 234 0.00826478 15 0.00826478 
283 265 0.00216341 15 0.00216341 
167 266 0.000946782 15 0.000946782 
529 263 0.00416249 15 0.00416249 
244 347 0.00510224 15 0.00510224 
91 216 0.00262995 15 0.00262995 
203 337 0.00756173 15 0.00756173 
265 389 0.00226766 15 0.00226766 
477 263 0.000771635 15 0.000771635 
338 308 0.0012312 15 0.0012312 
489 284 0.0236695 15 0.0236695 
567 374 0.0156256 15 0.0156256 
292 199 0.0236695 15 0.0236695 
139 230 0.000918309 15 0.000918309 
85 354 0.00100785 15 0.00100785 
312 320 0.0277788 15 0.0277788 
74 219 0.000640948 15 0.000640948 
477 390 0.000282477 15 0.000282477 
316 193 0.0277788 15 0.0277788 
426 310 0.000750639 15 0.000750639 
446 353 0.00475643 15 0.00475643 
143 291 0.000130617 15 0.000130617 
182 353 0.00226766 15 0.00226766 
433 309 0.0138414 15 0.0138414 
121 259 0.00104062 15 0.00104062 
544 322 0.000462499 15 0.000462499 
469 343 0.00640025 15 0.00640025 
407 277 0.00181084 15 0.00181084 
293 271 0.0277788 15 0.0277788 
190 219 0.0025001 15 0.0025001 
535 314 0.00226766 15 0.00226766 
107 263 0.0330591 15 0.0330591 
328 307 0.00640025 15 0.00640025 
193 276 0.0330591 15 0.0330591 
360 347 0.000434044 15 0.000434044 
84 337 0.0039064 15 0.0039064 
91 251 0.0100004 15 0.0100004 
359 377 0.00510224 15 0.00510224 
453 209 0.0138414 15 0.0138414 
518 231 0.0277788 14 0.0277788 
589 249 0.00510224 14 0.00510224 
198 372 0.00308654 14 0.00308654 
471 355 0.00127556 14 0.00127556 
174 242 0.0123462 14 0.0123462 
397 395 0.0236695 14 0.0236695 
98 363 0.00262995 14 0.00262995 
345 387 0.00826478 14 0.00826478 
224 304 0.00111115 14 0.00111115 
514 336 0.0177785 14 0.0177785 
308 306 0.0123462 14 0.0123462 
363 295 0.00826478 14 0.00826478 
407 288 0.00326543 14 0.00326543 
198 281 0.0110808 14 0.0110808 
228 268 0.0277788 14 0.0277788 
390 314 0.0138414 14 0.0138414 
47 302 0.0177785 14 0.0177785 
129 299 0.0204089 14 0.0204089 
605 240 0.0236695 14 0.0236695 
248 313 0.00107502 14 0.00107502 
452 367 0.000594907 14 0.000594907 
529 313 0.0025001 14 0.0025001 
525 334 0.00640025 14 0.00640025 
39 195 0.00226766 14 0.00226766 
66 295 0.0204089 14 0.0204089 
445 279 0.000750639 14 0.000750639 
234 344 0.00907064 14 0.00907064 
61 238 0.0236695 14 0.0236695 
378 353 0.000313271 14 0.000313271 
89 266 0.0236695 14 0.0236695 
313 391 0.00189043 14 0.00189043 
532 300 0.00826478 14 0.00826478 
444 330 0.0138414 14 0.0138414 
477 381 0.000505006 14 0.000505006 
604 383 0.00907064 14 0.00907064 
417 198 0.0204089 14 0.0204089 
320 349 0.0110808 14 0.0110808 
469 314 0.00308654 14 0.00308654 
500 336 0.000136799 14 0.000136799 
411 386 0.0025001 14 0.0025001 
478 256 0.000840192 14 0.000840192 
514 410 0.0177785 14 0.0177785 
129 234 0.00166604 14 0.00166604 
418 306 0.0236695 14 0.0236695 
436 243 0.0100004 14 0.0100004 
442 282 0.00262995 14 0.00262995 
465 341 0.0110808 14 0.0110808 
291 391 0.0330591 14 0.0330591 
139 251 0.0277788 14 0.0277788 
207 208 0.000771635 14 0.000771635 
541 243 0.00907064 14 0.00907064 
393 324 0.00640025 14 0.00640025 
446 234 0.00510224 14 0.00510224 
21 226 0.00510224 14 0.00510224 
441 248 0.00237963 14 0.00237963 
477 317 0.00181084 14 0.00181084 
158 384 0.00694471 14 0.00694471 
556 358 0.00510224 14 0.00510224 
487 284 0.00142405 14 0.00142405 
71 251 0.0177785 14 0.0177785 
456 347 0.0277788 14 0.0277788 
560 340 0.00262995 14 0.00262995 
149 240 0.0277788 14 0.0277788 
113 286 0.000113178 14 0.000113178 
214 342 0.0330591 14 0.0330591 
427 323 0.00416249 14 0.00416249 
181 260 0.00475643 14 0.00475643 
309 319 0.00907064 14 0.00907064 
107 286 0.0236695 14 0.0236695 
79 279 0.0138414 14 0.0138414 
325 365 0.00826478 14 0.00826478 
147 298 0.000580658 14 0.000580658 
209 287 0.00416249 14 0.00416249 
22 306 0.0138414 14 0.0138414 
548 324 0.00237963 14 0.00237963 
442 306 0.00826478 14 0.00826478 
169 275 0.0330591 14 0.0330591 
383 295 0.0039064 14 0.0039064 
67 261 0.00132236 13 0.00132236 
444 305 0.000493846 13 0.000493846 
110 372 0.0204089 13 0.0204089 
456 327 0.00308654 13 0.00308654 
71 297 0.0025001 13 0.0025001 
196 339 0.000580658 13 0.000580658 
79 307 0.0156256 13 0.0156256 
312 361 0.0177785 13 0.0177785 
271 387 0.000342949 13 0.000342949 
224 355 0.0204089 13 0.0204089 
263 274 0.00548718 13 0.00548718 
156 213 0.0138414 13 0.0138414 
214 286 0.000190257 13 0.000190257 
430 345 0.0204089 13 0.0204089 
36 297 0.00826478 13 0.00826478 
369 355 0.000566915 13 0.000566915 
246 351 0.0177785 13 0.0177785 
424 330 0.00160006 13 0.00160006 
165 220 0.0236695 13 0.0236695 
53 187 0.0204089 13 0.0204089 
324 249 0.00277019 13 0.00277019 
276 276 0.00475643 13 0.00475643 
20 333 0.00826478 13 0.00826478 
44 203 0.0039064 13 0.0039064 
326 281 0.000260156 13 0.000260156 
364 313 0.0156256 13 0.0156256 
187 362 0.00475643 13 0.00475643 
542 216 0.0330591 13 0.0330591 
421 180 0.00756173 13 0.00756173 
572 379 0.00694471 13 0.00694471 
138 243 0.00173618 13 0.00173618 
176 280 0.000462499 13 0.000462499 
563 256 0.0156256 13 0.0156256 
580 294 0.00189043 13 0.00189043 
187 305 0.000222775 13 0.000222775 
483 263 0.0330591 13 0.0330591 
463 327 0.000528492 13 0.000528492 
578 357 0.0330591 13 0.0330591 
532 313 0.00591739 13 0.00591739 
510 310 0.0110808 13 0.0110808 
154 202 0.00326543 13 0.00326543 
214 354 0.000711138 13 0.000711138 
128 198 0.0156256 13 0.0156256 
492 332 0.00100785 13 0.00100785 
451 379 0.00416249 13 0.00416249 
237 211 0.00694471 13 0.00694471 
560 231 0.00111115 13 0.00111115 
100 315 0.00206619 13 0.00206619 
250 343 0.000330591 13 0.000330591 
305 305 0.0236695 13 0.0236695 
251 339 0.000222775 13 0.000222775 
64 183 0.0123462 13 0.0123462 
195 321 0.00277019 13 0.00277019 
240 349 0.00756173 13 0.00756173 
574 203 0.0100004 13 0.0100004 
551 207 0.0330591 13 0.0330591 
159 417 0.00127556 13 0.00127556 
538 244 0.0100004 13 0.0100004 
260 271 0.0204089 13 0.0204089 
538 349 0.000674676 13 0.000674676 
213 280 0.000135213 13 0.000135213 
409 289 0.00142405 13 0.00142405 
543 267 0.00548718 13 0.00548718 
475 265 0.000195616 13 0.000195616 
100 219 0.00346034 13 0.00346034 
379 286 0.000594907 13 0.000594907 
596 241 0.0330591 13 0.0330591 
536 239 0.0330591 13 0.0330591 
587 291 0.00237963 13 0.00237963 
457 272 0.0277788 13 0.0277788 
138 200 0.0110808 13 0.0110808 
538 273 0.0277788 13 0.0277788 
254 259 0.00444461 13 0.00444461 
66 207 0.0123462 13 0.0123462 
565 275 0.0123462 13 0.0123462 
549 240 0.00591739 13 0.00591739 
372 357 0.0009766 13 0.0009766 
340 300 0.00640025 13 0.00640025 
138 228 0.000553654 13 0.000553654 
439 384 0.00137179 13 0.00137179 
134 274 0.0236695 13 0.0236695 
357 196 0.0123462 13 0.0123462 
433 271 0.00756173 13 0.00756173 
184 373 0.0330591 13 0.0330591 
100 294 0.00367324 13 0.00367324 
454 304 0.000528492 13 0.000528492 
245 269 0.0330591 13 0.0330591 
297 214 0.00111115 13 0.00111115 
491 287 0.0156256 13 0.0156256 
90 262 0.00510224 13 0.00510224 
213 232 0.00127556 13 0.00127556 
148 292 0.00197538 13 0.00197538 
460 291 0.00197538 13 0.00197538 
67 354 0.0009766 12 0.0009766 
301 301 0.0204089 12 0.0204089 
78 223 0.00756173 12 0.00756173 
30 302 0.0204089 12 0.0204089 
330 265 0.000416509 12 0.000416509 
147 420 0.00160006 12 0.00160006 
453 391 0.00132236 12 0.00132236 
154 418 0.00416249 12 0.00416249 
107 334 0.00147935 12 0.00147935 
369 333 0.00147935 12 0.00147935 
602 308 0.0123462 12 0.0123462 
143 198 0.00153793 12 0.00153793 
65 338 0.000416509 12 0.000416509 
437 235 0.00346034 12 0.00346034 
227 374 0.00308654 12 0.00308654 
518 343 0.00694471 12 0.00694471 
479 195 0.00226766 12 0.00226766 
449 299 0.00907064 12 0.00907064 
391 360 0.000711138 12 0.000711138 
528 223 0.00510224 12 0.00510224 
495 225 0.00510224 12 0.00510224 
154 291 0.000416509 12 0.000416509 
148 294 0.00024415 12 0.00024415 
478 284 0.00173618 12 0.00173618 
260 243 0.00346034 12 0.00346034 
74 298 0.000711138 12 0.000711138 
585 325 0.00226766 12 0.00226766 
520 308 0.0204089 12 0.0204089 
273 384 0.00475643 12 0.00475643 
166 260 0.0100004 12 0.0100004 
511 190 0.000505006 12 0.000505006 
110 252 0.0277788 12 0.0277788 
485 232 0.000771635 12 0.000771635 
455 403 0.00907064 12 0.00907064 
236 358 0.0204089 12 0.0204089 
505 381 0.000156256 12 0.000156256 
376 397 0.00326543 12 0.00326543 
583 242 0.00548718 12 0.00548718 
36 325 0.00694471 12 0.00694471 
470 340 0.000392133 12 0.000392133 
288 341 0.000392133 12 0.000392133 
530 272 0.0277788 12 0.0277788 
201 200 0.00907064 12 0.00907064 
233 233 0.00326543 12 0.00326543 
591 274 0.0177785 12 0.0177785 
278 273 0.0156256 12 0.0156256 
377 326 0.00277019 12 0.00277019 
272 290 0.000472608 12 0.000472608 
353 387 0.0236695 12 0.0236695 
165 331 0.0236695 12 0.0236695 
255 333 0.0138414 12 0.0138414 
338 382 0.000168669 12 0.000168669 
580 284 0.00475643 12 0.00475643 
199 321 0.00826478 12 0.00826478 
209 240 0.00237963 12 0.00237963 
379 342 0.00591739 12 0.00591739 
70 298 0.00142405 12 0.00142405 
543 256 0.000640948 12 0.000640948 
462 338 0.0236695 12 0.0236695 
342 319 0.0156256 12 0.0156256 
290 344 0.000793524 12 0.000793524 
589 191 0.00346034 12 0.00346034 
445 340 0.00591739 12 0.00591739 
185 206 0.0156256 12 0.0156256 
221 248 0.00826478 12 0.00826478 
335 303 0.000324661 12 0.000324661 
574 224 0.0277788 12 0.0277788 
306 280 0.000170881 12 0.000170881 
332 275 0.00166604 12 0.00166604 
261 295 0.000143431 12 0.000143431 
41 303 0.00826478 12 0.00826478 
533 349 0.00189043 12 0.00189043 
447 229 0.0156256 12 0.0156256 
566 238 0.00197538 12 0.00197538 
524 273 0.0110808 12 0.0110808 
13 190 0.0236695 12 0.0236695 
346 204 0.0277788 12 0.0277788 
19 217 0.0330591 12 0.0330591 
579 225 0.0236695 12 0.0236695 
71 229 0.00416249 12 0.00416249 
15 294 0.00826478 12 0.00826478 
277 394 0.000268755 12 0.000268755 
563 322 0.0138414 12 0.0138414 
462 344 0.00262995 12 0.00262995 
193 301 0.00367324 12 0.00367324 
73 332 0.00346034 12 0.00346034 
80 340 0.00262995 11 0.00262995 
473 266 0.00114914 11 0.00114914 
240 263 0.00826478 11 0.00826478 
592 284 0.00444461 11 0.00444461 
115 358 0.00694471 11 0.00694471 
576 359 0.00694471 11 0.00694471 
579 240 0.00444461 11 0.00444461 
552 339 0.00216341 11 0.00216341 
170 296 0.000483052 11 0.000483052 
543 275 0.00510224 11 0.00510224 
365 266 0.00907064 11 0.00907064 
91 356 0.000493846 11 0.000493846 
215 367 0.00416249 11 0.00416249 
214 338 0.0330591 11 0.0330591 
428 335 0.000840192 11 0.000840192 
128 296 0.00640025 11 0.00640025 
525 379 0.0277788 11 0.0277788 
306 324 0.000307799 11 0.000307799 
433 376 0.00591739 11 0.00591739 
540 347 0.00137179 11 0.00137179 
67 218 0.00206619 11 0.00206619 
462 403 0.0100004 11 0.0100004 
579 234 0.00142405 11 0.00142405 
80 396 0.0204089 11 0.0204089 
410 344 0.00591739 11 0.00591739 
373 320 0.00197538 11 0.00197538 
559 244 0.000674676 11 0.000674676 
440 322 0.0156256 11 0.0156256 
316 313 0.000138414 11 0.000138414 
184 326 0.000516549 11 0.000516549 
261 252 0.00591739 11 0.00591739 
452 248 0.0236695 11 0.0236695 
233 263 0.00907064 11 0.00907064 
540 284 0.00166604 11 0.00166604 
572 335 0.000891101 11 0.000891101 
186 324 0.000164372 11 0.000164372 
257 324 0.000483052 11 0.000483052 
147 294 0.000336685 11 0.000336685 
132 242 0.0138414 11 0.0138414 
349 235 0.00226766 11 0.00226766 
336 255 0.00510224 11 0.00510224 
100 222 0.00147935 11 0.00147935 
468 311 0.00640025 11 0.00640025 
546 300 0.000580658 11 0.000580658 
596 212 0.0123462 11 0.0123462 
172 357 0.00308654 11 0.00308654 
377 296 0.00142405 11 0.00142405 
317 277 0.000416509 11 0.000416509 
308 292 0.00346034 11 0.00346034 
303 209 0.0330591 11 0.0330591 
331 338 0.00326543 11 0.00326543 
50 233 0.00107502 11 0.00107502 
241 280 0.000730488 11 0.000730488 
260 348 0.00104062 11 0.00104062 
255 414 0.00548718 11 0.00548718 
231 328 0.000190257 11 0.000190257 
484 299 0.00326543 11 0.00326543 
492 194 0.00107502 11 0.00107502 
361 399 0.0177785 11 0.0177785 
475 279 0.00907064 11 0.00907064 
547 271 0.000891101 11 0.000891101 
528 272 0.00147935 11 0.00147935 
75 191 0.0025001 11 0.0025001 
421 367 0.00237963 11 0.00237963 
196 322 0.0236695 11 0.0236695 
530 205 0.00416249 11 0.00416249 
499 323 0.00475643 11 0.00475643 
162 379 0.0156256 11 0.0156256 
342 351 0.0123462 11 0.0123462 
201 344 0.000711138 11 0.000711138 
483 243 0.00226766 11 0.00226766 
488 264 0.00142405 11 0.00142405 
230 311 0.00416249 11 0.00416249 
153 218 0.0110808 11 0.0110808 
449 382 0.00694471 11 0.00694471 
461 326 0.000384482 11 0.000384482 
476 268 0.0100004 11 0.0100004 
194 288 0.0039064 11 0.0039064 
196 279 0.0156256 11 0.0156256 
212 395 0.00756173 11 0.00756173 
448 376 0.0100004 10 0.0100004 
113 307 0.00444461 10 0.00444461 
237 395 0.00107502 10 0.00107502 
152 327 0.000158228 10 0.000158228 
266 300 0.00444461 10 0.00444461 
451 368 0.000349389 10 0.000349389 
34 283 0.00206619 10 0.00206619 
470 375 0.00262995 10 0.00262995 
155 325 0.000528492 10 0.000528492 
140 288 0.0277788 10 0.0277788 
583 235 0.0100004 10 0.0100004 
566 277 0.00907064 10 0.00907064 
244 200 0.0177785 10 0.0177785 
589 332 0.0025001 10 0.0025001 
148 291 0.0110808 10 0.0110808 
467 339 0.00416249 10 0.00416249 
453 243 0.00262995 10 0.00262995 
70 254 0.00367324 10 0.00367324 
529 200 0.0330591 10 0.0330591 
378 260 0.000840192 10 0.000840192 
134 323 0.00277019 10 0.00277019 
377 391 0.0100004 10 0.0100004 
185 345 0.00206619 10 0.00206619 
355 251 0.0177785 10 0.0177785 
226 250 0.00104062 10 0.00104062 
187 328 0.0277788 10 0.0277788 
253 377 0.00206619 10 0.00206619 
196 301 0.00197538 10 0.00197538 
324 276 0.00104062 10 0.00104062 
573 256 0.0156256 10 0.0156256 
105 186 0.00826478 10 0.00826478 
354 289 0.000392133 10 0.000392133 
371 320 0.00100785 10 0.00100785 
562 383 0.00114914 10 0.00114914 
73 315 0.00100785 10 0.00100785 
562 318 0.000493846 10 0.000493846 
125 393 0.0025001 10 0.0025001 
514 325 0.0177785 10 0.0177785 
365 314 0.00367324 10 0.00367324 
554 273 0.00826478 10 0.00826478 
290 165 0.00591739 10 0.00591739 
464 277 0.00444461 10 0.00444461 
128 292 0.000625024 10 0.000625024 
227 363 0.00475643 10 0.00475643 
319 230 0.0277788 10 0.0277788 
178 228 0.0110808 10 0.0110808 
316 363 0.0204089 10 0.0204089 
265 256 0.0277788 10 0.0277788 
231 270 0.00326543 10 0.00326543 
84 221 0.00147935 10 0.00147935 
283 324 0.000273216 10 0.000273216 
159 312 0.000143431 10 0.000143431 
253 257 0.000472608 10 0.000472608 
341 328 0.00826478 10 0.00826478 
144 220 0.0236695 10 0.0236695 
58 308 0.0156256 10 0.0156256 
180 300 0.00132236 10 0.00132236 
596 407 0.00326543 10 0.00326543 
426 183 0.0204089 10 0.0204089 
470 259 0.00326543 10 0.00326543 
13 186 0.0236695 10 0.0236695 
165 279 0.000384482 10 0.000384482 
97 212 0.00237963 10 0.00237963 
160 255 0.00548718 10 0.00548718 
30 188 0.00237963 10 0.00237963 
112 211 0.00416249 10 0.00416249 
459 287 0.0009766 10 0.0009766 
397 286 0.00197538 10 0.00197538 
204 278 0.0100004 10 0.0100004 
165 275 0.0277788 10 0.0277788 
473 273 0.000505006 10 0.000505006 
82 240 0.00416249 10 0.00416249 
368 319 0.00694471 10 0.00694471 
377 343 0.000840192 10 0.000840192 
251 320 0.000377053 10 0.000377053 
566 239 0.0236695 10 0.0236695 
555 307 0.000730488 10 0.000730488 
112 239 0.000594907 10 0.000594907 
343 349 0.000400015 10 0.000400015 
551 220 0.0330591 10 0.0330591 
293 315 0.0156256 10 0.0156256 
453 225 0.0025001 10 0.0025001 
433 236 0.0204089 10 0.0204089 
560 351 0.00756173 9 0.00756173 
243 225 0.0330591 9 0.0330591 
214 330 0.0330591 9 0.0330591 
245 245 0.00907064 9 0.00907064 
548 378 0.0025001 9 0.0025001 
456 336 0.00444461 9 0.00444461 
120 193 0.0156256 9 0.0156256 
250 276 0.00756173 9 0.00756173 
168 289 0.000692547 9 0.000692547 
84 326 0.0100004 9 0.0100004 
186 368 0.000692547 9 0.000692547 
416 283 0.00756173 9 0.00756173 
600 218 0.0177785 9 0.0177785 
130 212 0.00756173 9 0.00756173 
432 257 0.00153793 9 0.00153793 
179 326 0.0330591 9 0.0330591 
230 352 0.000264403 9 0.000264403 
160 230 0.0330591 9 0.0330591 
550 274 0.0177785 9 0.0177785 
206 274 0.000204089 9 0.000204089 
464 334 0.00694471 9 0.00694471 
550 282 0.0177785 9 0.0177785 
354 400 0.00173618 9 0.00173618 
455 251 0.00031889 9 0.00031889 
145 228 0.00160006 9 0.00160006 
268 262 0.0110808 9 0.0110808 
165 253 0.00114914 9 0.00114914 
443 324 0.000264403 9 0.000264403 
439 299 0.0100004 9 0.0100004 
367 250 0.00367324 9 0.00367324 
492 346 0.00262995 9 0.00262995 
83 237 0.00160006 9 0.00160006 
464 388 0.0110808 9 0.0110808 
561 364 0.0177785 9 0.0177785 
368 379 0.0110808 9 0.0110808 
403 404 0.00756173 9 0.00756173 
444 302 0.00262995 9 0.00262995 
430 292 0.000377053 9 0.000377053 
77 247 0.00308654 9 0.00308654 
301 331 0.0177785 9 0.0177785 
206 214 0.00907064 9 0.00907064 
168 229 0.0330591 9 0.0330591 
55 365 0.000472608 9 0.000472608 
182 361 0.00444461 9 0.00444461 
252 263 0.00160006 9 0.00160006 
459 270 0.00160006 9 0.00160006 
162 176 0.000164372 9 0.000164372 
541 248 0.00510224 9 0.00510224 
360 315 0.000580658 9 0.000580658 
479 350 0.00142405 9 0.00142405 
378 301 0.00277019 9 0.00277019 
26 202 0.00826478 9 0.00826478 
468 245 0.0123462 9 0.0123462 
366 273 0.000657487 9 0.000657487 
351 251 0.0204089 9 0.0204089 
347 240 0.000349389 9 0.000349389 
111 195 0.000711138 9 0.000711138 
254 249 0.0204089 9 0.0204089 
531 392 0.0204089 9 0.0204089 
476 290 0.0123462 9 0.0123462 
462 310 0.000730488 9 0.000730488 
535 297 0.00548718 9 0.00548718 
289 179 0.00548718 9 0.00548718 
258 310 0.000674676 9 0.000674676 
294 317 0.00591739 9 0.00591739 
194 258 0.0138414 9 0.0138414 
99 213 0.00277019 9 0.00277019 
455 254 0.00826478 9 0.00826478 
159 212 0.0100004 9 0.0100004 
452 233 0.00548718 9 0.00548718 
539 238 0.0236695 9 0.0236695 
98 292 0.00181084 9 0.00181084 
331 281 0.00640025 9 0.00640025 
235 268 0.0277788 9 0.0277788 
117 306 0.0039064 9 0.0039064 
166 228 0.00591739 9 0.00591739 
278 259 0.00346034 9 0.00346034 
231 190 0.0123462 9 0.0123462 
130 254 0.000730488 9 0.000730488 
500 405 0.0100004 9 0.0100004 
530 273 0.00444461 9 0.00444461 
14 363 0.0204089 9 0.0204089 
395 338 0.00907064 9 0.00907064 
336 307 0.00416249 9 0.00416249 
193 338 0.00237963 9 0.00237963 
419 331 0.00206619 9 0.00206619 
214 379 0.00548718 9 0.00548718 
49 357 0.000640948 9 0.000640948 
536 402 0.0277788 9 0.0277788 
549 289 0.0138414 9 0.0138414 
426 397 0.00416249 9 0.00416249 
326 196 0.0277788 9 0.0277788 
526 222 0.0204089 9 0.0204089 
92 261 0.000452711 9 0.000452711 
285 340 0.00510224 9 0.00510224 
386 338 0.0236695 9 0.0236695 
296 228 0.00226766 9 0.00226766 
220 385 0.000553654 9 0.000553654 
319 253 0.00416249 9 0.00416249 
117 341 0.00907064 9 0.00907064 
249 341 0.00142405 9 0.00142405 
95 315 0.0204089 9 0.0204089 
52 166 0.0330591 9 0.0330591 
342 246 0.00444461 9 0.00444461 
92 356 0.00147935 9 0.00147935 
531 311 0.000711138 9 0.000711138 
84 264 0.0156256 9 0.0156256 
371 306 0.000143431 9 0.000143431 
196 323 0.00591739 9 0.00591739 
366 277 0.000356012 9 0.000356012 
389 335 0.0123462 9 0.0123462 
386 404 0.00510224 9 0.00510224 
472 335 0.0012312 9 0.0012312 
391 263 0.0156256 9 0.0156256 
509 373 0.00237963 9 0.00237963 
116 233 0.000493846 9 0.000493846 
155 323 0.000840192 8 0.000840192 
383 322 0.00475643 8 0.00475643 
543 330 0.00444461 8 0.00444461 
232 313 0.000674676 8 0.000674676 
560 248 0.00475643 8 0.00475643 
264 210 0.0123462 8 0.0123462 
315 276 0.000674676 8 0.000674676 
203 274 0.00826478 8 0.00826478 
289 342 0.0236695 8 0.0236695 
503 203 0.0156256 8 0.0156256 
146 219 0.000553654 8 0.000553654 
248 342 0.0236695 8 0.0236695 
456 328 0.00510224 8 0.00510224 
115 394 0.00475643 8 0.00475643 
326 259 0.0100004 8 0.0100004 
450 289 0.0138414 8 0.0138414 
377 292 0.000609687 8 0.000609687 
83 289 0.00111115 8 0.00111115 
432 276 0.00132236 8 0.00132236 
346 409 0.00694471 8 0.00694471 
544 247 0.00444461 8 0.00444461 
45 198 0.00346034 8 0.00346034 
162 327 0.00044323 8 0.00044323 
387 309 0.00756173 8 0.00756173 
249 276 0.000324661 8 0.000324661 
414 237 0.000946782 8 0.000946782 
186 330 0.00132236 8 0.00132236 
174 227 0.0039064 8 0.0039064 
566 213 0.00907064 8 0.00907064 
302 271 0.000108511 8 0.000108511 
106 277 0.0025001 8 0.0025001 
85 215 0.00181084 8 0.00181084 
154 256 0.0204089 8 0.0204089 
180 292 0.00694471 8 0.00694471 
418 404 0.000540854 8 0.000540854 
160 339 0.00181084 8 0.00181084 
185 280 0.0110808 8 0.0110808 
152 295 0.0330591 8 0.0330591 
231 330 0.000528492 8 0.000528492 
307 385 0.00367324 8 0.00367324 
392 314 0.00548718 8 0.00548718 
376 287 0.00197538 8 0.00197538 
134 300 0.00907064 8 0.00907064 
384 380 0.00326543 8 0.00326543 
432 331 0.0277788 8 0.0277788 
563 328 0.0123462 8 0.0123462 
567 277 0.00197538 8 0.00197538 
470 273 0.0330591 8 0.0330591 
484 198 0.00189043 8 0.00189043 
184 337 0.0123462 8 0.0123462 
77 302 0.00216341 8 0.00216341 
549 221 0.00907064 8 0.00907064 
436 364 0.00189043 8 0.00189043 
580 331 0.0277788 8 0.0277788 
405 301 0.0100004 8 0.0100004 
583 226 0.00346034 8 0.00346034 
165 430 0.00142405 8 0.00142405 
155 265 0.00640025 8 0.00640025 
261 331 0.0277788 8 0.0277788 
366 281 0.00206619 8 0.00206619 
216 340 0.00104062 8 0.00104062 
183 345 0.00127556 8 0.00127556 
525 225 0.0330591 8 0.0330591 
176 348 0.000553654 8 0.000553654 
327 298 0.000416509 8 0.000416509 
180 305 0.00756173 8 0.00756173 
446 192 0.0330591 8 0.0330591 
209 372 0.00262995 8 0.00262995 
223 339 0.000891101 8 0.000891101 
536 268 0.000452711 8 0.000452711 
193 340 0.000891101 8 0.000891101 
301 202 0.0177785 8 0.0177785 
359 345 0.00111115 8 0.00111115 
39 328 0.00277019 8 0.00277019 
511 356 0.000462499 8 0.000462499 
187 354 0.0156256 8 0.0156256 
64 302 0.0138414 8 0.0138414 
408 235 0.0330591 8 0.0330591 
544 334 0.0236695 8 0.0236695 
188 332 0.0330591 8 0.0330591 
375 249 0.0100004 8 0.0100004 
394 207 0.0009766 8 0.0009766 
235 292 0.00137179 8 0.00137179 
540 364 0.0277788 8 0.0277788 
267 255 0.00907064 8 0.00907064 
532 312 0.0012312 8 0.0012312 
520 325 0.0177785 8 0.0177785 
192 363 0.0204089 8 0.0204089 
569 330 0.00277019 8 0.00277019 
109 276 0.000268755 8 0.000268755 
232 333 0.000342949 8 0.000342949 
136 210 0.00160006 8 0.00160006 
249 297 0.00367324 8 0.00367324 
277 306 0.0100004 8 0.0100004 
505 347 0.000553654 8 0.000553654 
180 285 0.0277788 8 0.0277788 
349 288 0.000173137 8 0.000173137 
258 388 0.00308654 8 0.00308654 
564 321 0.00510224 8 0.00510224 
53 220 0.00100785 8 0.00100785 
556 264 0.00444461 8 0.00444461 
561 325 0.00166604 8 0.00166604 
33 340 0.00160006 8 0.00160006 
512 388 0.00308654 8 0.00308654 
425 330 0.0025001 8 0.0025001 
102 276 0.0110808 7 0.0110808 
93 208 0.00173618 7 0.00173618 
405 369 0.000918309 7 0.000918309 
316 285 0.000204089 7 0.000204089 
429 284 0.0138414 7 0.0138414 
440 248 0.00444461 7 0.00444461 
260 290 0.00197538 7 0.00197538 
467 327 0.00826478 7 0.00826478 
317 398 0.00756173 7 0.00756173 
299 312 0.0138414 7 0.0138414 
73 327 0.00277019 7 0.00277019 
131 317 0.0236695 7 0.0236695 
557 238 0.0236695 7 0.0236695 
192 200 0.0156256 7 0.0156256 
483 315 0.00277019 7 0.00277019 
262 264 0.00277019 7 0.00277019 
218 234 0.00591739 7 0.00591739 
443 195 0.0156256 7 0.0156256 
397 341 0.0138414 7 0.0138414 
468 392 0.00127556 7 0.00127556 
553 365 0.000594907 7 0.000594907 
350 258 0.00591739 7 0.00591739 
601 338 0.0138414 7 0.0138414 
335 267 0.000793524 7 0.000793524 
171 329 0.000324661 7 0.000324661 
294 236 0.00444461 7 0.00444461 
112 292 0.00277019 7 0.00277019 
370 343 0.00475643 7 0.00475643 
170 332 0.0039064 7 0.0039064 
282 195 0.0330591 7 0.0330591 
396 308 0.000472608 7 0.000472608 
343 301 0.000594907 7 0.000594907 
167 225 0.00132236 7 0.00132236 
162 264 0.00237963 7 0.00237963 
508 231 0.00292195 7 0.00292195 
521 322 0.00142405 7 0.00142405 
398 400 0.0039064 7 0.0039064 
430 225 0.0330591 7 0.0330591 
75 301 0.000674676 7 0.000674676 
121 230 0.00118911 7 0.00118911 
444 289 0.00308654 7 0.00308654 
371 409 0.0138414 7 0.0138414 
141 285 0.0039064 7 0.0039064 
260 253 0.0156256 7 0.0156256 
143 349 0.000236695 7 0.000236695 
494 396 0.000277788 7 0.000277788 
220 377 0.00189043 7 0.00189043 
272 314 0.00142405 7 0.00142405 
103 315 0.00114914 7 0.00114914 
568 265 0.00132236 7 0.00132236 
166 361 0.00197538 7 0.00197538 
180 355 0.00756173 7 0.00756173 
158 195 0.00548718 7 0.00548718 
235 348 0.00694471 7 0.00694471 
492 330 0.0025001 7 0.0025001 
146 311 0.0177785 7 0.0177785 
362 310 0.000946782 7 0.000946782 
415 335 0.0330591 7 0.0330591 
224 351 0.0204089 7 0.0204089 
148 431 0.00137179 7 0.00137179 
99 210 0.00548718 7 0.00548718 
93 199 0.000180179 7 0.000180179 
378 323 0.0204089 7 0.0204089 
357 196 0.00548718 7 0.00548718 
545 284 0.000657487 7 0.000657487 
559 402 0.0277788 7 0.0277788 
523 307 0.0025001 7 0.0025001 
579 260 0.000816358 7 0.000816358 
377 295 0.00694471 7 0.00694471 
592 188 0.0123462 7 0.0123462 
51 191 0.000674676 7 0.000674676 
381 328 0.000609687 7 0.000609687 
257 309 0.00153793 7 0.00153793 
410 277 0.000865085 7 0.000865085 
329 275 0.00907064 7 0.00907064 
56 169 0.0123462 7 0.0123462 
564 265 0.0156256 7 0.0156256 
165 191 0.0177785 7 0.0177785 
581 322 0.00173618 7 0.00173618 
89 183 0.0177785 7 0.0177785 
97 345 0.00206619 7 0.00206619 
207 291 0.000120763 7 0.000120763 
555 403 0.00694471 7 0.00694471 
512 343 0.00367324 7 0.00367324 
211 253 0.00111115 7 0.00111115 
17 303 0.00907064 7 0.00907064 
186 344 0.00367324 7 0.00367324 
344 251 0.0177785 7 0.0177785 
447 387 0.0177785 7 0.0177785 
577 331 0.0277788 7 0.0277788 
148 305 0.00237963 7 0.00237963 
442 256 0.0177785 7 0.0177785 
219 368 0.00694471 7 0.00694471 
187 285 0.0277788 7 0.0277788 
355 315 0.000268755 7 0.000268755 
340 239 0.00127556 7 0.00127556 
247 392 0.000816358 7 0.000816358 
595 271 0.0123462 7 0.0123462 
140 348 0.000580658 7 0.000580658 
272 263 0.0123462 7 0.0123462 
512 276 0.0009766 7 0.0009766 
188 196 0.00367324 7 0.00367324 
113 310 0.000170881 7 0.000170881 
567 218 0.00907064 7 0.00907064 
519 350 0.000625024 7 0.000625024 
151 247 0.0025001 7 0.0025001 
259 262 0.000400015 7 0.000400015 
330 235 0.00104062 7 0.00104062 
185 306 0.00181084 7 0.00181084 
357 365 0.000865085 7 0.000865085 
167 223 0.0110808 7 0.0110808 
344 233 0.00197538 7 0.00197538 
412 353 0.00216341 7 0.00216341 
113 197 0.00137179 7 0.00137179 
146 274 0.00166604 7 0.00166604 
446 243 0.0277788 7 0.0277788 
29 176 0.00277019 7 0.00277019 
506 370 0.00181084 7 0.00181084 
205 263 0.0039064 7 0.0039064 
478 333 0.000302469 7 0.000302469 
247 244 0.00826478 7 0.00826478 
473 287 0.00132236 7 0.00132236 
298 321 0.000104127 7 0.000104127 
327 265 0.0330591 7 0.0330591 
426 391 0.00160006 7 0.00160006 
241 255 0.0277788 7 0.0277788 
284 348 0.000483052 7 0.000483052 
541 237 0.0204089 7 0.0204089 
268 289 0.00107502 7 0.00107502 
472 237 0.0204089 7 0.0204089 
378 424 0.000692547 7 0.000692547 
85 397 0.00826478 7 0.00826478 
245 227 0.0156256 7 0.0156256 
352 337 0.00640025 6 0.00640025 
425 323 0.00226766 6 0.00226766 
426 229 0.0330591 6 0.0330591 
233 293 0.000282477 6 0.000282477 
113 289 0.00114914 6 0.00114914 
447 383 0.000236695 6 0.000236695 
110 197 0.0277788 6 0.0277788 
75 267 0.0138414 6 0.0138414 
496 284 0.00292195 6 0.00292195 
199 214 0.00694471 6 0.00694471 
565 212 0.00444461 6 0.00444461 
547 269 0.00367324 6 0.00367324 
142 306 0.000793524 6 0.000793524 
356 404 0.00416249 6 0.00416249 
201 261 0.000657487 6 0.000657487 
142 263 0.0277788 6 0.0277788 
453 372 0.00475643 6 0.00475643 
176 329 0.0277788 6 0.0277788 
312 370 0.0025001 6 0.0025001 
143 274 0.0277788 6 0.0277788 
350 233 0.0277788 6 0.0277788 
140 264 0.0330591 6 0.0330591 
46 298 0.00160006 6 0.00160006 
471 276 0.000164372 6 0.000164372 
121 180 0.00181084 6 0.00181084 
174 306 0.000594907 6 0.000594907 
33 297 0.00114914 6 0.00114914 
315 299 0.000118152 6 0.000118152 
150 314 0.000132123 6 0.000132123 
445 203 0.00907064 6 0.00907064 
176 198 0.00237963 6 0.00237963 
470 250 0.00640025 6 0.00640025 
137 320 0.00694471 6 0.00694471 
549 227 0.000865085 6 0.000865085 
598 313 0.0138414 6 0.0138414 
356 284 0.00114914 6 0.00114914 
574 383 0.00181084 6 0.00181084 
567 416 0.0277788 6 0.0277788 
465 304 0.000505006 6 0.000505006 
295 326 0.00640025 6 0.00640025 
54 176 0.00367324 6 0.00367324 
478 249 0.0236695 6 0.0236695 
483 196 0.00181084 6 0.00181084 
456 340 0.0277788 6 0.0277788 
327 239 0.0039064 6 0.0039064 
304 404 0.000566915 6 0.000566915 
365 259 0.0110808 6 0.0110808 
419 243 0.0123462 6 0.0123462 
427 303 0.00826478 6 0.00826478 
253 350 0.00216341 6 0.00216341 
238 222 0.0156256 6 0.0156256 
332 262 0.00166604 6 0.00166604 
375 313 0.00127556 6 0.00127556 
166 268 0.00826478 6 0.00826478 
183 387 0.0330591 6 0.0330591 
271 256 0.0123462 6 0.0123462 
370 259 0.0123462 6 0.0123462 
474 310 0.0177785 6 0.0177785 
364 328 0.00111115 6 0.00111115 
444 281 0.000528492 6 0.000528492 
229 282 0.00197538 6 0.00197538 
352 385 0.00142405 6 0.00142405 
199 348 0.00127556 6 0.00127556 
360 315 0.00024801 6 0.00024801 
452 358 0.00346034 6 0.00346034 
534 229 0.00189043 6 0.00189043 
27 288 0.0110808 6 0.0110808 
423 393 0.00640025 6 0.00640025 
55 329 0.0009766 6 0.0009766 
283 326 0.00367324 6 0.00367324 
307 283 0.00444461 6 0.00444461 
492 296 0.000185115 6 0.000185115 
442 241 0.000816358 6 0.000816358 
129 196 0.0123462 6 0.0123462 
430 347 0.00907064 6 0.00907064 
573 347 0.00237963 6 0.00237963 
463 248 0.0204089 6 0.0204089 
192 274 0.000154321 6 0.000154321 
585 252 0.00137179 6 0.00137179 
407 246 0.0204089 6 0.0204089 
366 410 0.000816358 6 0.000816358 
77 189 0.00756173 6 0.00756173 
395 396 0.0025001 6 0.0025001 
543 196 0.00346034 6 0.00346034 
471 346 0.00237963 6 0.00237963 
556 210 0.0110808 6 0.0110808 
520 326 0.000292217 6 0.000292217 
457 310 0.0156256 6 0.0156256 
467 310 0.0156256 6 0.0156256 
537 347 0.0177785 6 0.0177785 
519 366 0.00216341 6 0.00216341 
256 361 0.0138414 6 0.0138414 
367 288 0.00510224 6 0.00510224 
240 221 0.0177785 6 0.0177785 
371 399 0.0123462 6 0.0123462 
246 378 0.00346034 6 0.00346034 
450 275 0.00153793 6 0.00153793 
234 315 0.0009766 6 0.0009766 
167 378 0.0138414 6 0.0138414 
131 340 0.0110808 6 0.0110808 
439 402 0.00756173 6 0.00756173 
354 240 0.00907064 6 0.00907064 
240 333 0.00173618 6 0.00173618 
216 359 0.0156256 6 0.0156256 
53 191 0.00308654 6 0.00308654 
288 287 0.00416249 6 0.00416249 
81 326 0.0236695 6 0.0236695 
505 380 0.000425141 6 0.000425141 
262 285 0.00262995 6 0.00262995 
582 275 0.00173618 6 0.00173618 
178 339 0.00197538 6 0.00197538 
580 275 0.0236695 6 0.0236695 
394 220 0.00173618 6 0.00173618 
476 253 0.00173618 6 0.00173618 
476 317 0.00591739 6 0.00591739 
447 289 0.00277019 6 0.00277019 
197 307 0.0236695 6 0.0236695 
292 339 0.00416249 6 0.00416249 
299 322 0.0110808 6 0.0110808 
20 282 0.0236695 6 0.0236695 
464 258 0.000840192 6 0.000840192 
387 244 0.000185115 6 0.000185115 
193 283 0.00147935 5 0.00147935 
504 302 0.000226138 5 0.000226138 
346 306 0.0204089 5 0.0204089 
426 211 0.0100004 5 0.0100004 
192 329 0.00694471 5 0.00694471 
75 283 0.00346034 5 0.00346034 
379 329 0.00173618 5 0.00173618 
547 246 0.00367324 5 0.00367324 
283 342 0.00907064 5 0.00907064 
533 364 0.0012312 5 0.0012312 
548 305 0.0204089 5 0.0204089 
544 236 0.0156256 5 0.0156256 
358 210 0.0330591 5 0.0330591 
533 416 0.0277788 5 0.0277788 
62 292 0.000297277 5 0.000297277 
314 387 0.0177785 5 0.0177785 
187 299 0.0277788 5 0.0277788 
473 253 0.0100004 5 0.0100004 
579 216 0.00237963 5 0.00237963 
207 318 0.000118152 5 0.000118152 
582 408 0.0330591 5 0.0330591 
247 253 0.0156256 5 0.0156256 
563 312 0.000483052 5 0.000483052 
370 260 0.00206619 5 0.00206619 
562 313 0.000349389 5 0.000349389 
123 268 0.00367324 5 0.00367324 
392 339 0.0330591 5 0.0330591 
308 302 0.0123462 5 0.0123462 
321 226 0.0177785 5 0.0177785 
78 272 0.0156256 5 0.0156256 
384 361 0.00137179 5 0.00137179 
543 210 0.00510224 5 0.00510224 
326 334 0.00292195 5 0.00292195 
55 179 0.00416249 5 0.00416249 
115 299 0.00100785 5 0.00100785 
124 387 0.0204089 5 0.0204089 
161 293 0.00907064 5 0.00907064 
421 339 0.00907064 5 0.00907064 
44 184 0.00416249 5 0.00416249 
511 324 0.000177785 5 0.000177785 
121 203 0.00226766 5 0.00226766 
265 302 0.000946782 5 0.000946782 
602 237 0.0123462 5 0.0123462 
190 293 0.00137179 5 0.00137179 
439 254 0.000222775 5 0.000222775 
375 250 0.00127556 5 0.00127556 
569 319 0.00292195 5 0.00292195 
439 351 0.00100785 5 0.00100785 
445 354 0.000553654 5 0.000553654 
352 274 0.0277788 5 0.0277788 
415 333 0.00694471 5 0.00694471 
313 314 0.000816358 5 0.000816358 
321 245 0.0009766 5 0.0009766 
240 269 0.000840192 5 0.000840192 
518 345 0.0156256 5 0.0156256 
230 368 0.00127556 5 0.00127556 
477 326 0.00197538 5 0.00197538 
164 321 0.00475643 5 0.00475643 
437 383 0.00137179 5 0.00137179 
444 337 0.0156256 5 0.0156256 
202 371 0.00160006 5 0.00160006 
568 267 0.00216341 5 0.00216341 
505 315 0.0110808 5 0.0110808 
222 304 0.000162285 5 0.000162285 
178 239 0.00292195 5 0.00292195 
446 326 0.000400015 5 0.000400015 
234 254 0.0110808 5 0.0110808 
231 313 0.00216341 5 0.00216341 
459 284 0.00166604 5 0.00166604 
213 323 0.00216341 5 0.00216341 
108 274 0.000277788 5 0.000277788 
488 314 0.0236695 5 0.0236695 
111 304 0.000566915 5 0.000566915 
554 238 0.00444461 5 0.00444461 
355 297 0.00189043 5 0.00189043 
246 321 0.0138414 5 0.0138414 
262 263 0.00591739 5 0.00591739 
345 279 0.000434044 5 0.000434044 
198 398 0.00197538 5 0.00197538 
242 273 0.00591739 5 0.00591739 
546 374 0.000273216 5 0.000273216 
533 332 0.000793524 5 0.000793524 
29 218 0.0277788 5 0.0277788 
337 374 0.00197538 5 0.00197538 
146 212 0.00591739 5 0.00591739 
148 316 0.000750639 5 0.000750639 
107 221 0.0277788 5 0.0277788 
550 345 0.0236695 5 0.0236695 
111 232 0.00118911 5 0.00118911 
321 298 0.000160237 5 0.000160237 
177 180 0.000226138 5 0.000226138 
427 265 0.0025001 5 0.0025001 
162 199 0.00367324 5 0.00367324 
534 199 0.0110808 5 0.0110808 
69 307 0.00153793 5 0.00153793 
483 273 0.00756173 5 0.00756173 
481 289 0.00104062 5 0.00104062 
70 252 0.00640025 5 0.00640025 
531 267 0.00292195 5 0.00292195 
523 275 0.00826478 5 0.00826478 
442 247 0.0204089 5 0.0204089 
225 284 0.000865085 5 0.000865085 
331 322 0.000609687 5 0.000609687 
145 221 0.000416509 5 0.000416509 
249 290 0.00694471 5 0.00694471 
211 331 0.0100004 5 0.0100004 
421 239 0.000816358 5 0.000816358 
68 209 0.00907064 5 0.00907064 
166 273 0.0204089 5 0.0204089 
354 308 0.00132236 5 0.00132236 
431 211 0.0204089 5 0.0204089 
581 390 0.00226766 5 0.00226766 
427 377 0.00237963 5 0.00237963 
55 299 0.00127556 5 0.00127556 
173 253 0.000425141 5 0.000425141 
142 183 0.0204089 5 0.0204089 
87 181 0.00367324 5 0.00367324 
269 272 0.00907064 5 0.00907064 
525 303 0.00756173 5 0.00756173 
44 244 0.0138414 5 0.0138414 
433 345 0.000865085 5 0.000865085 
352 369 0.000229577 5 0.000229577 
199 307 0.00756173 5 0.00756173 
90 194 0.000264403 4 0.000264403 
343 325 0.000946782 4 0.000946782 
580 303 0.00367324 4 0.00367324 
565 219 0.00475643 4 0.00475643 
576 255 0.000692547 4 0.000692547 
317 297 0.00367324 4 0.00367324 
137 351 0.00367324 4 0.00367324 
371 329 0.00367324 4 0.00367324 
379 196 0.0100004 4 0.0100004 
85 232 0.0100004 4 0.0100004 
405 281 0.00416249 4 0.00416249 
345 240 0.00826478 4 0.00826478 
576 260 0.00444461 4 0.00444461 
424 212 0.00826478 4 0.00826478 
19 191 0.00826478 4 0.00826478 
437 269 0.00416249 4 0.00416249 
454 391 0.0138414 4 0.0138414 
469 274 0.00416249 4 0.00416249 
374 336 0.000425141 4 0.000425141 
393 241 0.00826478 4 0.00826478 
308 228 0.000840192 4 0.000840192 
487 358 0.000425141 4 0.000425141 
354 293 0.0236695 4 0.0236695 
552 234 0.00132236 4 0.00132236 
349 241 0.00132236 4 0.00132236 
173 294 0.000891101 4 0.000891101 
73 293 0.00326543 4 0.00326543 
174 258 0.000816358 4 0.000816358 
600 258 0.0123462 4 0.0123462 
483 258 0.0123462 4 0.0123462 
367 267 0.00346034 4 0.00346034 
461 393 0.00308654 4 0.00308654 
441 221 0.0123462 4 0.0123462 
454 395 0.00308654 4 0.00308654 
269 217 0.0123462 4 0.0123462 
567 283 0.00444461 4 0.00444461 
355 320 0.00189043 4 0.00189043 
444 242 0.0204089 4 0.0204089 
178 313 0.00346034 4 0.00346034 
188 215 0.000674676 4 0.000674676 
564 368 0.00216341 4 0.00216341 
236 360 0.00216341 4 0.00216341 
597 278 0.00826478 4 0.00826478 
576 276 0.00475643 4 0.00475643 
191 396 0.0277788 4 0.0277788 
240 263 0.00292195 4 0.00292195 
523 402 0.00907064 4 0.00907064 
372 365 0.00226766 4 0.00226766 
513 389 0.00147935 4 0.00147935 
203 386 0.0012312 4 0.0012312 
284 376 0.0012312 4 0.0012312 
254 412 0.0277788 4 0.0277788 
10 273 0.0277788 4 0.0277788 
592 294 0.00181084 4 0.00181084 
15 280 0.0277788 4 0.0277788 
485 328 0.00147935 4 0.00147935 
180 285 0.0012312 4 0.0012312 
352 324 0.0277788 4 0.0277788 
488 323 0.0277788 4 0.0277788 
54 212 0.000452711 4 0.000452711 
337 272 0.00024415 4 0.00024415 
415 270 0.000640948 4 0.000640948 
136 238 0.00142405 4 0.00142405 
315 269 0.0236695 4 0.0236695 
46 342 0.000891101 4 0.000891101 
32 203 0.0277788 4 0.0277788 
387 318 0.000640948 4 0.000640948 
398 310 0.0039064 4 0.0039064 
553 245 0.00277019 4 0.00277019 
199 300 0.0138414 4 0.0138414 
476 313 0.000251962 4 0.000251962 
328 400 0.00181084 4 0.00181084 
440 288 0.0138414 4 0.0138414 
259 287 0.0138414 4 0.0138414 
376 271 0.0138414 4 0.0138414 
39 181 0.00277019 4 0.00277019 
434 248 0.0277788 4 0.0277788 
472 249 0.0277788 4 0.0277788 
287 297 0.00166604 4 0.00166604 
326 332 0.000918309 4 0.000918309 
274 349 0.00044323 4 0.00044323 
185 354 0.0110808 4 0.0110808 
330 350 0.00197538 4 0.00197538 
495 259 0.00237963 4 0.00237963 
272 345 0.00118911 4 0.00118911 
176 295 0.0330591 4 0.0330591 
181 217 0.0156256 4 0.0156256 
232 292 0.000472608 4 0.000472608 
575 256 0.00197538 4 0.00197538 
300 291 0.000580658 4 0.000580658 
365 236 0.0110808 4 0.0110808 
483 264 0.00907064 4 0.00907064 
424 364 0.0009766 4 0.0009766 
36 193 0.0110808 4 0.0110808 
162 267 0.00756173 4 0.00756173 
257 265 0.0100004 4 0.0100004 
540 230 0.0330591 4 0.0330591 
568 252 0.0330591 4 0.0330591 
233 271 0.00694471 4 0.00694471 
367 287 0.00018766 4 0.00018766 
437 276 0.00107502 4 0.00107502 
270 251 0.00153793 4 0.00153793 
434 242 0.0025001 4 0.0025001 
590 254 0.00153793 4 0.00153793 
186 194 0.000349389 4 0.000349389 
528 314 0.00160006 4 0.00160006 
413 266 0.0100004 4 0.0100004 
534 268 0.0100004 4 0.0100004 
188 267 0.0330591 4 0.0330591 
382 369 0.00444461 4 0.00444461 
451 336 0.000793524 4 0.000793524 
273 283 0.000793524 4 0.000793524 
424 241 0.00756173 4 0.00756173 
450 266 0.0123462 4 0.0123462 
505 399 0.0204089 4 0.0204089 
434 193 0.00206619 4 0.00206619 
81 273 0.0156256 4 0.0156256 
160 291 0.00444461 4 0.00444461 
254 301 0.0009766 4 0.0009766 
123 327 0.0123462 4 0.0123462 
541 319 0.00548718 4 0.00548718 
334 368 0.00308654 4 0.00308654 
521 345 0.000222775 4 0.000222775 
541 255 0.0156256 4 0.0156256 
535 389 0.0123462 4 0.0123462 
336 396 0.0123462 4 0.0123462 
504 306 0.00907064 4 0.00907064 
135 355 0.000201205 4 0.000201205 
276 331 0.0330591 4 0.0330591 
13 320 0.0177785 4 0.0177785 
484 322 0.0177785 4 0.0177785 
122 301 0.00237963 4 0.00237963 
468 294 0.00907064 4 0.00907064 
207 307 0.000342949 4 0.000342949 
187 332 0.00444461 4 0.00444461 
317 339 0.0330591 4 0.0330591 
296 249 0.0156256 4 0.0156256 
589 320 0.00173618 4 0.00173618 
400 339 0.000377053 3 0.000377053 
156 335 0.000362826 3 0.000362826 
596 331 0.0100004 3 0.0100004 
160 365 0.00044323 3 0.00044323 
179 286 0.00444461 3 0.00444461 
452 247 0.0100004 3 0.0100004 
56 290 0.000946782 3 0.000946782 
210 234 0.000730488 3 0.000730488 
260 398 0.00137179 3 0.00137179 
515 228 0.0100004 3 0.0100004 
215 400 0.00475643 3 0.00475643 
353 374 0.00444461 3 0.00444461 
443 378 0.000946782 3 0.000946782 
114 258 0.00475643 3 0.00475643 
180 346 0.00475643 3 0.00475643 
574 317 0.00475643 3 0.00475643 
106 258 0.00326543 3 0.00326543 
596 246 0.00346034 3 0.00346034 
73 345 0.000566915 3 0.000566915 
46 283 0.00127556 3 0.00127556 
291 321 0.000226138 3 0.000226138 
488 335 0.0110808 3 0.0110808 
220 355 0.00756173 3 0.00756173 
561 271 0.00137179 3 0.00137179 
209 340 0.000156256 3 0.000156256 
552 207 0.0123462 3 0.0123462 
603 428 0.0277788 3 0.0277788 
85 294 0.0177785 3 0.0177785 
286 212 0.00181084 3 0.00181084 
568 411 0.0110808 3 0.0110808 
193 241 0.000793524 3 0.000793524 
90 190 0.00114914 3 0.00114914 
298 270 0.000865085 3 0.000865085 
477 302 0.000793524 3 0.000793524 
233 243 0.00416249 3 0.00416249 
383 389 0.00907064 3 0.00907064 
571 273 0.0177785 3 0.0177785 
520 274 0.0123462 3 0.0123462 
397 259 0.0001665 3 0.0001665 
411 392 0.00189043 3 0.00189043 
162 204 0.000282477 3 0.000282477 
592 239 0.0204089 3 0.0204089 
422 193 0.00694471 3 0.00694471 
264 245 0.00107502 3 0.00107502 
501 240 0.000609687 3 0.000609687 
325 384 0.0330591 3 0.0330591 
472 333 0.00907064 3 0.00907064 
335 331 0.00237963 3 0.00237963 
264 325 0.00416249 3 0.00416249 
462 211 0.0277788 3 0.0277788 
541 349 0.0177785 3 0.0177785 
537 207 0.0277788 3 0.0277788 
138 208 0.00292195 3 0.00292195 
180 279 0.00756173 3 0.00756173 
221 201 0.0110808 3 0.0110808 
247 203 0.0110808 3 0.0110808 
102 284 0.00756173 3 0.00756173 
426 322 0.000336685 3 0.000336685 
337 231 0.00166604 3 0.00166604 
126 317 0.000219487 3 0.000219487 
545 256 0.0123462 3 0.0123462 
92 331 0.00416249 3 0.00416249 
471 290 0.00292195 3 0.00292195 
150 325 0.00416249 3 0.00416249 
291 313 0.00189043 3 0.00189043 
357 274 0.00166604 3 0.00166604 
419 311 0.00189043 3 0.00189043 
142 253 0.0123462 3 0.0123462 
258 290 0.000207037 3 0.000207037 
499 298 0.00416249 3 0.00416249 
523 318 0.000145165 3 0.000145165 
93 201 0.000313271 3 0.000313271 
159 221 0.0277788 3 0.0277788 
427 255 0.00416249 3 0.00416249 
135 293 0.0110808 3 0.0110808 
25 194 0.00181084 3 0.00181084 
147 368 0.000210048 3 0.000210048 
375 252 0.0025001 3 0.0025001 
58 298 0.00367324 3 0.00367324 
208 289 0.0330591 3 0.0330591 
453 229 0.000657487 3 0.000657487 
515 277 0.0330591 3 0.0330591 
178 201 0.0156256 3 0.0156256 
140 252 0.00118911 3 0.00118911 
474 326 0.00367324 3 0.00367324 
396 379 0.00142405 3 0.00142405 
66 307 0.000483052 3 0.000483052 
190 314 0.00292195 3 0.00292195 
54 180 0.0156256 3 0.0156256 
385 286 0.00147935 3 0.00147935 
366 409 0.00367324 3 0.00367324 
188 294 0.00367324 3 0.00367324 
489 333 0.000594907 3 0.000594907 
238 315 0.0123462 3 0.0123462 
508 343 0.0277788 3 0.0277788 
422 191 0.00640025 3 0.00640025 
155 276 0.00591739 3 0.00591739 
592 345 0.0277788 3 0.0277788 
497 337 0.00142405 3 0.00142405 
271 213 0.00640025 3 0.00640025 
82 290 0.000750639 3 0.000750639 
512 356 0.0236695 3 0.0236695 
157 287 0.000307799 3 0.000307799 
557 201 0.0330591 3 0.0330591 
600 190 0.0330591 3 0.0330591 
125 212 0.0156256 3 0.0156256 
444 239 0.0039064 3 0.0039064 
171 330 0.00237963 3 0.00237963 
220 325 0.00237963 3 0.00237963 
455 257 0.0156256 3 0.0156256 
85 316 0.000609687 3 0.000609687 
61 300 0.00826478 3 0.00826478 
563 349 0.0330591 3 0.0330591 
433 304 0.00694471 3 0.00694471 
535 254 0.0177785 3 0.0177785 
107 282 0.0123462 3 0.0123462 
120 322 0.00694471 3 0.00694471 
119 318 0.000108511 3 0.000108511 
155 240 0.00367324 3 0.00367324 
131 318 0.00216341 3 0.00216341 
497 214 0.00111115 3 0.00111115 
515 277 0.0039064 3 0.0039064 
90 240 0.000625024 3 0.000625024 
39 177 0.00127556 3 0.00127556 
387 373 0.00694471 3 0.00694471 
198 296 0.0277788 3 0.0277788 
424 269 0.00907064 3 0.00907064 
446 198 0.00591739 3 0.00591739 
218 208 0.00031889 3 0.00031889 
550 285 0.00181084 2 0.00181084 
400 331 0.0012312 2 0.0012312 
216 281 0.00226766 2 0.00226766 
192 339 0.00147935 2 0.00147935 
461 365 0.00292195 2 0.00292195 
188 389 0.000392133 2 0.000392133 
359 379 0.00100785 2 0.00100785 
261 315 0.000408137 2 0.000408137 
319 290 0.00142405 2 0.00142405 
463 323 0.00277019 2 0.00277019 
443 349 0.0138414 2 0.0138414 
275 329 0.00475643 2 0.00475643 
330 343 0.0138414 2 0.0138414 
35 293 0.00277019 2 0.00277019 
193 329 0.0039064 2 0.0039064 
573 225 0.00591739 2 0.00591739 
486 247 0.00118911 2 0.00118911 
32 208 0.0236695 2 0.0236695 
232 262 0.000640948 2 0.000640948 
436 197 0.00591739 2 0.00591739 
299 208 0.000865085 2 0.000865085 
89 187 0.0236695 2 0.0236695 
82 331 0.00181084 2 0.00181084 
465 293 0.00132236 2 0.00132236 
274 285 0.000116878 2 0.000116878 
99 246 0.000302469 2 0.000302469 
403 208 0.000408137 2 0.000408137 
544 328 0.0236695 2 0.0236695 
609 428 0.0277788 2 0.0277788 
512 319 0.00226766 2 0.00226766 
230 330 0.00132236 2 0.00132236 
499 420 0.0277788 2 0.0277788 
511 208 0.000865085 2 0.000865085 
176 289 0.0330591 2 0.0330591 
598 388 0.0330591 2 0.0330591 
88 387 0.0330591 2 0.0330591 
569 269 0.0156256 2 0.0156256 
41 331 0.00237963 2 0.00237963 
425 282 0.000135213 2 0.000135213 
469 308 0.00444461 2 0.00444461 
298 345 0.00308654 2 0.00308654 
99 312 0.000108511 2 0.000108511 
474 334 0.0330591 2 0.0330591 
64 184 0.00127556 2 0.00127556 
420 336 0.00444461 2 0.00444461 
458 231 0.0156256 2 0.0156256 
472 283 0.00237963 2 0.00237963 
176 303 0.0330591 2 0.0330591 
191 339 0.00907064 2 0.00907064 
460 273 0.00308654 2 0.00308654 
193 267 0.0330591 2 0.0330591 
177 266 0.0330591 2 0.0330591 
444 342 0.000692547 2 0.000692547 
181 203 0.00907064 2 0.00907064 
470 235 0.00308654 2 0.00308654 
455 324 0.000251962 2 0.000251962 
332 402 0.00444461 2 0.00444461 
270 223 0.0330591 2 0.0330591 
452 216 0.0330591 2 0.0330591 
441 214 0.0330591 2 0.0330591 
471 314 0.000369837 2 0.000369837 
266 206 0.0330591 2 0.0330591 
149 203 0.0330591 2 0.0330591 
172 270 0.00010739 2 0.00010739 
220 298 0.00147935 2 0.00147935 
185 313 0.0277788 2 0.0277788 
152 236 0.000516549 2 0.000516549 
349 250 0.000416509 2 0.000416509 
569 261 0.00147935 2 0.00147935 
271 280 0.00292195 2 0.00292195 
486 279 0.00292195 2 0.00292195 
179 252 0.00326543 2 0.00326543 
430 381 0.00189043 2 0.00189043 
142 198 0.00292195 2 0.00292195 
469 414 0.0156256 2 0.0156256 
60 234 0.0009766 2 0.0009766 
119 297 0.00326543 2 0.00326543 
395 361 0.000425141 2 0.000425141 
224 264 0.00226766 2 0.00226766 
273 328 0.0156256 2 0.0156256 
75 290 0.000425141 2 0.000425141 
460 240 0.00416249 2 0.00416249 
164 190 0.00189043 2 0.00189043 
345 313 0.0156256 2 0.0156256 
590 229 0.00416249 2 0.00416249 
84 303 0.0156256 2 0.0156256 
38 280 0.0009766 2 0.0009766 
461 302 0.0156256 2 0.0156256 
445 302 0.0156256 2 0.0156256 
87 189 0.000674676 2 0.000674676 
504 412 0.0330591 2 0.0330591 
305 383 0.00153793 2 0.00153793 
297 342 0.00907064 2 0.00907064 
313 247 0.0100004 2 0.0100004 
297 311 0.00137179 2 0.00137179 
252 314 0.0025001 2 0.0025001 
177 273 0.00160006 2 0.00160006 
384 300 0.0177785 2 0.0177785 
314 270 0.0100004 2 0.0100004 
462 324 0.000793524 2 0.000793524 
309 307 0.000207037 2 0.000207037 
445 351 0.000356012 2 0.000356012 
149 266 0.0123462 2 0.0123462 
169 260 0.00111115 2 0.00111115 
551 233 0.00510224 2 0.00510224 
114 361 0.0177785 2 0.0177785 
443 241 0.00756173 2 0.00756173 
513 256 0.000180179 2 0.000180179 
160 297 0.00756173 2 0.00756173 
232 285 0.00111115 2 0.00111115 
487 374 0.00640025 2 0.00640025 
467 256 0.0177785 2 0.0177785 
376 241 0.00346034 2 0.00346034 
179 339 0.00640025 2 0.00640025 
295 198 0.0177785 2 0.0177785 
444 296 0.00173618 2 0.00173618 
313 324 0.000273216 2 0.000273216 
535 213 0.0025001 2 0.0025001 
356 302 0.00018766 2 0.00018766 
362 392 0.0100004 2 0.0100004 
98 211 0.000236695 2 0.000236695 
370 302 0.00694471 2 0.00694471 
501 324 0.0123462 2 0.0123462 
225 276 0.000111983 2 0.000111983 
478 382 0.000273216 2 0.000273216 
343 361 0.00137179 2 0.00137179 
437 364 0.0100004 2 0.0100004 
355 259 0.00548718 2 0.00548718 
207 249 0.00548718 2 0.00548718 
519 290 0.00197538 2 0.00197538 
477 339 0.000330591 2 0.000330591 
558 396 0.0236695 2 0.0236695 
459 282 0.00262995 2 0.00262995 
398 366 0.00756173 2 0.00756173 
138 192 0.0100004 2 0.0100004 
295 246 0.0110808 2 0.0110808 
163 372 0.00510224 2 0.00510224 
28 248 0.00216341 2 0.00216341 
399 374 0.00367324 2 0.00367324 
527 347 0.00197538 2 0.00197538 
183 305 0.0100004 2 0.0100004 
514 373 0.00137179 2 0.00137179 
35 211 0.00640025 2 0.00640025 
401 285 0.00640025 2 0.00640025 
470 256 0.000566915 2 0.000566915 
234 227 0.00640025 2 0.00640025 
341 409 0.000840192 2 0.000840192 
162 255 0.00510224 2 0.00510224 
410 398 0.000771635 2 0.000771635 
361 231 0.0100004 2 0.0100004 
123 193 0.000462499 2 0.000462499 
456 294 0.0110808 2 0.0110808 
55 314 0.00111115 2 0.00111115 
290 342 0.00367324 2 0.00367324 
169 353 0.000268755 2 0.000268755 
114 257 0.00826478 2 0.00826478 
471 300 0.00216341 2 0.00216341 
493 290 0.00216341 2 0.00216341 
104 191 0.00262995 2 0.00262995 
264 419 0.000674676 1 0.000674676 
577 233 0.00694471 1 0.00694471 
175 208 0.00694471 1 0.00694471 
557 223 0.00262995 1 0.00262995 
556 232 0.00694471 1 0.00694471 
203 318 0.0156256 1 0.0156256 
302 460 0.0330591 1 0.0330591 
193 351 0.00160006 1 0.00160006 
119 299 0.00160006 1 0.00160006 
544 409 0.0330591 1 0.0330591 
103 281 0.00114914 1 0.00114914 
101 389 0.00756173 1 0.00756173 
379 286 0.00127556 1 0.00127556 
465 302 0.0156256 1 0.0156256 
119 316 0.00197538 1 0.00197538 
223 339 0.00262995 1 0.00262995 
394 196 0.00907064 1 0.00907064 
226 299 0.00308654 1 0.00308654 
280 293 0.00111115 1 0.00111115 
289 245 0.00237963 1 0.00237963 
559 226 0.00907064 1 0.00907064 
361 254 0.0330591 1 0.0330591 
198 263 0.000594907 1 0.000594907 
340 341 0.00510224 1 0.00510224 
512 410 0.00367324 1 0.00367324 
92 380 0.00510224 1 0.00510224 
27 217 0.0156256 1 0.0156256 
194 281 0.000918309 1 0.000918309 
392 192 0.00640025 1 0.00640025 
425 196 0.00237963 1 0.00237963 
401 188 0.0100004 1 0.0100004 
466 318 0.000946782 1 0.000946782 
440 194 0.0100004 1 0.0100004 
340 198 0.0100004 1 0.0100004 
191 253 0.000216271 1 0.000216271 
214 341 0.00694471 1 0.00694471 
173 291 0.00444461 1 0.00444461 
241 279 0.00107502 1 0.00107502 
582 265 0.0025001 1 0.0025001 
400 294 0.00694471 1 0.00694471 
518 303 0.00907064 1 0.00907064 
165 189 0.00111115 1 0.00111115 
101 342 0.0330591 1 0.0330591 
360 318 0.0025001 1 0.0025001 
554 387 0.00326543 1 0.00326543 
231 308 0.000273216 1 0.000273216 
150 327 0.0025001 1 0.0025001 
108 287 0.00907064 1 0.00907064 
361 329 0.0330591 1 0.0330591 
368 333 0.0025001 1 0.0025001 
200 327 0.0330591 1 0.0330591 
107 397 0.00694471 1 0.00694471 
314 400 0.00694471 1 0.00694471 
250 373 0.000771635 1 0.000771635 
387 196 0.0039064 1 0.0039064 
275 317 0.000229577 1 0.000229577 
424 199 0.00277019 1 0.00277019 
337 389 0.00216341 1 0.00216341 
214 420 0.000625024 1 0.000625024 
37 214 0.0204089 1 0.0204089 
466 301 0.000356012 1 0.000356012 
276 212 0.0039064 1 0.0039064 
65 274 0.000730488 1 0.000730488 
547 228 0.0138414 1 0.0138414 
171 204 0.0039064 1 0.0039064 
260 277 0.0039064 1 0.0039064 
177 327 0.000865085 1 0.000865085 
339 204 0.0138414 1 0.0138414 
555 409 0.00907064 1 0.00907064 
41 167 0.0123462 1 0.0123462 
429 238 0.00181084 1 0.00181084 
398 243 0.000226138 1 0.000226138 
510 189 0.0123462 1 0.0123462 
157 272 0.0204089 1 0.0204089 
320 295 0.000816358 1 0.000816358 
312 322 0.0204089 1 0.0204089 
22 346 0.00346034 1 0.00346034 
387 192 0.00216341 1 0.00216341 
358 401 0.0138414 1 0.0138414 
57 284 0.000840192 1 0.000840192 
151 211 0.000400015 1 0.000400015 
339 345 0.0039064 1 0.0039064 
342 344 0.0138414 1 0.0138414 
172 301 0.00277019 1 0.00277019 
560 367 0.000640948 1 0.000640948 
546 258 0.000462499 1 0.000462499 
464 333 0.0039064 1 0.0039064 
212 199 0.00548718 1 0.00548718 
113 330 0.0138414 1 0.0138414 
188 332 0.000640948 1 0.000640948 
361 328 0.0138414 1 0.0138414 
217 279 0.00118911 1 0.00118911 
476 317 0.000840192 1 0.000840192 
192 212 0.00826478 1 0.00826478 
495 242 0.000493846 1 0.000493846 
458 301 0.0138414 1 0.0138414 
463 289 0.00475643 1 0.00475643 
165 355 0.000840192 1 0.000840192 
151 225 0.0110808 1 0.0110808 
382 414 0.00206619 1 0.00206619 
200 262 0.0177785 1 0.0177785 
319 235 0.0277788 1 0.0277788 
78 225 0.0277788 1 0.0277788 
383 318 0.0177785 1 0.0177785 
290 225 0.00292195 1 0.00292195 
26 212 0.0277788 1 0.0277788 
364 211 0.0110808 1 0.0110808 
244 197 0.00292195 1 0.00292195 
131 349 0.0236695 1 0.0236695 
253 248 0.00326543 1 0.00326543 
200 253 0.00166604 1 0.00166604 
160 239 0.00197538 1 0.00197538 
448 294 0.000400015 1 0.000400015 
276 279 0.00166604 1 0.00166604 
184 300 0.000891101 1 0.000891101 
371 298 0.00326543 1 0.00326543 
398 347 0.000674676 1 0.000674676 
176 280 0.0110808 1 0.0110808 
261 236 0.00189043 1 0.00189043 
346 312 0.00197538 1 0.00197538 
411 386 0.00548718 1 0.00548718 
191 329 0.0204089 1 0.0204089 
426 315 0.00226766 1 0.00226766 
499 323 0.000145165 1 0.000145165 
527 403 0.0277788 1 0.0277788 
515 350 0.0204089 1 0.0204089 
540 278 0.0123462 1 0.0123462 
182 250 0.000349389 1 0.000349389 
435 245 0.00173618 1 0.00173618 
114 251 0.00173618 1 0.00173618 
134 328 0.0277788 1 0.0277788 
573 247 0.00444461 1 0.00444461 
263 319 0.00292195 1 0.00292195 
283 234 0.000711138 1 0.000711138 
311 384 0.000222775 1 0.000222775 
275 226 0.0177785 1 0.0177785 
198 234 0.0012312 1 0.0012312 
468 336 0.000297277 1 0.000297277 
570 237 0.0177785 1 0.0177785 
106 358 0.00173618 1 0.00173618 
434 370 0.00173618 1 0.00173618 
