1
2551
342 351 0.0277788 113 0.0277788 
299 212 0.0277788 107 0.0277788 
219 222 0.0236695 102 0.0236695 
406 355 0.0236695 102 0.0236695 
153 230 0.0277788 99 0.0277788 
536 275 0.0204089 91 0.0204089 
20 332 0.0177785 90 0.0177785 
333 358 0.0277788 89 0.0277788 
270 355 0.0330591 88 0.0330591 
442 351 0.0330591 87 0.0330591 
57 394 0.0277788 85 0.0277788 
302 359 0.0277788 84 0.0277788 
470 336 0.0204089 79 0.0204089 
591 184 0.0138414 77 0.0138414 
471 349 0.0156256 76 0.0156256 
433 222 0.0277788 75 0.0277788 
335 362 0.0110808 74 0.0110808 
536 219 0.0177785 74 0.0177785 
311 354 0.0277788 72 0.0277788 
482 197 0.0156256 70 0.0156256 
323 354 0.0277788 70 0.0277788 
466 352 0.00907064 69 0.00907064 
523 367 0.0330591 69 0.0330591 
536 234 0.0204089 69 0.0204089 
479 328 0.00444461 69 0.00444461 
457 365 0.0236695 68 0.0236695 
354 339 0.0110808 67 0.0110808 
379 356 0.0277788 67 0.0277788 
357 354 0.0156256 67 0.0156256 
284 359 0.0277788 66 0.0277788 
346 354 0.0138414 66 0.0138414 
256 356 0.0156256 65 0.0156256 
267 355 0.0277788 65 0.0277788 
159 194 0.0277788 64 0.0277788 
387 206 0.0236695 63 0.0236695 
431 234 0.0177785 63 0.0177785 
482 353 0.0330591 63 0.0330591 
420 251 0.0330591 62 0.0330591 
47 398 0.0330591 62 0.0330591 
292 359 0.0236695 61 0.0236695 
409 243 0.00475643 59 0.00475643 
38 347 0.00262995 59 0.00262995 
162 299 0.0236695 59 0.0236695 
486 339 0.0330591 59 0.0330591 
435 365 0.0236695 58 0.0236695 
141 259 0.0177785 58 0.0177785 
441 365 0.0236695 58 0.0236695 
39 394 0.0330591 57 0.0330591 
318 354 0.0277788 57 0.0277788 
480 344 0.0236695 55 0.0236695 
429 246 0.00640025 55 0.00640025 
477 344 0.0177785 55 0.0177785 
333 244 0.0236695 55 0.0236695 
536 243 0.0204089 55 0.0204089 
199 292 0.0138414 54 0.0138414 
114 266 0.00444461 53 0.00444461 
379 342 0.0330591 53 0.0330591 
228 320 0.000793524 53 0.000793524 
119 266 0.00444461 53 0.00444461 
456 278 0.0100004 53 0.0100004 
58 390 0.0138414 52 0.0138414 
515 363 0.0277788 52 0.0277788 
268 272 0.0330591 52 0.0330591 
342 240 0.0177785 51 0.0177785 
361 358 0.00756173 51 0.00756173 
102 349 0.0110808 51 0.0110808 
314 244 0.0156256 51 0.0156256 
513 166 0.0330591 51 0.0330591 
536 258 0.0204089 51 0.0204089 
142 299 0.0236695 51 0.0236695 
423 236 0.0236695 51 0.0236695 
167 299 0.0277788 50 0.0277788 
40 315 0.00756173 50 0.00756173 
397 355 0.0236695 50 0.0236695 
445 359 0.0330591 49 0.0330591 
307 359 0.0330591 49 0.0330591 
151 359 0.0330591 49 0.0330591 
89 392 0.0330591 49 0.0330591 
285 340 0.0110808 49 0.0110808 
468 332 0.00826478 49 0.00826478 
269 358 0.0156256 49 0.0156256 
99 347 0.00756173 48 0.00756173 
446 360 0.00640025 48 0.00640025 
488 335 0.0138414 48 0.0138414 
116 221 0.0123462 48 0.0123462 
402 249 0.0138414 48 0.0138414 
202 295 0.0277788 48 0.0277788 
142 324 0.00277019 48 0.00277019 
136 294 0.00907064 47 0.00907064 
116 226 0.0277788 47 0.0277788 
284 216 0.0330591 47 0.0330591 
120 342 0.0156256 47 0.0156256 
452 365 0.0204089 47 0.0204089 
402 238 0.0138414 47 0.0138414 
118 216 0.0236695 46 0.0236695 
112 245 0.0204089 46 0.0204089 
112 274 0.0138414 46 0.0138414 
59 381 0.0039064 46 0.0039064 
217 290 0.0236695 46 0.0236695 
451 352 0.00907064 46 0.00907064 
39 312 0.0177785 45 0.0177785 
32 383 0.00444461 45 0.00444461 
17 363 0.0277788 45 0.0277788 
348 363 0.0156256 45 0.0156256 
137 300 0.0277788 45 0.0277788 
277 359 0.0330591 45 0.0330591 
527 285 0.0204089 45 0.0204089 
536 198 0.0177785 45 0.0177785 
259 357 0.0236695 45 0.0236695 
433 315 0.0277788 45 0.0277788 
164 345 0.0330591 45 0.0330591 
608 152 0.0277788 44 0.0277788 
117 361 0.0330591 44 0.0330591 
498 230 0.0100004 44 0.0100004 
84 367 0.0138414 44 0.0138414 
398 244 0.00591739 44 0.00591739 
258 298 0.0138414 44 0.0138414 
377 358 0.0177785 43 0.0177785 
279 343 0.0177785 43 0.0177785 
457 367 0.0156256 43 0.0156256 
97 267 0.0204089 43 0.0204089 
242 302 0.0123462 43 0.0123462 
58 391 0.00640025 43 0.00640025 
257 294 0.0110808 43 0.0110808 
413 354 0.0204089 43 0.0204089 
603 268 0.0177785 43 0.0177785 
113 277 0.0277788 43 0.0277788 
606 216 0.0123462 42 0.0123462 
272 350 0.0123462 42 0.0123462 
193 359 0.0277788 42 0.0277788 
112 296 0.0123462 42 0.0123462 
252 352 0.00694471 42 0.00694471 
354 341 0.00277019 42 0.00277019 
551 278 0.0110808 42 0.0110808 
275 331 0.00308654 42 0.00308654 
563 356 0.0330591 42 0.0330591 
532 271 0.00907064 42 0.00907064 
256 290 0.00826478 42 0.00826478 
367 250 0.0236695 42 0.0236695 
34 382 0.00444461 41 0.00444461 
556 180 0.0330591 41 0.0330591 
156 232 0.0138414 41 0.0138414 
148 351 0.00694471 41 0.00694471 
205 303 0.0277788 41 0.0277788 
274 344 0.00548718 41 0.00548718 
456 298 0.00907064 41 0.00907064 
439 345 0.00907064 40 0.00907064 
84 392 0.00907064 40 0.00907064 
41 392 0.00826478 40 0.00826478 
343 356 0.0100004 40 0.0100004 
560 223 0.0277788 40 0.0277788 
546 168 0.00907064 40 0.00907064 
461 347 0.0277788 40 0.0277788 
342 229 0.0330591 40 0.0330591 
438 206 0.0204089 40 0.0204089 
542 268 0.00591739 40 0.00591739 
436 282 0.0236695 40 0.0236695 
552 356 0.0330591 40 0.0330591 
602 147 0.0330591 40 0.0330591 
518 226 0.0330591 39 0.0330591 
444 340 0.00237963 39 0.00237963 
353 366 0.0330591 39 0.0330591 
541 300 0.00548718 39 0.00548718 
314 282 0.0177785 39 0.0177785 
133 300 0.0277788 39 0.0277788 
233 366 0.0177785 39 0.0177785 
416 350 0.0277788 39 0.0277788 
448 351 0.0330591 39 0.0330591 
226 186 0.0330591 39 0.0330591 
176 303 0.0236695 39 0.0236695 
39 298 0.0177785 39 0.0177785 
316 346 0.00640025 38 0.00640025 
119 291 0.00907064 38 0.00907064 
299 231 0.00206619 38 0.00206619 
286 290 0.00262995 38 0.00262995 
26 367 0.0236695 38 0.0236695 
223 335 0.00197538 38 0.00197538 
148 350 0.0330591 38 0.0330591 
461 303 0.0277788 38 0.0277788 
560 270 0.00756173 38 0.00756173 
340 221 0.0236695 38 0.0236695 
475 354 0.00510224 38 0.00510224 
515 286 0.0330591 38 0.0330591 
318 214 0.0177785 37 0.0177785 
438 240 0.00510224 37 0.00510224 
494 333 0.0100004 37 0.0100004 
150 287 0.0330591 37 0.0330591 
261 243 0.0204089 37 0.0204089 
594 362 0.0330591 37 0.0330591 
103 377 0.00277019 37 0.00277019 
220 341 0.00346034 37 0.00346034 
364 286 0.0123462 36 0.0123462 
493 328 0.00475643 36 0.00475643 
67 369 0.0100004 36 0.0100004 
529 267 0.00510224 36 0.00510224 
50 396 0.0204089 36 0.0204089 
406 310 0.00346034 36 0.00346034 
543 330 0.000657487 36 0.000657487 
495 363 0.0177785 36 0.0177785 
476 328 0.0039064 36 0.0039064 
299 215 0.0156256 36 0.0156256 
367 184 0.0277788 36 0.0277788 
420 362 0.0177785 36 0.0177785 
186 346 0.0138414 36 0.0138414 
495 337 0.0236695 36 0.0236695 
17 315 0.00756173 36 0.00756173 
251 349 0.00510224 36 0.00510224 
41 396 0.0110808 35 0.0110808 
492 317 0.00181084 35 0.00181084 
281 373 0.00197538 35 0.00197538 
602 184 0.0123462 35 0.0123462 
92 340 0.00292195 35 0.00292195 
359 188 0.0123462 35 0.0123462 
311 371 0.0138414 35 0.0138414 
227 342 0.000516549 35 0.000516549 
575 242 0.0156256 35 0.0156256 
528 244 0.00510224 35 0.00510224 
302 371 0.0138414 35 0.0138414 
376 361 0.0110808 35 0.0110808 
95 344 0.00444461 35 0.00444461 
189 334 0.00277019 35 0.00277019 
468 328 0.00510224 35 0.00510224 
322 354 0.0100004 35 0.0100004 
280 368 0.00277019 35 0.00277019 
499 324 0.0204089 35 0.0204089 
368 176 0.0204089 35 0.0204089 
133 398 0.0330591 35 0.0330591 
469 364 0.0204089 35 0.0204089 
548 167 0.00694471 34 0.00694471 
239 353 0.0138414 34 0.0138414 
444 353 0.00907064 34 0.00907064 
520 176 0.0039064 34 0.0039064 
97 260 0.0204089 34 0.0204089 
61 359 0.0236695 34 0.0236695 
476 319 0.0110808 34 0.0110808 
205 309 0.0100004 34 0.0100004 
461 315 0.0156256 34 0.0156256 
71 371 0.00756173 34 0.00756173 
44 277 0.0177785 34 0.0177785 
209 305 0.0123462 34 0.0123462 
428 243 0.0330591 34 0.0330591 
53 381 0.00346034 34 0.00346034 
108 256 0.00166604 34 0.00166604 
583 267 0.0156256 34 0.0156256 
276 254 0.00416249 33 0.00416249 
485 304 0.000816358 33 0.000816358 
96 289 0.0277788 33 0.0277788 
125 356 0.00346034 33 0.00346034 
83 328 0.00107502 33 0.00107502 
260 308 0.0204089 33 0.0204089 
315 341 0.00367324 33 0.00367324 
22 389 0.0110808 33 0.0110808 
525 283 0.0138414 33 0.0138414 
546 282 0.0236695 33 0.0236695 
121 272 0.0123462 33 0.0123462 
436 244 0.0204089 33 0.0204089 
248 344 0.00308654 33 0.00308654 
294 370 0.00367324 33 0.00367324 
200 368 0.00444461 33 0.00444461 
496 327 0.0100004 33 0.0100004 
233 376 0.00346034 33 0.00346034 
528 228 0.00510224 32 0.00510224 
483 362 0.0204089 32 0.0204089 
192 342 0.00694471 32 0.00694471 
31 335 0.0156256 32 0.0156256 
73 367 0.0156256 32 0.0156256 
464 345 0.0039064 32 0.0039064 
159 325 0.0330591 32 0.0330591 
328 353 0.0100004 32 0.0100004 
114 291 0.0330591 32 0.0330591 
432 348 0.0330591 32 0.0330591 
348 246 0.00548718 32 0.00548718 
66 207 0.0330591 32 0.0330591 
366 248 0.0156256 32 0.0156256 
294 216 0.00907064 32 0.00907064 
366 240 0.0156256 32 0.0156256 
22 320 0.0204089 32 0.0204089 
20 345 0.0277788 32 0.0277788 
186 359 0.0236695 32 0.0236695 
521 280 0.00640025 31 0.00640025 
244 364 0.0277788 31 0.0277788 
91 389 0.00416249 31 0.00416249 
408 327 0.00111115 31 0.00111115 
452 359 0.0123462 31 0.0123462 
376 365 0.00292195 31 0.00292195 
200 363 0.00826478 31 0.00826478 
519 229 0.0177785 31 0.0177785 
11 197 0.0330591 31 0.0330591 
138 263 0.00907064 31 0.00907064 
96 279 0.0277788 31 0.0277788 
176 361 0.0330591 31 0.0330591 
89 399 0.0277788 31 0.0277788 
502 324 0.000918309 31 0.000918309 
39 303 0.0177785 31 0.0177785 
230 333 0.00153793 31 0.00153793 
246 300 0.0330591 31 0.0330591 
491 304 0.0110808 31 0.0110808 
13 356 0.00907064 31 0.00907064 
433 204 0.0277788 31 0.0277788 
70 396 0.0123462 31 0.0123462 
580 184 0.0110808 31 0.0110808 
495 324 0.0204089 30 0.0204089 
519 186 0.00189043 30 0.00189043 
170 197 0.0236695 30 0.0236695 
148 294 0.00756173 30 0.00756173 
227 365 0.0177785 30 0.0177785 
33 334 0.0138414 30 0.0138414 
451 302 0.0204089 30 0.0204089 
313 350 0.0110808 30 0.0110808 
531 321 0.00107502 30 0.00107502 
304 216 0.00907064 30 0.00907064 
541 238 0.00756173 30 0.00756173 
449 283 0.00367324 30 0.00367324 
284 367 0.00640025 30 0.00640025 
269 195 0.0277788 30 0.0277788 
253 284 0.00510224 30 0.00510224 
231 341 0.00277019 30 0.00277019 
349 214 0.0277788 30 0.0277788 
288 349 0.0330591 30 0.0330591 
104 364 0.0204089 30 0.0204089 
250 293 0.0330591 30 0.0330591 
519 242 0.00756173 30 0.00756173 
433 224 0.00756173 30 0.00756173 
88 337 0.00197538 30 0.00197538 
121 346 0.00907064 30 0.00907064 
24 384 0.00591739 30 0.00591739 
93 331 0.00147935 29 0.00147935 
293 346 0.00326543 29 0.00326543 
363 367 0.0204089 29 0.0204089 
364 333 0.00444461 29 0.00444461 
343 300 0.0110808 29 0.0110808 
350 244 0.00237963 29 0.00237963 
111 287 0.0330591 29 0.0330591 
102 289 0.0277788 29 0.0277788 
511 251 0.0012312 29 0.0012312 
64 372 0.0177785 29 0.0177785 
546 364 0.0138414 29 0.0138414 
529 158 0.0204089 29 0.0204089 
563 269 0.00226766 29 0.00226766 
62 378 0.00292195 29 0.00292195 
197 366 0.00548718 29 0.00548718 
565 283 0.0236695 29 0.0236695 
116 398 0.0330591 29 0.0330591 
38 373 0.0177785 29 0.0177785 
150 297 0.0277788 29 0.0277788 
319 217 0.0138414 29 0.0138414 
290 336 0.00591739 29 0.00591739 
9 337 0.0277788 29 0.0277788 
321 350 0.0123462 29 0.0123462 
116 255 0.0330591 29 0.0330591 
227 370 0.00694471 29 0.00694471 
256 250 0.00694471 29 0.00694471 
220 188 0.0277788 29 0.0277788 
145 268 0.00416249 29 0.00416249 
123 260 0.00826478 29 0.00826478 
462 319 0.00197538 29 0.00197538 
178 328 0.00206619 29 0.00206619 
400 283 0.0277788 28 0.0277788 
587 361 0.0330591 28 0.0330591 
220 365 0.0138414 28 0.0138414 
504 160 0.0204089 28 0.0204089 
41 349 0.00216341 28 0.00216341 
319 359 0.0330591 28 0.0330591 
495 287 0.00826478 28 0.00826478 
316 359 0.0330591 28 0.0330591 
444 345 0.00907064 28 0.00907064 
216 364 0.0204089 28 0.0204089 
236 308 0.0039064 28 0.0039064 
341 347 0.0123462 28 0.0123462 
585 316 0.00756173 28 0.00756173 
52 374 0.00756173 28 0.00756173 
217 367 0.0100004 28 0.0100004 
231 371 0.00640025 28 0.00640025 
32 401 0.0330591 28 0.0330591 
325 358 0.0277788 28 0.0277788 
576 224 0.0177785 28 0.0177785 
109 234 0.0277788 28 0.0277788 
328 314 0.00142405 28 0.00142405 
261 281 0.0236695 28 0.0236695 
560 217 0.0236695 28 0.0236695 
319 298 0.00907064 28 0.00907064 
427 353 0.0100004 27 0.0100004 
554 152 0.00181084 27 0.00181084 
350 330 0.00346034 27 0.00346034 
427 210 0.0156256 27 0.0156256 
100 365 0.0100004 27 0.0100004 
48 370 0.0236695 27 0.0236695 
190 363 0.0100004 27 0.0100004 
486 293 0.00277019 27 0.00277019 
532 201 0.0177785 27 0.0177785 
480 337 0.0177785 27 0.0177785 
48 373 0.0123462 27 0.0123462 
314 220 0.0236695 27 0.0236695 
29 377 0.00262995 27 0.00262995 
563 365 0.0123462 27 0.0123462 
159 323 0.0277788 27 0.0277788 
37 389 0.00510224 27 0.00510224 
124 268 0.00756173 27 0.00756173 
15 196 0.0177785 27 0.0177785 
272 294 0.0204089 27 0.0204089 
482 338 0.0236695 27 0.0236695 
431 290 0.0330591 27 0.0330591 
589 286 0.0156256 27 0.0156256 
311 354 0.00907064 27 0.00907064 
590 321 0.0039064 27 0.0039064 
156 329 0.00216341 27 0.00216341 
439 369 0.0110808 27 0.0110808 
416 341 0.00640025 27 0.00640025 
255 233 0.0330591 27 0.0330591 
56 397 0.00694471 26 0.00694471 
129 357 0.00907064 26 0.00907064 
205 217 0.00277019 26 0.00277019 
283 219 0.0236695 26 0.0236695 
160 321 0.0330591 26 0.0330591 
429 354 0.00326543 26 0.00326543 
526 264 0.00367324 26 0.00367324 
519 167 0.0100004 26 0.0100004 
309 326 0.00197538 26 0.00197538 
154 284 0.0204089 26 0.0204089 
562 313 0.00640025 26 0.00640025 
291 347 0.00346034 26 0.00346034 
127 356 0.00826478 26 0.00826478 
495 270 0.0204089 26 0.0204089 
306 234 0.00142405 26 0.00142405 
319 345 0.000392133 26 0.000392133 
196 293 0.0100004 26 0.0100004 
310 300 0.00031889 26 0.00031889 
424 238 0.00548718 26 0.00548718 
271 198 0.0123462 26 0.0123462 
74 352 0.0123462 26 0.0123462 
555 237 0.00510224 26 0.00510224 
518 276 0.0277788 26 0.0277788 
519 309 0.00292195 26 0.00292195 
317 314 0.0123462 26 0.0123462 
550 279 0.00262995 26 0.00262995 
203 374 0.00237963 26 0.00237963 
420 344 0.0277788 26 0.0277788 
532 359 0.0204089 26 0.0204089 
370 335 0.0204089 26 0.0204089 
385 228 0.000483052 26 0.000483052 
168 268 0.00444461 26 0.00444461 
387 327 0.000946782 26 0.000946782 
363 303 0.0100004 26 0.0100004 
151 246 0.0025001 26 0.0025001 
75 345 0.00475643 25 0.00475643 
38 388 0.0110808 25 0.0110808 
559 338 0.00591739 25 0.00591739 
297 249 0.00127556 25 0.00127556 
361 243 0.00591739 25 0.00591739 
43 319 0.0138414 25 0.0138414 
212 303 0.0100004 25 0.0100004 
148 232 0.0110808 25 0.0110808 
214 363 0.0236695 25 0.0236695 
132 352 0.0277788 25 0.0277788 
432 358 0.0236695 25 0.0236695 
275 328 0.0138414 25 0.0138414 
529 284 0.0156256 25 0.0156256 
127 343 0.00206619 25 0.00206619 
311 381 0.00346034 25 0.00346034 
539 224 0.00756173 25 0.00756173 
318 320 0.00591739 25 0.00591739 
24 390 0.0138414 25 0.0138414 
249 357 0.0204089 25 0.0204089 
485 200 0.00907064 25 0.00907064 
219 314 0.000540854 25 0.000540854 
424 200 0.0100004 25 0.0100004 
207 320 0.000840192 25 0.000840192 
435 229 0.0156256 25 0.0156256 
312 292 0.000362826 25 0.000362826 
217 267 0.0277788 25 0.0277788 
494 334 0.00444461 25 0.00444461 
34 399 0.0330591 25 0.0330591 
120 258 0.0138414 25 0.0138414 
308 335 0.0012312 25 0.0012312 
528 258 0.000138414 25 0.000138414 
557 155 0.0025001 25 0.0025001 
23 309 0.0277788 25 0.0277788 
263 321 0.0277788 25 0.0277788 
297 333 0.0039064 25 0.0039064 
340 228 0.00640025 25 0.00640025 
551 181 0.0177785 25 0.0177785 
39 389 0.00548718 25 0.00548718 
211 310 0.00475643 24 0.00475643 
137 374 0.0138414 24 0.0138414 
127 226 0.00907064 24 0.00907064 
94 295 0.0204089 24 0.0204089 
63 208 0.0204089 24 0.0204089 
125 372 0.0277788 24 0.0277788 
120 287 0.0156256 24 0.0156256 
217 315 0.0277788 24 0.0277788 
248 388 0.0277788 24 0.0277788 
446 264 0.0204089 24 0.0204089 
80 373 0.00444461 24 0.00444461 
66 329 0.0177785 24 0.0177785 
140 344 0.00694471 24 0.00694471 
321 249 0.00510224 24 0.00510224 
385 194 0.00444461 24 0.00444461 
73 177 0.0177785 24 0.0177785 
407 345 0.00416249 24 0.00416249 
336 300 0.00591739 24 0.00591739 
417 340 0.0277788 24 0.0277788 
556 157 0.00277019 24 0.00277019 
273 258 0.0277788 24 0.0277788 
465 286 0.00277019 24 0.00277019 
145 348 0.00548718 24 0.00548718 
489 347 0.00907064 24 0.00907064 
556 245 0.00416249 24 0.00416249 
345 211 0.0330591 24 0.0330591 
466 281 0.00367324 24 0.00367324 
305 380 0.0330591 24 0.0330591 
91 351 0.0123462 24 0.0123462 
550 331 0.000580658 24 0.000580658 
148 366 0.00826478 24 0.00826478 
90 397 0.0156256 24 0.0156256 
26 294 0.0277788 24 0.0277788 
212 347 0.00756173 24 0.00756173 
182 327 0.00166604 24 0.00166604 
166 355 0.0204089 24 0.0204089 
396 365 0.0236695 24 0.0236695 
325 302 0.000553654 24 0.000553654 
453 323 0.00475643 24 0.00475643 
508 369 0.00826478 24 0.00826478 
445 287 0.00237963 24 0.00237963 
598 290 0.00416249 24 0.00416249 
518 246 0.0330591 24 0.0330591 
21 333 0.00510224 24 0.00510224 
527 236 0.00475643 24 0.00475643 
175 394 0.0236695 23 0.0236695 
135 337 0.0204089 23 0.0204089 
496 314 0.00147935 23 0.00147935 
117 323 0.000657487 23 0.000657487 
496 294 0.000540854 23 0.000540854 
47 321 0.0330591 23 0.0330591 
285 372 0.00367324 23 0.00367324 
69 303 0.00308654 23 0.00308654 
558 358 0.0138414 23 0.0138414 
537 295 0.0110808 23 0.0110808 
210 183 0.00475643 23 0.00475643 
374 244 0.00475643 23 0.00475643 
358 285 0.00510224 23 0.00510224 
233 252 0.0156256 23 0.0156256 
360 290 0.00640025 23 0.00640025 
120 262 0.00173618 23 0.00173618 
317 347 0.00346034 23 0.00346034 
136 335 0.0138414 23 0.0138414 
304 238 0.00118911 23 0.00118911 
541 364 0.0138414 23 0.0138414 
164 301 0.0138414 23 0.0138414 
457 290 0.0100004 23 0.0100004 
241 373 0.00444461 23 0.00444461 
230 319 0.00153793 23 0.00153793 
589 175 0.00416249 23 0.00416249 
119 375 0.0100004 23 0.0100004 
429 246 0.0204089 23 0.0204089 
69 395 0.0330591 23 0.0330591 
92 353 0.0177785 23 0.0177785 
156 260 0.0330591 23 0.0330591 
306 353 0.00756173 22 0.00756173 
565 235 0.00346034 22 0.00346034 
77 391 0.00416249 22 0.00416249 
217 350 0.0110808 22 0.0110808 
23 304 0.0277788 22 0.0277788 
504 358 0.00416249 22 0.00416249 
267 184 0.0277788 22 0.0277788 
249 313 0.00694471 22 0.00694471 
188 319 0.00104062 22 0.00104062 
362 370 0.0204089 22 0.0204089 
447 286 0.0277788 22 0.0277788 
45 265 0.0156256 22 0.0156256 
31 377 0.00907064 22 0.00907064 
558 263 0.00346034 22 0.00346034 
34 370 0.0330591 22 0.0330591 
402 280 0.0156256 22 0.0156256 
437 334 0.0100004 22 0.0100004 
33 361 0.00826478 22 0.00826478 
308 212 0.00591739 22 0.00591739 
203 271 0.00160006 22 0.00160006 
431 216 0.0236695 22 0.0236695 
21 356 0.0177785 22 0.0177785 
221 371 0.00548718 22 0.00548718 
435 270 0.0177785 22 0.0177785 
343 357 0.00475643 22 0.00475643 
402 334 0.00160006 22 0.00160006 
95 369 0.00756173 22 0.00756173 
452 335 0.00153793 22 0.00153793 
449 287 0.00308654 22 0.00308654 
395 291 0.0236695 22 0.0236695 
134 353 0.0110808 22 0.0110808 
281 310 0.00444461 22 0.00444461 
392 271 0.000505006 22 0.000505006 
382 349 0.00640025 22 0.00640025 
196 289 0.00756173 22 0.00756173 
555 367 0.0204089 21 0.0204089 
103 276 0.0123462 21 0.0123462 
183 364 0.00591739 21 0.00591739 
417 291 0.0204089 21 0.0204089 
210 303 0.000377053 21 0.000377053 
496 211 0.000540854 21 0.000540854 
52 359 0.0204089 21 0.0204089 
318 339 0.0277788 21 0.0277788 
498 290 0.00510224 21 0.00510224 
442 289 0.00189043 21 0.00189043 
201 202 0.0236695 21 0.0236695 
37 364 0.0277788 21 0.0277788 
299 218 0.0236695 21 0.0236695 
239 274 0.000180179 21 0.000180179 
494 169 0.0330591 21 0.0330591 
302 379 0.0039064 21 0.0039064 
124 275 0.0277788 21 0.0277788 
26 214 0.0204089 21 0.0204089 
325 339 0.0330591 21 0.0330591 
453 263 0.0330591 21 0.0330591 
121 381 0.00475643 21 0.00475643 
339 253 0.00548718 21 0.00548718 
311 390 0.0236695 21 0.0236695 
213 334 0.00181084 21 0.00181084 
396 294 0.000287285 21 0.000287285 
563 183 0.00907064 21 0.00907064 
10 354 0.0138414 21 0.0138414 
454 269 0.0277788 21 0.0277788 
358 310 0.000840192 21 0.000840192 
604 148 0.0123462 21 0.0123462 
554 250 0.00591739 21 0.00591739 
174 331 0.00292195 21 0.00292195 
89 353 0.0177785 21 0.0177785 
309 298 0.0123462 21 0.0123462 
266 293 0.00367324 21 0.00367324 
287 378 0.0012312 21 0.0012312 
239 315 0.000566915 21 0.000566915 
38 354 0.0009766 21 0.0009766 
144 338 0.0123462 21 0.0123462 
160 305 0.00907064 21 0.00907064 
553 179 0.0177785 21 0.0177785 
36 319 0.0156256 21 0.0156256 
11 320 0.0156256 21 0.0156256 
125 297 0.0330591 21 0.0330591 
360 266 0.00756173 21 0.00756173 
110 218 0.00277019 21 0.00277019 
454 351 0.00694471 21 0.00694471 
104 255 0.00142405 21 0.00142405 
403 279 0.00548718 21 0.00548718 
341 295 0.0204089 20 0.0204089 
173 371 0.0236695 20 0.0236695 
530 330 0.000730488 20 0.000730488 
495 307 0.0204089 20 0.0204089 
16 382 0.0277788 20 0.0277788 
44 361 0.0138414 20 0.0138414 
97 394 0.00826478 20 0.00826478 
136 348 0.0277788 20 0.0277788 
296 289 0.0204089 20 0.0204089 
93 278 0.0204089 20 0.0204089 
129 361 0.0204089 20 0.0204089 
326 321 0.00326543 20 0.00326543 
179 394 0.0138414 20 0.0138414 
106 368 0.00826478 20 0.00826478 
265 281 0.0277788 20 0.0277788 
506 239 0.00326543 20 0.00326543 
22 379 0.0204089 20 0.0204089 
440 241 0.00206619 20 0.00206619 
242 302 0.000369837 20 0.000369837 
231 259 0.000129137 20 0.000129137 
376 323 0.00206619 20 0.00206619 
484 353 0.00444461 20 0.00444461 
9 397 0.0204089 20 0.0204089 
307 370 0.00444461 20 0.00444461 
558 272 0.00346034 20 0.00346034 
193 308 0.0330591 20 0.0330591 
203 358 0.0236695 20 0.0236695 
90 266 0.00326543 20 0.00326543 
161 291 0.00548718 20 0.00548718 
179 371 0.0236695 20 0.0236695 
33 306 0.00640025 20 0.00640025 
142 291 0.00510224 20 0.00510224 
259 246 0.0123462 20 0.0123462 
363 172 0.0138414 20 0.0138414 
506 312 0.000566915 20 0.000566915 
337 371 0.00346034 20 0.00346034 
435 332 0.00132236 20 0.00132236 
292 345 0.0330591 20 0.0330591 
546 228 0.00326543 20 0.00326543 
187 389 0.0156256 20 0.0156256 
516 288 0.0177785 20 0.0177785 
336 333 0.0100004 20 0.0100004 
247 255 0.0025001 20 0.0025001 
154 335 0.00346034 20 0.00346034 
332 339 0.0330591 20 0.0330591 
118 358 0.0156256 20 0.0156256 
529 232 0.0177785 20 0.0177785 
549 254 0.0123462 20 0.0123462 
322 369 0.0204089 20 0.0204089 
263 243 0.0138414 20 0.0138414 
67 209 0.0236695 20 0.0236695 
247 372 0.00694471 19 0.00694471 
168 371 0.00206619 19 0.00206619 
482 379 0.000793524 19 0.000793524 
208 349 0.0100004 19 0.0100004 
560 232 0.0110808 19 0.0110808 
179 299 0.0110808 19 0.0110808 
135 310 0.0236695 19 0.0236695 
378 369 0.00206619 19 0.00206619 
435 332 0.000793524 19 0.000793524 
100 299 0.0236695 19 0.0236695 
593 284 0.00756173 19 0.00756173 
548 233 0.0204089 19 0.0204089 
67 359 0.000594907 19 0.000594907 
299 250 0.0025001 19 0.0025001 
522 210 0.00826478 19 0.00826478 
303 304 0.0236695 19 0.0236695 
51 329 0.0138414 19 0.0138414 
569 231 0.00548718 19 0.00548718 
304 205 0.00756173 19 0.00756173 
363 343 0.0330591 19 0.0330591 
147 236 0.00756173 19 0.00756173 
318 311 0.0204089 19 0.0204089 
512 246 0.00308654 19 0.00308654 
532 287 0.0204089 19 0.0204089 
488 367 0.00756173 19 0.00756173 
40 347 0.0277788 19 0.0277788 
528 208 0.0236695 19 0.0236695 
340 376 0.0204089 19 0.0204089 
351 364 0.00326543 19 0.00326543 
488 180 0.00367324 19 0.00367324 
237 290 0.000260156 19 0.000260156 
143 347 0.0110808 19 0.0110808 
385 242 0.00197538 19 0.00197538 
122 237 0.0156256 19 0.0156256 
292 369 0.0204089 19 0.0204089 
473 197 0.0156256 19 0.0156256 
393 231 0.00104062 19 0.00104062 
482 281 0.000336685 19 0.000336685 
508 298 0.000356012 19 0.000356012 
604 152 0.0330591 19 0.0330591 
233 265 0.0156256 19 0.0156256 
257 302 0.0100004 19 0.0100004 
510 194 0.0009766 19 0.0009766 
33 223 0.0236695 19 0.0236695 
410 364 0.00510224 19 0.00510224 
275 255 0.0138414 19 0.0138414 
166 237 0.0330591 19 0.0330591 
34 307 0.00326543 19 0.00326543 
21 338 0.0277788 19 0.0277788 
506 344 0.00367324 18 0.00367324 
324 298 0.00694471 18 0.00694471 
150 217 0.0156256 18 0.0156256 
325 365 0.0177785 18 0.0177785 
151 341 0.0156256 18 0.0156256 
404 288 0.0277788 18 0.0277788 
125 348 0.00548718 18 0.00548718 
572 367 0.0156256 18 0.0156256 
68 333 0.0110808 18 0.0110808 
141 381 0.00510224 18 0.00510224 
544 283 0.0177785 18 0.0177785 
291 294 0.00189043 18 0.00189043 
548 228 0.0204089 18 0.0204089 
468 319 0.00100785 18 0.00100785 
405 368 0.00346034 18 0.00346034 
118 243 0.0177785 18 0.0177785 
333 335 0.0277788 18 0.0277788 
458 316 0.00153793 18 0.00153793 
34 374 0.0138414 18 0.0138414 
11 342 0.0277788 18 0.0277788 
36 381 0.0025001 18 0.0025001 
605 220 0.00907064 18 0.00907064 
530 208 0.0330591 18 0.0330591 
103 312 0.00907064 18 0.00907064 
178 284 0.0204089 18 0.0204089 
487 265 0.000425141 18 0.000425141 
445 375 0.00444461 18 0.00444461 
306 236 0.000692547 18 0.000692547 
496 170 0.0236695 18 0.0236695 
555 346 0.0277788 18 0.0277788 
221 290 0.0236695 18 0.0236695 
505 299 0.0330591 18 0.0330591 
468 267 0.000229577 18 0.000229577 
152 342 0.00694471 18 0.00694471 
434 353 0.0123462 18 0.0123462 
253 255 0.0039064 18 0.0039064 
252 373 0.0110808 18 0.0110808 
485 174 0.00756173 18 0.00756173 
125 290 0.00907064 18 0.00907064 
58 320 0.0138414 18 0.0138414 
158 395 0.0204089 18 0.0204089 
273 273 0.0110808 18 0.0110808 
530 313 0.00166604 18 0.00166604 
274 304 0.0123462 18 0.0123462 
315 380 0.0330591 18 0.0330591 
260 278 0.000164372 18 0.000164372 
413 257 0.00147935 18 0.00147935 
106 395 0.0156256 18 0.0156256 
530 323 0.0009766 18 0.0009766 
244 337 0.00166604 18 0.00166604 
577 181 0.00694471 18 0.00694471 
282 216 0.00694471 18 0.00694471 
149 199 0.0277788 18 0.0277788 
504 219 0.000384482 18 0.000384482 
534 234 0.00262995 17 0.00262995 
256 230 0.0177785 17 0.0177785 
516 232 0.00166604 17 0.00166604 
207 258 0.00510224 17 0.00510224 
16 280 0.00640025 17 0.00640025 
283 228 0.000730488 17 0.000730488 
438 291 0.00756173 17 0.00756173 
284 369 0.0236695 17 0.0236695 
146 372 0.0277788 17 0.0277788 
140 313 0.0123462 17 0.0123462 
355 361 0.00475643 17 0.00475643 
37 208 0.0330591 17 0.0330591 
175 352 0.00197538 17 0.00197538 
289 359 0.00694471 17 0.00694471 
396 289 0.0177785 17 0.0177785 
129 196 0.0277788 17 0.0277788 
103 310 0.0110808 17 0.0110808 
149 319 0.00510224 17 0.00510224 
107 265 0.00308654 17 0.00308654 
60 300 0.00907064 17 0.00907064 
507 273 0.00206619 17 0.00206619 
350 294 0.00216341 17 0.00216341 
510 202 0.00262995 17 0.00262995 
289 387 0.000771635 17 0.000771635 
498 171 0.0204089 17 0.0204089 
24 396 0.00907064 17 0.00907064 
260 261 0.0138414 17 0.0138414 
153 255 0.00147935 17 0.00147935 
288 361 0.00591739 17 0.00591739 
323 321 0.000946782 17 0.000946782 
400 335 0.00444461 17 0.00444461 
172 354 0.0156256 17 0.0156256 
425 370 0.0110808 17 0.0110808 
168 263 0.00444461 17 0.00444461 
124 375 0.0110808 17 0.0110808 
256 320 0.0330591 17 0.0330591 
286 359 0.00826478 17 0.00826478 
441 353 0.00367324 17 0.00367324 
144 290 0.00444461 17 0.00444461 
36 392 0.00189043 17 0.00189043 
141 358 0.0330591 17 0.0330591 
271 243 0.00510224 17 0.00510224 
405 282 0.0330591 17 0.0330591 
369 347 0.0138414 17 0.0138414 
568 211 0.000793524 17 0.000793524 
214 218 0.00907064 17 0.00907064 
348 246 0.0236695 17 0.0236695 
195 277 0.000229577 17 0.000229577 
203 348 0.0330591 17 0.0330591 
297 343 0.00237963 17 0.00237963 
479 360 0.00262995 17 0.00262995 
386 210 0.0123462 16 0.0123462 
401 372 0.00226766 16 0.00226766 
142 277 0.0177785 16 0.0177785 
486 314 0.00137179 16 0.00137179 
134 394 0.00694471 16 0.00694471 
114 298 0.0039064 16 0.0039064 
400 275 0.00326543 16 0.00326543 
412 212 0.00277019 16 0.00277019 
62 403 0.00591739 16 0.00591739 
52 208 0.00591739 16 0.00591739 
499 151 0.00444461 16 0.00444461 
528 352 0.00292195 16 0.00292195 
29 371 0.00907064 16 0.00907064 
419 258 0.00173618 16 0.00173618 
491 286 0.00166604 16 0.00166604 
161 372 0.0025001 16 0.0025001 
222 301 0.0177785 16 0.0177785 
449 258 0.00907064 16 0.00907064 
353 307 0.0236695 16 0.0236695 
316 323 0.00166604 16 0.00166604 
230 185 0.0277788 16 0.0277788 
216 376 0.00326543 16 0.00326543 
133 232 0.00189043 16 0.00189043 
14 358 0.00756173 16 0.00756173 
110 299 0.00346034 16 0.00346034 
223 365 0.0110808 16 0.0110808 
596 369 0.0177785 16 0.0177785 
569 277 0.00142405 16 0.00142405 
271 269 0.000210048 16 0.000210048 
536 374 0.0330591 16 0.0330591 
557 242 0.00346034 16 0.00346034 
112 291 0.0123462 16 0.0123462 
214 225 0.00907064 16 0.00907064 
145 398 0.0330591 16 0.0330591 
279 339 0.00189043 16 0.00189043 
261 202 0.00548718 16 0.00548718 
156 314 0.0123462 16 0.0123462 
438 353 0.00826478 16 0.00826478 
100 408 0.0236695 16 0.0236695 
466 197 0.00548718 16 0.00548718 
110 266 0.0156256 16 0.0156256 
414 332 0.000528492 16 0.000528492 
137 385 0.0330591 16 0.0330591 
168 361 0.00591739 16 0.00591739 
583 281 0.00640025 16 0.00640025 
297 383 0.00262995 16 0.00262995 
449 334 0.00475643 16 0.00475643 
555 317 0.00104062 16 0.00104062 
429 334 0.0204089 16 0.0204089 
228 270 0.000156256 16 0.000156256 
450 379 0.00277019 16 0.00277019 
201 380 0.0330591 16 0.0330591 
467 323 0.00292195 16 0.00292195 
382 333 0.00326543 16 0.00326543 
446 246 0.00226766 16 0.00226766 
508 291 0.0236695 16 0.0236695 
373 288 0.00416249 16 0.00416249 
508 286 0.0100004 16 0.0100004 
120 334 0.00114914 15 0.00114914 
287 380 0.00367324 15 0.00367324 
167 329 0.00548718 15 0.00548718 
278 212 0.0236695 15 0.0236695 
224 377 0.00277019 15 0.00277019 
188 368 0.0277788 15 0.0277788 
486 370 0.00118911 15 0.00118911 
244 235 0.0236695 15 0.0236695 
338 216 0.0123462 15 0.0123462 
322 373 0.00907064 15 0.00907064 
439 368 0.00591739 15 0.00591739 
601 285 0.00907064 15 0.00907064 
489 281 0.00216341 15 0.00216341 
566 275 0.0236695 15 0.0236695 
159 260 0.0177785 15 0.0177785 
395 379 0.00132236 15 0.00132236 
135 392 0.0236695 15 0.0236695 
57 354 0.00756173 15 0.00756173 
558 347 0.0330591 15 0.0330591 
556 219 0.0110808 15 0.0110808 
569 270 0.00147935 15 0.00147935 
247 385 0.0156256 15 0.0156256 
550 246 0.000946782 15 0.000946782 
149 387 0.0236695 15 0.0236695 
381 331 0.0012312 15 0.0012312 
426 360 0.0330591 15 0.0330591 
544 319 0.0204089 15 0.0204089 
61 363 0.0330591 15 0.0330591 
285 202 0.00237963 15 0.00237963 
308 382 0.0236695 15 0.0236695 
351 303 0.0138414 15 0.0138414 
380 302 0.0138414 15 0.0138414 
114 356 0.00907064 15 0.00907064 
533 216 0.00694471 15 0.00694471 
312 309 0.000580658 15 0.000580658 
471 294 0.0138414 15 0.0138414 
404 274 0.00346034 15 0.00346034 
113 388 0.00510224 15 0.00510224 
100 402 0.00907064 15 0.00907064 
88 391 0.0009766 15 0.0009766 
267 261 0.0177785 15 0.0177785 
512 175 0.00640025 15 0.00640025 
302 299 0.0330591 15 0.0330591 
177 356 0.0277788 15 0.0277788 
339 277 0.00756173 15 0.00756173 
529 360 0.00694471 15 0.00694471 
480 386 0.000609687 15 0.000609687 
23 326 0.00591739 15 0.00591739 
109 311 0.00132236 15 0.00132236 
404 348 0.00591739 15 0.00591739 
186 369 0.00416249 15 0.00416249 
336 312 0.00591739 15 0.00591739 
342 320 0.0277788 15 0.0277788 
369 244 0.00826478 15 0.00826478 
360 327 0.00226766 15 0.00226766 
520 295 0.0204089 15 0.0204089 
158 312 0.0177785 15 0.0177785 
290 247 0.00756173 15 0.00756173 
558 344 0.0156256 15 0.0156256 
116 394 0.0330591 15 0.0330591 
289 325 0.0236695 15 0.0236695 
233 384 0.00181084 15 0.00181084 
244 392 0.0236695 15 0.0236695 
256 370 0.0156256 15 0.0156256 
318 339 0.00907064 15 0.00907064 
141 270 0.0177785 15 0.0177785 
590 159 0.0277788 14 0.0277788 
494 268 0.000528492 14 0.000528492 
159 287 0.00907064 14 0.00907064 
93 399 0.000692547 14 0.000692547 
113 228 0.00826478 14 0.00826478 
133 313 0.0110808 14 0.0110808 
394 241 0.00226766 14 0.00226766 
589 164 0.0138414 14 0.0138414 
121 394 0.0123462 14 0.0123462 
559 253 0.0100004 14 0.0100004 
291 386 0.0012312 14 0.0012312 
188 373 0.00292195 14 0.00292195 
180 377 0.00756173 14 0.00756173 
513 304 0.00548718 14 0.00548718 
194 189 0.00907064 14 0.00907064 
199 297 0.0156256 14 0.0156256 
410 313 0.00237963 14 0.00237963 
423 211 0.00907064 14 0.00907064 
499 266 0.00756173 14 0.00756173 
128 301 0.00416249 14 0.00416249 
176 361 0.00444461 14 0.00444461 
567 345 0.0156256 14 0.0156256 
26 211 0.0123462 14 0.0123462 
156 240 0.0330591 14 0.0330591 
304 310 0.00826478 14 0.00826478 
184 371 0.0156256 14 0.0156256 
556 227 0.0110808 14 0.0110808 
500 292 0.00104062 14 0.00104062 
141 252 0.0177785 14 0.0177785 
534 292 0.000198381 14 0.000198381 
137 370 0.0330591 14 0.0330591 
53 389 0.0100004 14 0.0100004 
431 246 0.0025001 14 0.0025001 
15 349 0.0110808 14 0.0110808 
271 241 0.0156256 14 0.0156256 
403 371 0.0025001 14 0.0025001 
509 238 0.00166604 14 0.00166604 
510 174 0.00694471 14 0.00694471 
203 361 0.0123462 14 0.0123462 
116 387 0.0204089 14 0.0204089 
57 359 0.0177785 14 0.0177785 
377 245 0.0138414 14 0.0138414 
513 273 0.0110808 14 0.0110808 
132 281 0.00216341 14 0.00216341 
499 332 0.00510224 14 0.00510224 
569 359 0.0177785 14 0.0177785 
295 307 0.000226138 14 0.000226138 
341 256 0.00216341 14 0.00216341 
543 206 0.0204089 14 0.0204089 
507 249 0.00216341 14 0.00216341 
523 214 0.0156256 14 0.0156256 
119 335 0.0204089 14 0.0204089 
138 236 0.0277788 14 0.0277788 
200 384 0.0277788 14 0.0277788 
378 356 0.00826478 14 0.00826478 
226 225 0.00694471 14 0.00694471 
379 291 0.0177785 14 0.0177785 
542 190 0.00416249 14 0.00416249 
316 375 0.00694471 14 0.00694471 
34 278 0.0236695 14 0.0236695 
243 295 0.0236695 14 0.0236695 
67 373 0.00548718 14 0.00548718 
320 232 0.00367324 14 0.00367324 
134 199 0.0100004 14 0.0100004 
335 245 0.00548718 13 0.00548718 
299 249 0.000750639 13 0.000750639 
386 194 0.0204089 13 0.0204089 
420 283 0.00137179 13 0.00137179 
429 273 0.00591739 13 0.00591739 
215 312 0.0204089 13 0.0204089 
115 343 0.0177785 13 0.0177785 
252 323 0.0123462 13 0.0123462 
347 303 0.00694471 13 0.00694471 
292 313 0.0204089 13 0.0204089 
249 319 0.00756173 13 0.00756173 
209 276 0.000198381 13 0.000198381 
217 246 0.000483052 13 0.000483052 
542 284 0.00153793 13 0.00153793 
151 226 0.0123462 13 0.0123462 
447 249 0.0277788 13 0.0277788 
357 249 0.0277788 13 0.0277788 
302 354 0.00907064 13 0.00907064 
223 226 0.0100004 13 0.0100004 
561 250 0.00111115 13 0.00111115 
139 342 0.00277019 13 0.00277019 
26 354 0.00475643 13 0.00475643 
489 363 0.00444461 13 0.00444461 
79 408 0.0236695 13 0.0236695 
87 323 0.000865085 13 0.000865085 
299 325 0.00189043 13 0.00189043 
406 297 0.0204089 13 0.0204089 
157 324 0.0177785 13 0.0177785 
223 218 0.0100004 13 0.0100004 
98 274 0.00907064 13 0.00907064 
306 351 0.00111115 13 0.00111115 
15 302 0.00591739 13 0.00591739 
101 217 0.00826478 13 0.00826478 
246 367 0.0138414 13 0.0138414 
356 327 0.00114914 13 0.00114914 
21 301 0.0177785 13 0.0177785 
158 236 0.00756173 13 0.00756173 
44 223 0.0236695 13 0.0236695 
364 281 0.0123462 13 0.0123462 
601 370 0.00510224 13 0.00510224 
43 296 0.0156256 13 0.0156256 
566 186 0.00591739 13 0.00591739 
251 234 0.0277788 13 0.0277788 
254 375 0.00756173 13 0.00756173 
458 335 0.00181084 13 0.00181084 
62 383 0.0177785 13 0.0177785 
321 377 0.00548718 13 0.00548718 
498 242 0.0100004 13 0.0100004 
229 188 0.0204089 13 0.0204089 
496 262 0.000594907 13 0.000594907 
140 208 0.0330591 13 0.0330591 
312 229 0.0138414 13 0.0138414 
318 358 0.0100004 13 0.0100004 
404 243 0.00277019 13 0.00277019 
463 265 0.0204089 13 0.0204089 
389 196 0.00548718 13 0.00548718 
398 382 0.00216341 13 0.00216341 
132 229 0.00444461 13 0.00444461 
496 319 0.0100004 13 0.0100004 
203 339 0.00292195 13 0.00292195 
82 186 0.0330591 13 0.0330591 
165 388 0.0204089 13 0.0204089 
44 297 0.00694471 13 0.00694471 
379 320 0.00173618 13 0.00173618 
19 196 0.00826478 13 0.00826478 
438 248 0.00510224 13 0.00510224 
50 216 0.0204089 13 0.0204089 
523 257 0.0177785 13 0.0177785 
357 271 0.0177785 13 0.0177785 
105 359 0.0277788 13 0.0277788 
464 315 0.000840192 13 0.000840192 
124 222 0.0204089 13 0.0204089 
365 340 0.00137179 13 0.00137179 
499 241 0.00475643 13 0.00475643 
83 296 0.0156256 13 0.0156256 
504 147 0.00292195 13 0.00292195 
62 296 0.00694471 13 0.00694471 
587 179 0.0204089 13 0.0204089 
551 231 0.0100004 13 0.0100004 
521 288 0.00024801 13 0.00024801 
564 382 0.00640025 13 0.00640025 
480 334 0.00237963 12 0.00237963 
498 346 0.00160006 12 0.00160006 
532 260 0.00907064 12 0.00907064 
293 380 0.00346034 12 0.00346034 
310 332 0.00111115 12 0.00111115 
280 218 0.0156256 12 0.0156256 
592 297 0.0110808 12 0.0110808 
564 228 0.0330591 12 0.0330591 
159 270 0.0177785 12 0.0177785 
314 253 0.0123462 12 0.0123462 
324 246 0.00907064 12 0.00907064 
165 387 0.00510224 12 0.00510224 
235 298 0.000307799 12 0.000307799 
499 272 0.0123462 12 0.0123462 
524 217 0.0236695 12 0.0236695 
375 193 0.00237963 12 0.00237963 
242 313 0.00346034 12 0.00346034 
40 300 0.00694471 12 0.00694471 
316 278 0.000260156 12 0.000260156 
278 289 0.0177785 12 0.0177785 
502 221 0.0204089 12 0.0204089 
132 329 0.00548718 12 0.00548718 
518 239 0.0330591 12 0.0330591 
309 294 0.0177785 12 0.0177785 
455 335 0.000918309 12 0.000918309 
575 232 0.0177785 12 0.0177785 
531 189 0.00416249 12 0.00416249 
179 305 0.0123462 12 0.0123462 
458 245 0.0236695 12 0.0236695 
81 315 0.000580658 12 0.000580658 
507 150 0.0039064 12 0.0039064 
91 267 0.00640025 12 0.00640025 
304 386 0.00216341 12 0.00216341 
53 204 0.0039064 12 0.0039064 
139 274 0.0100004 12 0.0100004 
343 323 0.00181084 12 0.00181084 
497 384 0.00142405 12 0.00142405 
136 209 0.0138414 12 0.0138414 
399 391 0.0012312 12 0.0012312 
212 223 0.00640025 12 0.00640025 
40 317 0.00216341 12 0.00216341 
72 339 0.00826478 12 0.00826478 
95 263 0.0110808 12 0.0110808 
290 288 0.00756173 12 0.00756173 
15 369 0.00907064 12 0.00907064 
545 279 0.0138414 12 0.0138414 
527 282 0.0110808 12 0.0110808 
394 248 0.00216341 12 0.00216341 
95 408 0.0277788 12 0.0277788 
566 269 0.0236695 12 0.0236695 
343 315 0.0204089 12 0.0204089 
64 326 0.0138414 12 0.0138414 
93 298 0.0277788 12 0.0277788 
550 381 0.00826478 12 0.00826478 
161 314 0.0123462 12 0.0123462 
332 304 0.0277788 12 0.0277788 
250 328 0.0277788 12 0.0277788 
427 330 0.0123462 12 0.0123462 
573 229 0.00326543 12 0.00326543 
70 298 0.0330591 12 0.0330591 
269 339 0.0156256 12 0.0156256 
126 340 0.0156256 12 0.0156256 
128 351 0.0156256 12 0.0156256 
603 370 0.0156256 12 0.0156256 
79 319 0.0156256 12 0.0156256 
341 239 0.00510224 12 0.00510224 
455 253 0.00475643 12 0.00475643 
15 373 0.0156256 12 0.0156256 
367 361 0.0330591 12 0.0330591 
118 299 0.00640025 12 0.00640025 
163 362 0.0330591 12 0.0330591 
598 366 0.0330591 12 0.0330591 
450 248 0.00107502 12 0.00107502 
282 373 0.0100004 12 0.0100004 
452 304 0.000793524 12 0.000793524 
371 376 0.00127556 12 0.00127556 
565 375 0.0236695 12 0.0236695 
398 276 0.000625024 12 0.000625024 
548 375 0.0330591 12 0.0330591 
46 330 0.000816358 12 0.000816358 
317 334 0.00907064 11 0.00907064 
506 233 0.00346034 11 0.00346034 
443 300 0.0236695 11 0.0236695 
427 244 0.00346034 11 0.00346034 
386 226 0.000816358 11 0.000816358 
87 342 0.00206619 11 0.00206619 
79 388 0.0177785 11 0.0177785 
531 223 0.0236695 11 0.0236695 
584 351 0.00510224 11 0.00510224 
297 389 0.0177785 11 0.0177785 
123 367 0.00160006 11 0.00160006 
126 380 0.00206619 11 0.00206619 
21 408 0.0236695 11 0.0236695 
105 296 0.00591739 11 0.00591739 
393 268 0.00160006 11 0.00160006 
256 227 0.0110808 11 0.0110808 
251 390 0.0177785 11 0.0177785 
175 189 0.00510224 11 0.00510224 
501 295 0.00346034 11 0.00346034 
145 343 0.0236695 11 0.0236695 
512 230 0.00826478 11 0.00826478 
125 235 0.0110808 11 0.0110808 
569 375 0.0236695 11 0.0236695 
151 259 0.000566915 11 0.000566915 
142 375 0.00548718 11 0.00548718 
286 243 0.00262995 11 0.00262995 
129 357 0.0204089 11 0.0204089 
188 366 0.00591739 11 0.00591739 
541 302 0.00237963 11 0.00237963 
478 284 0.0204089 11 0.0204089 
333 340 0.0138414 11 0.0138414 
154 299 0.00367324 11 0.00367324 
52 200 0.00292195 11 0.00292195 
122 300 0.0156256 11 0.0156256 
588 359 0.0177785 11 0.0177785 
462 287 0.00237963 11 0.00237963 
528 378 0.0156256 11 0.0156256 
93 395 0.0110808 11 0.0110808 
367 344 0.00756173 11 0.00756173 
518 259 0.000135213 11 0.000135213 
366 169 0.00756173 11 0.00756173 
317 209 0.00142405 11 0.00142405 
565 273 0.00416249 11 0.00416249 
409 357 0.00694471 11 0.00694471 
342 329 0.0177785 11 0.0177785 
182 261 0.0177785 11 0.0177785 
361 374 0.0110808 11 0.0110808 
516 277 0.00326543 11 0.00326543 
262 384 0.0277788 11 0.0277788 
443 271 0.000133655 11 0.000133655 
12 399 0.0156256 11 0.0156256 
456 274 0.00444461 11 0.00444461 
52 277 0.0204089 11 0.0204089 
46 407 0.00694471 11 0.00694471 
217 332 0.00153793 11 0.00153793 
589 170 0.00640025 11 0.00640025 
494 366 0.00189043 11 0.00189043 
137 381 0.0156256 11 0.0156256 
90 383 0.00826478 11 0.00826478 
535 379 0.0100004 11 0.0100004 
382 318 0.000657487 11 0.000657487 
102 297 0.0156256 11 0.0156256 
344 284 0.0204089 11 0.0204089 
43 326 0.000692547 11 0.000692547 
127 273 0.0156256 11 0.0156256 
128 374 0.0177785 11 0.0177785 
138 393 0.0330591 11 0.0330591 
543 162 0.00548718 11 0.00548718 
37 300 0.00591739 11 0.00591739 
300 203 0.00640025 11 0.00640025 
142 374 0.00277019 11 0.00277019 
504 237 0.00907064 11 0.00907064 
345 203 0.0156256 11 0.0156256 
101 304 0.0330591 11 0.0330591 
285 184 0.0330591 11 0.0330591 
404 245 0.00118911 11 0.00118911 
173 367 0.00292195 11 0.00292195 
150 202 0.0236695 11 0.0236695 
19 267 0.00756173 11 0.00756173 
447 306 0.000416509 11 0.000416509 
354 204 0.00173618 11 0.00173618 
44 306 0.00694471 11 0.00694471 
262 325 0.0156256 11 0.0156256 
383 249 0.00756173 11 0.00756173 
330 358 0.00548718 11 0.00548718 
134 336 0.00114914 11 0.00114914 
534 288 0.0177785 11 0.0177785 
296 244 0.0100004 11 0.0100004 
156 190 0.0138414 11 0.0138414 
502 242 0.000201205 11 0.000201205 
167 345 0.0156256 11 0.0156256 
202 390 0.000865085 11 0.000865085 
291 372 0.0110808 11 0.0110808 
429 357 0.0156256 11 0.0156256 
94 411 0.0138414 11 0.0138414 
37 292 0.00591739 11 0.00591739 
438 203 0.0123462 11 0.0123462 
536 345 0.00147935 11 0.00147935 
564 296 0.0330591 11 0.0330591 
307 364 0.00475643 11 0.00475643 
189 198 0.0330591 11 0.0330591 
388 309 0.000946782 11 0.000946782 
531 314 0.000356012 11 0.000356012 
172 389 0.000771635 11 0.000771635 
330 338 0.00104062 11 0.00104062 
445 362 0.00277019 11 0.00277019 
333 382 0.00756173 11 0.00756173 
65 337 0.0156256 10 0.0156256 
442 317 0.00326543 10 0.00326543 
402 306 0.0204089 10 0.0204089 
214 258 0.000793524 10 0.000793524 
26 384 0.0156256 10 0.0156256 
335 304 0.0204089 10 0.0204089 
181 337 0.00444461 10 0.00444461 
326 293 0.0138414 10 0.0138414 
110 391 0.0177785 10 0.0177785 
489 239 0.00292195 10 0.00292195 
297 312 0.000891101 10 0.000891101 
531 209 0.00640025 10 0.00640025 
340 336 0.0236695 10 0.0236695 
450 385 0.00181084 10 0.00181084 
339 316 0.0100004 10 0.0100004 
431 377 0.0123462 10 0.0123462 
450 293 0.0039064 10 0.0039064 
535 234 0.00640025 10 0.00640025 
346 248 0.0138414 10 0.0138414 
290 373 0.00292195 10 0.00292195 
39 275 0.0100004 10 0.0100004 
133 235 0.0039064 10 0.0039064 
406 206 0.0138414 10 0.0138414 
596 179 0.0204089 10 0.0204089 
550 256 0.0100004 10 0.0100004 
355 183 0.0138414 10 0.0138414 
508 230 0.00197538 10 0.00197538 
458 249 0.00173618 10 0.00173618 
61 395 0.0039064 10 0.0039064 
217 250 0.0277788 10 0.0277788 
521 232 0.00591739 10 0.00591739 
520 224 0.00694471 10 0.00694471 
489 351 0.00326543 10 0.00326543 
569 223 0.00591739 10 0.00591739 
478 391 0.000505006 10 0.000505006 
317 334 0.0204089 10 0.0204089 
74 386 0.0156256 10 0.0156256 
348 209 0.0012312 10 0.0012312 
548 305 0.000594907 10 0.000594907 
496 265 0.000891101 10 0.000891101 
578 358 0.0204089 10 0.0204089 
117 364 0.00907064 10 0.00907064 
552 200 0.00181084 10 0.00181084 
595 316 0.0025001 10 0.0025001 
395 351 0.0100004 10 0.0100004 
489 197 0.00548718 10 0.00548718 
272 288 0.00694471 10 0.00694471 
604 206 0.0330591 10 0.0330591 
609 206 0.0330591 10 0.0330591 
460 278 0.00308654 10 0.00308654 
85 387 0.0110808 10 0.0110808 
160 351 0.00756173 10 0.00756173 
422 286 0.00694471 10 0.00694471 
256 156 0.00907064 10 0.00907064 
435 365 0.0110808 10 0.0110808 
117 303 0.00416249 10 0.00416249 
456 280 0.00475643 10 0.00475643 
499 276 0.00826478 10 0.00826478 
499 265 0.0204089 10 0.0204089 
589 277 0.0156256 10 0.0156256 
88 412 0.000425141 10 0.000425141 
550 136 0.000750639 10 0.000750639 
402 264 0.0156256 10 0.0156256 
470 200 0.0330591 10 0.0330591 
136 318 0.00510224 10 0.00510224 
331 357 0.0110808 10 0.0110808 
603 276 0.0177785 10 0.0177785 
448 280 0.0177785 10 0.0177785 
571 286 0.00826478 10 0.00826478 
550 134 0.000692547 10 0.000692547 
505 287 0.00826478 10 0.00826478 
207 224 0.0204089 10 0.0204089 
410 304 0.000408137 10 0.000408137 
128 207 0.00416249 10 0.00416249 
152 245 0.00907064 10 0.00907064 
293 222 0.0204089 10 0.0204089 
369 217 0.00189043 10 0.00189043 
239 329 0.0177785 10 0.0177785 
488 187 0.00216341 10 0.00216341 
441 294 0.000292217 10 0.000292217 
478 292 0.0204089 10 0.0204089 
508 339 0.0025001 10 0.0025001 
287 336 0.00262995 10 0.00262995 
238 178 0.0110808 10 0.0110808 
309 313 0.000946782 10 0.000946782 
237 389 0.00132236 10 0.00132236 
441 373 0.0277788 10 0.0277788 
38 291 0.0156256 10 0.0156256 
217 192 0.0177785 10 0.0177785 
477 293 0.00756173 10 0.00756173 
22 258 0.0330591 10 0.0330591 
327 314 0.00756173 10 0.00756173 
139 317 0.00181084 9 0.00181084 
175 349 0.00416249 9 0.00416249 
246 313 0.00510224 9 0.00510224 
314 278 0.0100004 9 0.0100004 
190 311 0.0156256 9 0.0156256 
384 314 0.000356012 9 0.000356012 
557 377 0.0156256 9 0.0156256 
576 217 0.0177785 9 0.0177785 
89 377 0.00262995 9 0.00262995 
549 358 0.0156256 9 0.0156256 
490 157 0.0156256 9 0.0156256 
596 236 0.00510224 9 0.00510224 
580 228 0.00826478 9 0.00826478 
278 313 0.0156256 9 0.0156256 
125 321 0.0330591 9 0.0330591 
47 377 0.0236695 9 0.0236695 
520 267 0.0100004 9 0.0100004 
556 358 0.00416249 9 0.00416249 
366 272 0.000233096 9 0.000233096 
175 320 0.0156256 9 0.0156256 
442 343 0.00640025 9 0.00640025 
415 230 0.0330591 9 0.0330591 
204 222 0.0110808 9 0.0110808 
462 362 0.0100004 9 0.0100004 
466 367 0.0100004 9 0.0100004 
109 323 0.00308654 9 0.00308654 
547 236 0.0177785 9 0.0177785 
152 240 0.0330591 9 0.0330591 
42 269 0.0330591 9 0.0330591 
20 268 0.00346034 9 0.00346034 
21 270 0.0330591 9 0.0330591 
151 326 0.00160006 9 0.00160006 
364 188 0.0110808 9 0.0110808 
115 385 0.0156256 9 0.0156256 
600 372 0.0330591 9 0.0330591 
168 382 0.00111115 9 0.00111115 
556 317 0.000392133 9 0.000392133 
567 374 0.0330591 9 0.0330591 
296 344 0.000692547 9 0.000692547 
323 327 0.00237963 9 0.00237963 
399 227 0.00147935 9 0.00147935 
285 374 0.00756173 9 0.00756173 
511 373 0.00510224 9 0.00510224 
156 349 0.0138414 9 0.0138414 
528 252 0.00475643 9 0.00475643 
571 269 0.00826478 9 0.00826478 
258 319 0.0110808 9 0.0110808 
228 299 0.0204089 9 0.0204089 
215 292 0.000282477 9 0.000282477 
208 381 0.00132236 9 0.00132236 
52 365 0.000750639 9 0.000750639 
550 132 0.000640948 9 0.000640948 
492 296 0.0138414 9 0.0138414 
294 381 0.0277788 9 0.0277788 
109 254 0.0204089 9 0.0204089 
306 378 0.0177785 9 0.0177785 
583 303 0.00907064 9 0.00907064 
429 251 0.00104062 9 0.00104062 
400 215 0.00277019 9 0.00277019 
501 290 0.000462499 9 0.000462499 
58 314 0.0138414 9 0.0138414 
296 308 0.0236695 9 0.0236695 
345 378 0.00118911 9 0.00118911 
524 265 0.0204089 9 0.0204089 
607 312 0.0204089 9 0.0204089 
417 318 0.0009766 9 0.0009766 
403 248 0.00591739 9 0.00591739 
165 222 0.00326543 9 0.00326543 
124 296 0.0110808 9 0.0110808 
437 298 0.00694471 9 0.00694471 
55 289 0.0204089 9 0.0204089 
548 221 0.0204089 9 0.0204089 
100 370 0.00548718 9 0.00548718 
72 334 0.00591739 9 0.00591739 
477 311 0.00114914 9 0.00114914 
435 245 0.00826478 9 0.00826478 
118 382 0.0025001 9 0.0025001 
443 326 0.00226766 9 0.00226766 
114 233 0.0236695 9 0.0236695 
267 210 0.00142405 9 0.00142405 
289 346 0.00147935 9 0.00147935 
121 357 0.0110808 9 0.0110808 
321 388 0.0204089 9 0.0204089 
173 295 0.0236695 9 0.0236695 
252 318 0.0123462 8 0.0123462 
262 185 0.0177785 8 0.0177785 
21 306 0.0156256 8 0.0156256 
115 357 0.00416249 8 0.00416249 
438 334 0.00475643 8 0.00475643 
122 388 0.00444461 8 0.00444461 
435 254 0.0204089 8 0.0204089 
468 288 0.0330591 8 0.0330591 
325 289 0.0330591 8 0.0330591 
55 309 0.000349389 8 0.000349389 
368 285 0.00694471 8 0.00694471 
551 268 0.0236695 8 0.0236695 
475 270 0.0236695 8 0.0236695 
29 370 0.00160006 8 0.00160006 
181 376 0.0277788 8 0.0277788 
351 310 0.0156256 8 0.0156256 
141 316 0.00118911 8 0.00118911 
415 273 0.00346034 8 0.00346034 
295 346 0.00114914 8 0.00114914 
326 263 0.00166604 8 0.00166604 
333 255 0.000150557 8 0.000150557 
233 297 0.0177785 8 0.0177785 
305 222 0.0204089 8 0.0204089 
262 378 0.00367324 8 0.00367324 
281 223 0.00416249 8 0.00416249 
579 381 0.00756173 8 0.00756173 
498 223 0.0123462 8 0.0123462 
425 363 0.0110808 8 0.0110808 
322 221 0.00326543 8 0.00326543 
293 386 0.00197538 8 0.00197538 
296 245 0.0236695 8 0.0236695 
306 215 0.0330591 8 0.0330591 
485 360 0.00756173 8 0.00756173 
269 251 0.00346034 8 0.00346034 
207 251 0.0177785 8 0.0177785 
414 315 0.0110808 8 0.0110808 
275 357 0.00640025 8 0.00640025 
595 161 0.00907064 8 0.00907064 
508 302 0.00166604 8 0.00166604 
519 253 0.0204089 8 0.0204089 
54 390 0.00510224 8 0.00510224 
299 395 0.00114914 8 0.00114914 
428 287 0.0204089 8 0.0204089 
589 227 0.0177785 8 0.0177785 
234 293 0.00907064 8 0.00907064 
69 403 0.00173618 8 0.00173618 
450 343 0.00308654 8 0.00308654 
95 299 0.00475643 8 0.00475643 
490 374 0.00346034 8 0.00346034 
149 358 0.00907064 8 0.00907064 
36 351 0.0100004 8 0.0100004 
30 403 0.0177785 8 0.0177785 
560 242 0.0012312 8 0.0012312 
393 294 0.000210048 8 0.000210048 
572 234 0.0012312 8 0.0012312 
106 254 0.00444461 8 0.00444461 
208 221 0.0277788 8 0.0277788 
509 230 0.0277788 8 0.0277788 
537 367 0.0204089 8 0.0204089 
443 310 0.000674676 8 0.000674676 
35 361 0.00326543 8 0.00326543 
417 306 0.0138414 8 0.0138414 
605 311 0.0236695 8 0.0236695 
220 286 0.0110808 8 0.0110808 
113 409 0.0156256 8 0.0156256 
448 372 0.0330591 8 0.0330591 
40 407 0.0330591 8 0.0330591 
539 389 0.00292195 8 0.00292195 
132 261 0.00292195 8 0.00292195 
271 239 0.00444461 8 0.00444461 
446 214 0.0039064 8 0.0039064 
163 309 0.00292195 8 0.00292195 
77 378 0.00292195 8 0.00292195 
569 378 0.0123462 8 0.0123462 
166 288 0.0039064 8 0.0039064 
195 383 0.0012312 8 0.0012312 
152 201 0.00694471 8 0.00694471 
122 389 0.0123462 8 0.0123462 
533 275 0.0039064 8 0.0039064 
116 394 0.0123462 8 0.0123462 
246 236 0.0100004 8 0.0100004 
376 177 0.0204089 8 0.0204089 
62 288 0.00591739 8 0.00591739 
440 320 0.000452711 8 0.000452711 
367 291 0.00591739 8 0.00591739 
433 289 0.0110808 8 0.0110808 
311 249 0.00756173 8 0.00756173 
33 347 0.0330591 8 0.0330591 
115 303 0.00031889 8 0.00031889 
587 306 0.00591739 8 0.00591739 
143 353 0.0330591 8 0.0330591 
188 266 0.0277788 8 0.0277788 
350 324 0.00206619 8 0.00206619 
176 266 0.00756173 8 0.00756173 
229 385 0.0100004 8 0.0100004 
116 316 0.0204089 8 0.0204089 
58 321 0.00591739 8 0.00591739 
578 343 0.0277788 8 0.0277788 
422 249 0.00694471 8 0.00694471 
302 381 0.0236695 8 0.0236695 
513 360 0.00475643 7 0.00475643 
108 372 0.00510224 7 0.00510224 
468 243 0.00444461 7 0.00444461 
241 257 0.00166604 7 0.00166604 
300 281 0.0009766 7 0.0009766 
530 179 0.0100004 7 0.0100004 
117 331 0.0100004 7 0.0100004 
570 186 0.00326543 7 0.00326543 
579 240 0.00826478 7 0.00826478 
569 195 0.00444461 7 0.00444461 
542 426 0.0204089 7 0.0204089 
239 185 0.0110808 7 0.0110808 
287 371 0.00160006 7 0.00160006 
23 348 0.0110808 7 0.0110808 
487 194 0.0177785 7 0.0177785 
240 380 0.0100004 7 0.0100004 
603 224 0.0177785 7 0.0177785 
559 186 0.00756173 7 0.00756173 
462 333 0.0009766 7 0.0009766 
47 409 0.0177785 7 0.0177785 
114 286 0.0110808 7 0.0110808 
398 285 0.0110808 7 0.0110808 
333 324 0.00197538 7 0.00197538 
80 285 0.0204089 7 0.0204089 
242 291 0.00326543 7 0.00326543 
550 365 0.0100004 7 0.0100004 
288 254 0.00475643 7 0.00475643 
473 362 0.0204089 7 0.0204089 
501 306 0.000452711 7 0.000452711 
383 357 0.00756173 7 0.00756173 
199 277 0.0204089 7 0.0204089 
211 261 0.00826478 7 0.00826478 
248 379 0.0177785 7 0.0177785 
498 233 0.0009766 7 0.0009766 
549 325 0.000516549 7 0.000516549 
571 290 0.00756173 7 0.00756173 
322 314 0.00826478 7 0.00826478 
593 232 0.00206619 7 0.00206619 
442 301 0.000356012 7 0.000356012 
83 218 0.0039064 7 0.0039064 
312 175 0.0138414 7 0.0138414 
445 376 0.0123462 7 0.0123462 
43 358 0.000730488 7 0.000730488 
52 369 0.0123462 7 0.0123462 
168 200 0.0138414 7 0.0138414 
419 367 0.0123462 7 0.0123462 
93 299 0.000356012 7 0.000356012 
165 282 0.0039064 7 0.0039064 
233 223 0.0138414 7 0.0138414 
589 232 0.0138414 7 0.0138414 
408 303 0.0236695 7 0.0236695 
556 173 0.0277788 7 0.0277788 
8 202 0.0277788 7 0.0277788 
255 287 0.0236695 7 0.0236695 
578 282 0.0138414 7 0.0138414 
382 241 0.00640025 7 0.00640025 
445 245 0.00147935 7 0.00147935 
477 260 0.000434044 7 0.000434044 
136 201 0.00694471 7 0.00694471 
480 254 0.000324661 7 0.000324661 
120 221 0.00292195 7 0.00292195 
390 404 0.000609687 7 0.000609687 
454 372 0.0330591 7 0.0330591 
359 169 0.00694471 7 0.00694471 
102 382 0.0156256 7 0.0156256 
287 369 0.0156256 7 0.0156256 
229 385 0.00153793 7 0.00153793 
94 383 0.00153793 7 0.00153793 
333 382 0.00153793 7 0.00153793 
133 296 0.0330591 7 0.0330591 
548 207 0.00907064 7 0.00907064 
480 205 0.0236695 7 0.0236695 
47 377 0.00591739 7 0.00591739 
91 384 0.0277788 7 0.0277788 
201 192 0.0236695 7 0.0236695 
545 395 0.00173618 7 0.00173618 
171 377 0.00142405 7 0.00142405 
426 298 0.00548718 7 0.00548718 
371 169 0.00548718 7 0.00548718 
508 283 0.000349389 7 0.000349389 
377 166 0.0236695 7 0.0236695 
500 213 0.0123462 7 0.0123462 
322 304 0.000840192 7 0.000840192 
591 311 0.00367324 7 0.00367324 
256 173 0.00907064 7 0.00907064 
361 190 0.00907064 7 0.00907064 
25 305 0.00277019 7 0.00277019 
400 222 0.0138414 7 0.0138414 
244 395 0.0138414 7 0.0138414 
231 225 0.0236695 7 0.0236695 
226 376 0.0138414 7 0.0138414 
38 371 0.0138414 7 0.0138414 
63 308 0.00591739 7 0.00591739 
363 363 0.0138414 7 0.0138414 
578 280 0.0123462 7 0.0123462 
296 292 0.00694471 7 0.00694471 
188 313 0.000771635 7 0.000771635 
153 255 0.0277788 7 0.0277788 
192 251 0.0277788 7 0.0277788 
94 245 0.0277788 7 0.0277788 
391 317 0.000594907 7 0.000594907 
487 230 0.0277788 7 0.0277788 
216 278 0.0236695 7 0.0236695 
491 283 0.0156256 7 0.0156256 
479 227 0.0330591 7 0.0330591 
412 287 0.00237963 7 0.00237963 
314 270 0.0156256 7 0.0156256 
149 240 0.0330591 7 0.0330591 
226 259 0.00510224 7 0.00510224 
426 269 0.00416249 7 0.00416249 
45 408 0.0236695 7 0.0236695 
107 276 0.00160006 7 0.00160006 
322 247 0.00416249 7 0.00416249 
359 248 0.00416249 7 0.00416249 
236 211 0.00189043 7 0.00189043 
487 168 0.0330591 7 0.0330591 
83 301 0.00640025 7 0.00640025 
335 185 0.00153793 7 0.00153793 
601 448 0.00756173 7 0.00756173 
35 274 0.0236695 6 0.0236695 
447 240 0.0277788 6 0.0277788 
250 253 0.0236695 6 0.0236695 
268 240 0.0277788 6 0.0277788 
77 413 0.00826478 6 0.00826478 
417 251 0.00237963 6 0.00237963 
32 263 0.0236695 6 0.0236695 
51 343 0.0204089 6 0.0204089 
85 253 0.0277788 6 0.0277788 
306 254 0.00416249 6 0.00416249 
359 325 0.0138414 6 0.0138414 
451 288 0.0123462 6 0.0123462 
207 384 0.00114914 6 0.00114914 
225 302 0.000377053 6 0.000377053 
412 298 0.000730488 6 0.000730488 
464 379 0.00262995 6 0.00262995 
119 269 0.00137179 6 0.00137179 
102 267 0.00826478 6 0.00826478 
366 264 0.0138414 6 0.0138414 
55 297 0.0110808 6 0.0110808 
331 342 0.0039064 6 0.0039064 
73 308 0.000400015 6 0.000400015 
367 260 0.00346034 6 0.00346034 
31 384 0.00226766 6 0.00226766 
156 219 0.0277788 6 0.0277788 
487 201 0.0204089 6 0.0204089 
604 142 0.0110808 6 0.0110808 
268 284 0.0138414 6 0.0138414 
409 295 0.00591739 6 0.00591739 
146 205 0.0204089 6 0.0204089 
493 209 0.00277019 6 0.00277019 
315 289 0.00346034 6 0.00346034 
152 206 0.0156256 6 0.0156256 
228 355 0.000349389 6 0.000349389 
493 237 0.00907064 6 0.00907064 
538 423 0.0110808 6 0.0110808 
517 299 0.00826478 6 0.00826478 
526 209 0.00416249 6 0.00416249 
560 395 0.00173618 6 0.00173618 
330 243 0.000313271 6 0.000313271 
366 235 0.000369837 6 0.000369837 
38 287 0.00475643 6 0.00475643 
508 268 0.00160006 6 0.00160006 
311 372 0.00216341 6 0.00216341 
504 239 0.00132236 6 0.00132236 
26 280 0.00475643 6 0.00475643 
314 363 0.00510224 6 0.00510224 
544 254 0.00475643 6 0.00475643 
553 118 0.000392133 6 0.000392133 
499 228 0.00416249 6 0.00416249 
144 355 0.0138414 6 0.0138414 
498 379 0.00189043 6 0.00189043 
171 274 0.00308654 6 0.00308654 
76 301 0.0204089 6 0.0204089 
251 306 0.0277788 6 0.0277788 
155 205 0.00475643 6 0.00475643 
405 223 0.0156256 6 0.0156256 
193 313 0.0277788 6 0.0277788 
488 279 0.00031889 6 0.00031889 
324 268 0.000711138 6 0.000711138 
146 219 0.0204089 6 0.0204089 
241 331 0.0277788 6 0.0277788 
65 218 0.00475643 6 0.00475643 
167 342 0.00475643 6 0.00475643 
497 216 0.0236695 6 0.0236695 
431 252 0.00173618 6 0.00173618 
457 259 0.0123462 6 0.0123462 
405 345 0.00206619 6 0.00206619 
264 183 0.0138414 6 0.0138414 
354 323 0.00181084 6 0.00181084 
502 279 0.0156256 6 0.0156256 
269 315 0.0100004 6 0.0100004 
24 232 0.00444461 6 0.00444461 
91 296 0.00756173 6 0.00756173 
428 289 0.0025001 6 0.0025001 
498 232 0.000625024 6 0.000625024 
69 302 0.00640025 6 0.00640025 
180 355 0.0236695 6 0.0236695 
249 293 0.00756173 6 0.00756173 
339 352 0.0100004 6 0.0100004 
542 169 0.00226766 6 0.00226766 
565 228 0.00346034 6 0.00346034 
57 175 0.0277788 6 0.0277788 
113 364 0.0100004 6 0.0100004 
196 391 0.0100004 6 0.0100004 
480 287 0.00444461 6 0.00444461 
136 295 0.00444461 6 0.00444461 
83 270 0.0330591 6 0.0330591 
299 215 0.00756173 6 0.00756173 
150 362 0.0156256 6 0.0156256 
168 322 0.0330591 6 0.0330591 
168 306 0.0330591 6 0.0330591 
271 207 0.00346034 6 0.00346034 
383 376 0.00127556 6 0.00127556 
328 201 0.00346034 6 0.00346034 
332 364 0.00416249 6 0.00416249 
311 270 0.0156256 6 0.0156256 
197 253 0.0100004 6 0.0100004 
117 306 0.0236695 6 0.0236695 
217 215 0.00694471 6 0.00694471 
292 213 0.00640025 6 0.00640025 
123 305 0.0236695 6 0.0236695 
384 298 0.00153793 6 0.00153793 
135 356 0.00181084 6 0.00181084 
519 243 0.0177785 6 0.0177785 
116 368 0.0123462 6 0.0123462 
181 265 0.000170881 6 0.000170881 
476 332 0.00107502 6 0.00107502 
582 368 0.0156256 5 0.0156256 
51 266 0.0204089 5 0.0204089 
167 320 0.00444461 5 0.00444461 
366 300 0.00640025 5 0.00640025 
405 203 0.00153793 5 0.00153793 
413 203 0.00277019 5 0.00277019 
597 262 0.0204089 5 0.0204089 
170 202 0.00367324 5 0.00367324 
314 283 0.00640025 5 0.00640025 
335 169 0.000771635 5 0.000771635 
204 260 0.00216341 5 0.00216341 
314 277 0.00142405 5 0.00142405 
278 275 0.0204089 5 0.0204089 
10 384 0.0156256 5 0.0156256 
449 277 0.000195616 5 0.000195616 
149 271 0.0009766 5 0.0009766 
203 208 0.00756173 5 0.00756173 
132 295 0.00326543 5 0.00326543 
601 295 0.00640025 5 0.00640025 
81 192 0.0123462 5 0.0123462 
411 277 0.00237963 5 0.00237963 
192 373 0.00226766 5 0.00226766 
253 382 0.0177785 5 0.0177785 
140 315 0.00826478 5 0.00826478 
556 228 0.00548718 5 0.00548718 
556 219 0.00548718 5 0.00548718 
140 246 0.0204089 5 0.0204089 
237 237 0.00326543 5 0.00326543 
60 264 0.00475643 5 0.00475643 
304 297 0.0177785 5 0.0177785 
273 219 0.00127556 5 0.00127556 
248 299 0.00640025 5 0.00640025 
533 258 0.00104062 5 0.00104062 
126 200 0.00548718 5 0.00548718 
503 369 0.00416249 5 0.00416249 
484 346 0.00756173 5 0.00756173 
443 293 0.0156256 5 0.0156256 
594 157 0.0177785 5 0.0177785 
49 388 0.00189043 5 0.00189043 
127 330 0.000918309 5 0.000918309 
149 290 0.0177785 5 0.0177785 
543 344 0.0138414 5 0.0138414 
180 369 0.00326543 5 0.00326543 
276 180 0.00640025 5 0.00640025 
449 227 0.0277788 5 0.0277788 
580 331 0.0177785 5 0.0177785 
186 299 0.0277788 5 0.0277788 
359 252 0.00181084 5 0.00181084 
398 286 0.00591739 5 0.00591739 
323 253 0.0039064 5 0.0039064 
515 206 0.0039064 5 0.0039064 
193 305 0.000540854 5 0.000540854 
560 205 0.00118911 5 0.00118911 
395 393 0.000674676 5 0.000674676 
458 236 0.0277788 5 0.0277788 
502 197 0.0177785 5 0.0177785 
88 415 0.00694471 5 0.00694471 
433 210 0.0177785 5 0.0177785 
389 291 0.0100004 5 0.0100004 
11 313 0.0138414 5 0.0138414 
107 331 0.0009766 5 0.0009766 
317 270 0.0156256 5 0.0156256 
479 246 0.0277788 5 0.0277788 
378 385 0.000771635 5 0.000771635 
501 247 0.00308654 5 0.00308654 
68 409 0.0204089 5 0.0204089 
397 283 0.00173618 5 0.00173618 
402 343 0.0177785 5 0.0177785 
555 258 0.00173618 5 0.00173618 
431 217 0.0100004 5 0.0100004 
341 255 0.00107502 5 0.00107502 
366 290 0.000392133 5 0.000392133 
319 343 0.000692547 5 0.000692547 
122 298 0.0204089 5 0.0204089 
496 277 0.0009766 5 0.0009766 
344 381 0.00756173 5 0.00756173 
164 213 0.00181084 5 0.00181084 
346 298 0.00153793 5 0.00153793 
432 234 0.00416249 5 0.00416249 
497 306 0.00031889 5 0.00031889 
27 234 0.0177785 5 0.0177785 
537 427 0.0177785 5 0.0177785 
408 262 0.000297277 5 0.000297277 
347 375 0.00694471 5 0.00694471 
152 337 0.0100004 5 0.0100004 
237 390 0.0236695 5 0.0236695 
311 339 0.0236695 5 0.0236695 
244 291 0.00206619 5 0.00206619 
328 351 0.000307799 5 0.000307799 
24 372 0.00510224 5 0.00510224 
228 317 0.0236695 5 0.0236695 
325 358 0.0110808 5 0.0110808 
176 213 0.0025001 5 0.0025001 
333 282 0.0236695 5 0.0236695 
245 357 0.0123462 5 0.0123462 
465 275 0.00197538 5 0.00197538 
369 375 0.00510224 5 0.00510224 
175 287 0.0110808 5 0.0110808 
525 345 0.00166604 5 0.00166604 
462 278 0.00548718 5 0.00548718 
105 288 0.00346034 5 0.00346034 
354 370 0.00206619 5 0.00206619 
480 313 0.00907064 5 0.00907064 
597 271 0.00826478 5 0.00826478 
289 237 0.00111115 5 0.00111115 
236 336 0.00111115 5 0.00111115 
198 305 0.0110808 5 0.0110808 
39 279 0.00826478 5 0.00826478 
211 254 0.00907064 5 0.00907064 
494 235 0.00475643 5 0.00475643 
339 306 0.0110808 5 0.0110808 
304 405 0.000711138 5 0.000711138 
93 240 0.000625024 5 0.000625024 
266 244 0.000416509 5 0.000416509 
55 409 0.0236695 5 0.0236695 
342 309 0.000816358 5 0.000816358 
97 297 0.0123462 5 0.0123462 
52 302 0.00137179 5 0.00137179 
358 311 0.000580658 5 0.000580658 
192 234 0.0236695 5 0.0236695 
194 310 0.000640948 5 0.000640948 
424 292 0.0110808 5 0.0110808 
202 205 0.0123462 5 0.0123462 
434 324 0.000566915 5 0.000566915 
56 166 0.0204089 5 0.0204089 
508 282 0.00206619 5 0.00206619 
238 378 0.00262995 5 0.00262995 
549 212 0.0204089 5 0.0204089 
316 263 0.00510224 5 0.00510224 
202 327 0.000416509 5 0.000416509 
240 347 0.00197538 5 0.00197538 
162 266 0.00907064 5 0.00907064 
440 202 0.00907064 5 0.00907064 
200 380 0.0123462 5 0.0123462 
308 188 0.0204089 5 0.0204089 
277 214 0.00826478 5 0.00826478 
419 336 0.00346034 5 0.00346034 
403 239 0.00591739 4 0.00591739 
199 242 0.0236695 4 0.0236695 
276 278 0.00826478 4 0.00826478 
487 321 0.0138414 4 0.0138414 
476 241 0.00591739 4 0.00591739 
429 293 0.0123462 4 0.0123462 
189 249 0.000472608 4 0.000472608 
140 289 0.0330591 4 0.0330591 
29 377 0.00475643 4 0.00475643 
79 402 0.00444461 4 0.00444461 
436 296 0.000222775 4 0.000222775 
421 303 0.000302469 4 0.000302469 
407 282 0.00166604 4 0.00166604 
110 291 0.00591739 4 0.00591739 
385 290 0.00591739 4 0.00591739 
578 294 0.0277788 4 0.0277788 
303 229 0.00640025 4 0.00640025 
390 373 0.00475643 4 0.00475643 
484 320 0.00206619 4 0.00206619 
59 410 0.0177785 4 0.0177785 
546 302 0.00024801 4 0.00024801 
180 389 0.00826478 4 0.00826478 
339 238 0.00111115 4 0.00111115 
460 196 0.0110808 4 0.0110808 
232 290 0.0277788 4 0.0277788 
562 370 0.00308654 4 0.00308654 
95 271 0.00591739 4 0.00591739 
229 390 0.00114914 4 0.00114914 
114 344 0.00237963 4 0.00237963 
122 205 0.00640025 4 0.00640025 
53 387 0.0330591 4 0.0330591 
43 378 0.00181084 4 0.00181084 
324 346 0.0039064 4 0.0039064 
228 254 0.000793524 4 0.000793524 
431 341 0.0025001 4 0.0025001 
92 378 0.0236695 4 0.0236695 
368 340 0.0025001 4 0.0025001 
604 163 0.0204089 4 0.0204089 
505 198 0.00206619 4 0.00206619 
486 259 0.000594907 4 0.000594907 
472 359 0.0204089 4 0.0204089 
356 195 0.0204089 4 0.0204089 
521 249 0.000594907 4 0.000594907 
189 386 0.0330591 4 0.0330591 
476 243 0.0138414 4 0.0138414 
287 366 0.0330591 4 0.0330591 
213 377 0.0204089 4 0.0204089 
301 195 0.00756173 4 0.00756173 
414 188 0.00756173 4 0.00756173 
67 196 0.0204089 4 0.0204089 
107 382 0.0100004 4 0.0100004 
111 381 0.0039064 4 0.0039064 
20 403 0.00826478 4 0.00826478 
296 396 0.000730488 4 0.000730488 
253 309 0.0138414 4 0.0138414 
157 285 0.00262995 4 0.00262995 
272 229 0.00591739 4 0.00591739 
521 237 0.0025001 4 0.0025001 
113 370 0.00416249 4 0.00416249 
580 220 0.00826478 4 0.00826478 
36 368 0.00444461 4 0.00444461 
371 197 0.0177785 4 0.0177785 
149 369 0.00153793 4 0.00153793 
475 348 0.00907064 4 0.00907064 
366 248 0.00137179 4 0.00137179 
384 287 0.000384482 4 0.000384482 
470 304 0.000793524 4 0.000793524 
383 178 0.00756173 4 0.00756173 
84 307 0.0330591 4 0.0330591 
178 323 0.0330591 4 0.0330591 
150 325 0.0330591 4 0.0330591 
413 266 0.000609687 4 0.000609687 
57 373 0.00197538 4 0.00197538 
164 393 0.0123462 4 0.0123462 
266 210 0.00237963 4 0.00237963 
429 374 0.00510224 4 0.00510224 
157 179 0.0236695 4 0.0236695 
101 249 0.00826478 4 0.00826478 
588 288 0.00346034 4 0.00346034 
544 217 0.0156256 4 0.0156256 
63 305 0.000313271 4 0.000313271 
414 318 0.00160006 4 0.00160006 
451 284 0.0100004 4 0.0100004 
393 188 0.00226766 4 0.00226766 
78 288 0.000251962 4 0.000251962 
290 220 0.00262995 4 0.00262995 
321 286 0.00216341 4 0.00216341 
241 229 0.0039064 4 0.0039064 
110 351 0.0100004 4 0.0100004 
31 279 0.00346034 4 0.00346034 
205 281 0.00326543 4 0.00326543 
424 307 0.00475643 4 0.00475643 
313 296 0.000580658 4 0.000580658 
452 331 0.000771635 4 0.000771635 
124 280 0.00142405 4 0.00142405 
143 383 0.00262995 4 0.00262995 
264 328 0.00346034 4 0.00346034 
120 184 0.00907064 4 0.00907064 
607 164 0.0156256 4 0.0156256 
113 237 0.00548718 4 0.00548718 
457 236 0.00114914 4 0.00114914 
315 250 0.00147935 4 0.00147935 
555 253 0.00475643 4 0.00475643 
92 180 0.0156256 4 0.0156256 
405 234 0.00226766 4 0.00226766 
95 262 0.00548718 4 0.00548718 
121 318 0.0012312 4 0.0012312 
77 330 0.000891101 4 0.000891101 
469 197 0.0236695 4 0.0236695 
155 295 0.0177785 4 0.0177785 
451 215 0.00262995 4 0.00262995 
584 270 0.00548718 4 0.00548718 
478 177 0.0123462 4 0.0123462 
96 317 0.00346034 4 0.00346034 
597 289 0.0177785 4 0.0177785 
81 298 0.0100004 4 0.0100004 
358 298 0.000516549 4 0.000516549 
376 204 0.00444461 4 0.00444461 
353 286 0.000342949 4 0.000342949 
392 283 0.0177785 4 0.0177785 
134 290 0.0204089 4 0.0204089 
320 270 0.0156256 4 0.0156256 
305 359 0.0100004 4 0.0100004 
337 349 0.0110808 4 0.0110808 
519 273 0.0156256 4 0.0156256 
578 274 0.0156256 4 0.0156256 
123 410 0.0138414 4 0.0138414 
512 217 0.0177785 4 0.0177785 
115 366 0.00694471 4 0.00694471 
309 216 0.00475643 4 0.00475643 
127 396 0.0138414 4 0.0138414 
367 365 0.00262995 4 0.00262995 
72 338 0.00475643 4 0.00475643 
352 248 0.00118911 4 0.00118911 
410 282 0.000472608 4 0.000472608 
64 346 0.00292195 4 0.00292195 
75 391 0.0138414 4 0.0138414 
259 252 0.00510224 4 0.00510224 
263 302 0.00111115 4 0.00111115 
404 267 0.00907064 4 0.00907064 
423 267 0.00907064 4 0.00907064 
136 369 0.0138414 4 0.0138414 
198 267 0.0330591 4 0.0330591 
581 174 0.0110808 4 0.0110808 
168 387 0.0277788 4 0.0277788 
288 312 0.000918309 4 0.000918309 
494 325 0.000540854 4 0.000540854 
51 302 0.00308654 4 0.00308654 
413 311 0.00694471 4 0.00694471 
513 452 0.0330591 4 0.0330591 
134 224 0.00216341 4 0.00216341 
87 403 0.000566915 4 0.000566915 
134 379 0.00591739 4 0.00591739 
97 183 0.00826478 4 0.00826478 
358 242 0.000493846 4 0.000493846 
36 363 0.00591739 4 0.00591739 
270 259 0.0100004 4 0.0100004 
244 375 0.0277788 4 0.0277788 
498 262 0.00510224 4 0.00510224 
522 229 0.00262995 4 0.00262995 
383 293 0.00826478 4 0.00826478 
441 372 0.00206619 4 0.00206619 
282 242 0.000452711 3 0.000452711 
196 397 0.000609687 3 0.000609687 
285 273 0.0330591 3 0.0330591 
312 194 0.00181084 3 0.00181084 
35 410 0.0156256 3 0.0156256 
539 234 0.0012312 3 0.0012312 
121 387 0.00907064 3 0.00907064 
251 260 0.0110808 3 0.0110808 
506 222 0.000891101 3 0.000891101 
553 267 0.00640025 3 0.00640025 
221 331 0.000793524 3 0.000793524 
455 380 0.00640025 3 0.00640025 
119 248 0.00346034 3 0.00346034 
224 241 0.0330591 3 0.0330591 
115 372 0.00346034 3 0.00346034 
126 265 0.00510224 3 0.00510224 
477 251 0.0156256 3 0.0156256 
148 327 0.00100785 3 0.00100785 
331 280 0.00127556 3 0.00127556 
203 302 0.00510224 3 0.00510224 
563 181 0.00132236 3 0.00132236 
488 265 0.0177785 3 0.0177785 
253 329 0.0177785 3 0.0177785 
495 248 0.00153793 3 0.00153793 
277 376 0.00640025 3 0.00640025 
29 268 0.0156256 3 0.0156256 
419 277 0.0177785 3 0.0177785 
575 199 0.00153793 3 0.00153793 
503 205 0.00416249 3 0.00416249 
543 288 0.0177785 3 0.0177785 
54 306 0.00160006 3 0.00160006 
301 214 0.00308654 3 0.00308654 
557 317 0.00346034 3 0.00346034 
183 182 0.00237963 3 0.00237963 
250 325 0.00346034 3 0.00346034 
44 308 0.0177785 3 0.0177785 
166 308 0.0177785 3 0.0177785 
313 232 0.000540854 3 0.000540854 
313 294 0.0330591 3 0.0330591 
530 301 0.00444461 3 0.00444461 
259 385 0.0156256 3 0.0156256 
430 284 0.00640025 3 0.00640025 
206 385 0.0236695 3 0.0236695 
391 363 0.0156256 3 0.0156256 
32 186 0.00197538 3 0.00197538 
441 384 0.00416249 3 0.00416249 
572 303 0.0330591 3 0.0330591 
384 302 0.0330591 3 0.0330591 
246 327 0.0156256 3 0.0156256 
432 382 0.00237963 3 0.00237963 
20 190 0.00510224 3 0.00510224 
50 212 0.0110808 3 0.0110808 
531 195 0.00756173 3 0.00756173 
185 380 0.00444461 3 0.00444461 
338 281 0.0001665 3 0.0001665 
391 211 0.000566915 3 0.000566915 
203 289 0.00756173 3 0.00756173 
272 312 0.00640025 3 0.00640025 
109 282 0.0156256 3 0.0156256 
325 316 0.00237963 3 0.00237963 
476 398 0.000392133 3 0.000392133 
82 258 0.0330591 3 0.0330591 
23 253 0.0330591 3 0.0330591 
82 229 0.0177785 3 0.0177785 
403 257 0.00510224 3 0.00510224 
304 194 0.00640025 3 0.00640025 
596 227 0.0204089 3 0.0204089 
566 264 0.0236695 3 0.0236695 
170 265 0.00216341 3 0.00216341 
404 203 0.000865085 3 0.000865085 
418 271 0.0236695 3 0.0236695 
518 240 0.000462499 3 0.000462499 
376 259 0.0009766 3 0.0009766 
501 329 0.0204089 3 0.0204089 
153 284 0.00216341 3 0.00216341 
564 235 0.0277788 3 0.0277788 
396 313 0.00907064 3 0.00907064 
399 340 0.0204089 3 0.0204089 
464 375 0.00367324 3 0.00367324 
514 249 0.0277788 3 0.0277788 
374 383 0.00226766 3 0.00226766 
314 228 0.000362826 3 0.000362826 
298 200 0.0204089 3 0.0204089 
318 364 0.0204089 3 0.0204089 
275 295 0.0110808 3 0.0110808 
228 322 0.0039064 3 0.0039064 
492 209 0.00640025 3 0.00640025 
103 315 0.0039064 3 0.0039064 
29 177 0.0277788 3 0.0277788 
427 291 0.00475643 3 0.00475643 
242 383 0.0204089 3 0.0204089 
108 239 0.000516549 3 0.000516549 
98 282 0.00826478 3 0.00826478 
560 364 0.00548718 3 0.00548718 
507 364 0.00694471 3 0.00694471 
162 363 0.00548718 3 0.00548718 
159 371 0.00694471 3 0.00694471 
130 311 0.00118911 3 0.00118911 
191 318 0.0277788 3 0.0277788 
362 375 0.0277788 3 0.0277788 
346 189 0.00326543 3 0.00326543 
512 230 0.0236695 3 0.0236695 
452 241 0.000207037 3 0.000207037 
396 204 0.00475643 3 0.00475643 
573 380 0.00826478 3 0.00826478 
344 372 0.00475643 3 0.00475643 
162 380 0.00226766 3 0.00226766 
29 226 0.00444461 3 0.00444461 
590 211 0.0204089 3 0.0204089 
29 407 0.0277788 3 0.0277788 
593 251 0.00591739 3 0.00591739 
521 251 0.00591739 3 0.00591739 
301 395 0.00826478 3 0.00826478 
65 318 0.0138414 3 0.0138414 
57 384 0.0177785 3 0.0177785 
555 234 0.00166604 3 0.00166604 
507 270 0.0009766 3 0.0009766 
586 369 0.0177785 3 0.0177785 
121 207 0.0204089 3 0.0204089 
170 334 0.0012312 3 0.0012312 
122 408 0.0204089 3 0.0204089 
139 408 0.0204089 3 0.0204089 
287 231 0.0100004 3 0.0100004 
47 282 0.0110808 3 0.0110808 
449 189 0.0138414 3 0.0138414 
459 250 0.00326543 3 0.00326543 
260 210 0.000625024 3 0.000625024 
166 306 0.00137179 3 0.00137179 
452 309 0.00367324 3 0.00367324 
604 168 0.00907064 3 0.00907064 
568 354 0.0177785 3 0.0177785 
73 383 0.0110808 3 0.0110808 
300 200 0.00907064 3 0.00907064 
502 457 0.0204089 3 0.0204089 
144 227 0.00548718 3 0.00548718 
214 328 0.000297277 3 0.000297277 
106 343 0.000342949 3 0.000342949 
553 202 0.00444461 3 0.00444461 
546 242 0.00226766 3 0.00226766 
342 380 0.00907064 3 0.00907064 
198 300 0.000434044 3 0.000434044 
228 294 0.0025001 3 0.0025001 
499 397 0.000750639 3 0.000750639 
204 393 0.0204089 3 0.0204089 
476 230 0.0138414 3 0.0138414 
582 167 0.0277788 3 0.0277788 
290 242 0.00694471 3 0.00694471 
69 315 0.00694471 3 0.00694471 
576 272 0.0009766 2 0.0009766 
391 308 0.0177785 2 0.0177785 
92 303 0.000711138 2 0.000711138 
203 278 0.0204089 2 0.0204089 
313 190 0.0123462 2 0.0123462 
306 347 0.00346034 2 0.00346034 
565 389 0.00277019 2 0.00277019 
468 235 0.00416249 2 0.00416249 
278 250 0.00142405 2 0.00142405 
128 253 0.00160006 2 0.00160006 
555 173 0.00907064 2 0.00907064 
341 318 0.00127556 2 0.00127556 
133 220 0.00907064 2 0.00907064 
285 207 0.0123462 2 0.0123462 
147 312 0.0177785 2 0.0177785 
331 219 0.00907064 2 0.00907064 
281 275 0.0177785 2 0.0177785 
377 240 0.000516549 2 0.000516549 
115 303 0.00237963 2 0.00237963 
47 402 0.000865085 2 0.000865085 
202 257 0.00510224 2 0.00510224 
297 301 0.00118911 2 0.00118911 
432 197 0.00308654 2 0.00308654 
105 310 0.00308654 2 0.00308654 
459 372 0.0277788 2 0.0277788 
310 310 0.00510224 2 0.00510224 
45 393 0.00142405 2 0.00142405 
332 213 0.0236695 2 0.0236695 
196 380 0.0277788 2 0.0277788 
121 415 0.00640025 2 0.00640025 
448 413 0.000452711 2 0.000452711 
145 225 0.000918309 2 0.000918309 
363 215 0.0009766 2 0.0009766 
509 265 0.0177785 2 0.0177785 
219 227 0.00907064 2 0.00907064 
289 320 0.00142405 2 0.00142405 
106 286 0.000918309 2 0.000918309 
238 367 0.00756173 2 0.00756173 
513 200 0.000840192 2 0.000840192 
494 278 0.00548718 2 0.00548718 
235 189 0.0236695 2 0.0236695 
177 308 0.00826478 2 0.00826478 
586 204 0.00548718 2 0.00548718 
347 296 0.00510224 2 0.00510224 
224 304 0.00826478 2 0.00826478 
112 281 0.0177785 2 0.0177785 
20 212 0.00826478 2 0.00826478 
204 287 0.00153793 2 0.00153793 
517 194 0.00114914 2 0.00114914 
59 198 0.0236695 2 0.0236695 
207 260 0.00189043 2 0.00189043 
556 227 0.0330591 2 0.0330591 
42 269 0.00475643 2 0.00475643 
390 273 0.000342949 2 0.000342949 
133 365 0.00118911 2 0.00118911 
488 238 0.00153793 2 0.00153793 
287 269 0.00237963 2 0.00237963 
312 222 0.00326543 2 0.00326543 
185 375 0.00756173 2 0.00756173 
85 415 0.00640025 2 0.00640025 
197 270 0.00548718 2 0.00548718 
371 253 0.000152422 2 0.000152422 
588 371 0.0330591 2 0.0330591 
121 222 0.00694471 2 0.00694471 
48 315 0.00137179 2 0.00137179 
185 281 0.00197538 2 0.00197538 
279 265 0.00444461 2 0.00444461 
151 398 0.0204089 2 0.0204089 
143 385 0.0330591 2 0.0330591 
234 381 0.0330591 2 0.0330591 
383 363 0.0236695 2 0.0236695 
425 372 0.0330591 2 0.0330591 
102 372 0.0330591 2 0.0330591 
575 273 0.00444461 2 0.00444461 
558 184 0.00181084 2 0.00181084 
201 367 0.0330591 2 0.0330591 
21 384 0.0204089 2 0.0204089 
463 264 0.000210048 2 0.000210048 
152 367 0.0330591 2 0.0330591 
539 396 0.0009766 2 0.0009766 
59 412 0.0123462 2 0.0123462 
506 246 0.0138414 2 0.0138414 
279 249 0.0025001 2 0.0025001 
217 206 0.0277788 2 0.0277788 
163 379 0.0236695 2 0.0236695 
150 236 0.00640025 2 0.00640025 
318 344 0.0236695 2 0.0236695 
298 232 0.00444461 2 0.00444461 
409 350 0.0236695 2 0.0236695 
381 299 0.0100004 2 0.0100004 
359 308 0.000528492 2 0.000528492 
394 237 0.00197538 2 0.00197538 
448 243 0.00444461 2 0.00444461 
549 170 0.0039064 2 0.0039064 
270 326 0.0012312 2 0.0012312 
266 225 0.0039064 2 0.0039064 
45 335 0.00591739 2 0.00591739 
494 459 0.0330591 2 0.0330591 
100 233 0.00826478 2 0.00826478 
155 398 0.0177785 2 0.0177785 
565 318 0.00107502 2 0.00107502 
550 265 0.0100004 2 0.0100004 
433 270 0.0110808 2 0.0110808 
65 271 0.0110808 2 0.0110808 
340 395 0.000528492 2 0.000528492 
178 247 0.0100004 2 0.0100004 
94 399 0.0123462 2 0.0123462 
576 383 0.00548718 2 0.00548718 
591 171 0.0177785 2 0.0177785 
283 213 0.00826478 2 0.00826478 
435 385 0.00189043 2 0.00189043 
413 297 0.0156256 2 0.0156256 
414 289 0.0123462 2 0.0123462 
426 327 0.00326543 2 0.00326543 
406 325 0.00326543 2 0.00326543 
265 368 0.00826478 2 0.00826478 
48 368 0.00127556 2 0.00127556 
514 229 0.00346034 2 0.00346034 
236 290 0.0330591 2 0.0330591 
606 229 0.0236695 2 0.0236695 
91 377 0.00826478 2 0.00826478 
495 199 0.00826478 2 0.00826478 
206 378 0.00548718 2 0.00548718 
120 360 0.00206619 2 0.00206619 
454 326 0.00153793 2 0.00153793 
44 330 0.0277788 2 0.0277788 
31 324 0.00153793 2 0.00153793 
576 177 0.000730488 2 0.000730488 
52 394 0.00132236 2 0.00132236 
314 300 0.00206619 2 0.00206619 
136 342 0.0025001 2 0.0025001 
254 278 0.0236695 2 0.0236695 
329 221 0.0277788 2 0.0277788 
24 222 0.0277788 2 0.0277788 
471 285 0.0138414 2 0.0138414 
160 389 0.00416249 2 0.00416249 
314 304 0.0110808 2 0.0110808 
337 291 0.0138414 2 0.0138414 
28 309 0.0110808 2 0.0110808 
148 322 0.0156256 2 0.0156256 
517 264 0.0236695 2 0.0236695 
116 327 0.000369837 2 0.000369837 
188 322 0.0204089 2 0.0204089 
278 294 0.0330591 2 0.0330591 
340 306 0.000307799 2 0.000307799 
420 258 0.0236695 2 0.0236695 
267 382 0.0177785 1 0.0177785 
172 290 0.00640025 1 0.00640025 
204 293 0.0123462 1 0.0123462 
151 390 0.00694471 1 0.00694471 
48 414 0.00756173 1 0.00756173 
131 296 0.00640025 1 0.00640025 
193 384 0.0177785 1 0.0177785 
305 197 0.0277788 1 0.0277788 
292 302 0.0277788 1 0.0277788 
434 318 0.000462499 1 0.000462499 
502 209 0.000516549 1 0.000516549 
255 264 0.0277788 1 0.0277788 
407 315 0.0138414 1 0.0138414 
114 269 0.000771635 1 0.000771635 
355 264 0.000110808 1 0.000110808 
141 288 0.0138414 1 0.0138414 
433 292 0.000674676 1 0.000674676 
374 368 0.0138414 1 0.0138414 
432 328 0.0039064 1 0.0039064 
460 242 0.0138414 1 0.0138414 
257 240 0.0138414 1 0.0138414 
119 297 0.0039064 1 0.0039064 
590 222 0.0138414 1 0.0138414 
132 269 0.0039064 1 0.0039064 
116 353 0.000434044 1 0.000434044 
21 328 0.00292195 1 0.00292195 
518 213 0.000207037 1 0.000207037 
492 315 0.000416509 1 0.000416509 
498 211 0.00907064 1 0.00907064 
393 307 0.000840192 1 0.000840192 
423 290 0.000516549 1 0.000516549 
150 313 0.00216341 1 0.00216341 
281 384 0.0277788 1 0.0277788 
238 379 0.0277788 1 0.0277788 
593 369 0.00591739 1 0.00591739 
333 230 0.0039064 1 0.0039064 
546 427 0.0138414 1 0.0138414 
105 410 0.0138414 1 0.0138414 
27 410 0.0138414 1 0.0138414 
333 330 0.00591739 1 0.00591739 
393 341 0.0277788 1 0.0277788 
496 328 0.0277788 1 0.0277788 
114 324 0.0277788 1 0.0277788 
438 307 0.0277788 1 0.0277788 
152 248 0.0156256 1 0.0156256 
540 267 0.0330591 1 0.0330591 
234 287 0.0156256 1 0.0156256 
86 267 0.0330591 1 0.0330591 
474 266 0.0330591 1 0.0330591 
112 347 0.00308654 1 0.00308654 
583 278 0.0156256 1 0.0156256 
448 336 0.00308654 1 0.00308654 
570 256 0.0156256 1 0.0156256 
249 268 0.0330591 1 0.0330591 
186 289 0.00308654 1 0.00308654 
524 269 0.00189043 1 0.00189043 
214 243 0.00153793 1 0.00153793 
127 224 0.00416249 1 0.00416249 
546 227 0.00189043 1 0.00189043 
260 186 0.0156256 1 0.0156256 
253 190 0.00153793 1 0.00153793 
144 177 0.0156256 1 0.0156256 
421 280 0.000609687 1 0.000609687 
398 208 0.0039064 1 0.0039064 
559 266 0.0012312 1 0.0012312 
351 234 0.00181084 1 0.00181084 
444 402 0.000692547 1 0.000692547 
102 291 0.000472608 1 0.000472608 
509 452 0.0156256 1 0.0156256 
334 299 0.000793524 1 0.000793524 
162 381 0.0156256 1 0.0156256 
248 304 0.000640948 1 0.000640948 
203 377 0.0156256 1 0.0156256 
519 374 0.00416249 1 0.00416249 
394 296 0.0330591 1 0.0330591 
14 293 0.0330591 1 0.0330591 
284 281 0.0330591 1 0.0330591 
184 294 0.0156256 1 0.0156256 
68 292 0.0156256 1 0.0156256 
107 289 0.0156256 1 0.0156256 
141 380 0.0110808 1 0.0110808 
147 337 0.00326543 1 0.00326543 
163 311 0.0204089 1 0.0204089 
219 328 0.000505006 1 0.000505006 
135 284 0.0204089 1 0.0204089 
140 270 0.0009766 1 0.0009766 
20 311 0.00475643 1 0.00475643 
31 339 0.00826478 1 0.00826478 
117 338 0.00826478 1 0.00826478 
386 279 0.000204089 1 0.000204089 
69 414 0.00826478 1 0.00826478 
529 247 0.0204089 1 0.0204089 
110 288 0.000219487 1 0.000219487 
245 255 0.00475643 1 0.00475643 
15 225 0.0204089 1 0.0204089 
410 208 0.0204089 1 0.0204089 
86 274 0.00826478 1 0.00826478 
474 204 0.0204089 1 0.0204089 
303 284 0.0110808 1 0.0110808 
13 180 0.00756173 1 0.00756173 
168 266 0.0177785 1 0.0177785 
573 257 0.0177785 1 0.0177785 
300 195 0.0177785 1 0.0177785 
121 374 0.00444461 1 0.00444461 
340 339 0.00444461 1 0.00444461 
321 309 0.00444461 1 0.00444461 
176 309 0.00444461 1 0.00444461 
572 187 0.00756173 1 0.00756173 
307 308 0.0025001 1 0.0025001 
151 345 0.0100004 1 0.0100004 
129 344 0.0100004 1 0.0100004 
250 269 0.0100004 1 0.0100004 
81 260 0.0100004 1 0.0100004 
287 239 0.0100004 1 0.0100004 
226 405 0.000553654 1 0.000553654 
180 365 0.0204089 1 0.0204089 
462 262 0.000400015 1 0.000400015 
100 285 0.0123462 1 0.0123462 
73 338 0.00137179 1 0.00137179 
91 314 0.0236695 1 0.0236695 
383 316 0.00137179 1 0.00137179 
245 321 0.000730488 1 0.000730488 
161 287 0.0236695 1 0.0236695 
257 314 0.0123462 1 0.0123462 
329 308 0.0123462 1 0.0123462 
543 104 0.000251962 1 0.000251962 
276 346 0.00137179 1 0.00137179 
233 289 0.00166604 1 0.00166604 
516 281 0.00166604 1 0.00166604 
322 269 0.0123462 1 0.0123462 
47 354 0.000640948 1 0.000640948 
233 259 0.00907064 1 0.00907064 
82 256 0.0123462 1 0.0123462 
439 248 0.00907064 1 0.00907064 
301 321 0.000640948 1 0.000640948 
518 283 0.00510224 1 0.00510224 
174 262 0.0110808 1 0.0110808 
219 238 0.0110808 1 0.0110808 
177 229 0.0110808 1 0.0110808 
307 243 0.0025001 1 0.0025001 
323 315 0.000516549 1 0.000516549 
368 241 0.000711138 1 0.000711138 
491 277 0.00160006 1 0.00160006 
63 299 0.00346034 1 0.00346034 
344 403 0.000400015 1 0.000400015 
240 258 0.00262995 1 0.00262995 
83 374 0.0236695 1 0.0236695 
67 324 0.000580658 1 0.000580658 
522 162 0.00510224 1 0.00510224 
325 218 0.00262995 1 0.00262995 
273 385 0.0123462 1 0.0123462 
438 331 0.0236695 1 0.0236695 
504 300 0.000264403 1 0.000264403 
