1
2439
382 236 0.0330591 134 0.0330591 
368 236 0.0330591 133 0.0330591 
594 350 0.0204089 130 0.0204089 
583 370 0.0277788 123 0.0277788 
303 156 0.0277788 118 0.0277788 
83 246 0.00907064 118 0.00907064 
593 361 0.0204089 110 0.0204089 
375 228 0.00640025 101 0.00640025 
550 218 0.0330591 100 0.0330591 
368 222 0.0330591 97 0.0330591 
382 222 0.0330591 97 0.0330591 
593 300 0.0204089 94 0.0204089 
542 190 0.0123462 91 0.0123462 
535 217 0.0277788 91 0.0277788 
583 363 0.0277788 90 0.0277788 
535 203 0.0330591 90 0.0330591 
584 261 0.0277788 89 0.0277788 
485 286 0.0204089 89 0.0204089 
549 203 0.0330591 86 0.0330591 
59 258 0.0236695 86 0.0236695 
134 412 0.0156256 85 0.0156256 
109 258 0.0156256 84 0.0156256 
28 338 0.0156256 83 0.0156256 
47 385 0.00548718 82 0.00548718 
312 268 0.0204089 82 0.0204089 
499 295 0.0123462 82 0.0123462 
581 368 0.0156256 81 0.0156256 
435 290 0.0156256 80 0.0156256 
58 326 0.0110808 80 0.0110808 
595 261 0.0177785 80 0.0177785 
563 358 0.00416249 80 0.00416249 
604 370 0.0236695 80 0.0236695 
429 445 0.0277788 77 0.0277788 
552 347 0.0330591 77 0.0330591 
573 368 0.00173618 75 0.00173618 
602 269 0.0330591 75 0.0330591 
430 295 0.00591739 74 0.00591739 
594 273 0.0204089 73 0.0204089 
565 358 0.00189043 73 0.00189043 
382 231 0.0330591 73 0.0330591 
583 350 0.0277788 72 0.0277788 
600 266 0.00640025 71 0.00640025 
572 362 0.0204089 70 0.0204089 
303 171 0.0110808 70 0.0110808 
135 380 0.0138414 69 0.0138414 
593 289 0.0177785 69 0.0177785 
391 228 0.00548718 68 0.00548718 
29 350 0.0330591 68 0.0330591 
32 289 0.0100004 67 0.0100004 
134 303 0.0156256 67 0.0156256 
542 210 0.00640025 67 0.00640025 
56 255 0.0110808 67 0.0110808 
368 234 0.00826478 67 0.00826478 
124 407 0.0330591 66 0.0330591 
283 173 0.00640025 66 0.00640025 
467 30 0.00173618 66 0.00173618 
594 278 0.0204089 66 0.0204089 
137 385 0.00308654 66 0.00308654 
137 410 0.00326543 66 0.00326543 
382 227 0.0330591 65 0.0330591 
124 383 0.0277788 65 0.0277788 
553 361 0.0204089 65 0.0204089 
332 370 0.00367324 65 0.00367324 
431 448 0.0138414 65 0.0138414 
137 289 0.0204089 64 0.0204089 
563 291 0.00416249 64 0.00416249 
510 366 0.0236695 64 0.0236695 
609 239 0.0277788 64 0.0277788 
66 189 0.0236695 64 0.0236695 
132 299 0.0156256 64 0.0156256 
357 227 0.00444461 64 0.00444461 
124 395 0.0277788 64 0.0277788 
441 270 0.0204089 63 0.0204089 
551 428 0.00907064 62 0.00907064 
321 279 0.0138414 62 0.0138414 
583 290 0.0330591 62 0.0330591 
124 389 0.0277788 62 0.0277788 
583 356 0.0204089 61 0.0204089 
382 236 0.0100004 61 0.0100004 
84 394 0.00826478 61 0.00826478 
594 281 0.0177785 61 0.0177785 
565 399 0.0277788 60 0.0277788 
461 313 0.0123462 60 0.0123462 
245 432 0.0138414 59 0.0138414 
432 279 0.0204089 59 0.0204089 
585 264 0.0177785 59 0.0177785 
76 378 0.0177785 59 0.0177785 
216 27 0.00262995 59 0.00262995 
147 407 0.0138414 59 0.0138414 
54 254 0.00262995 59 0.00262995 
391 223 0.0236695 59 0.0236695 
594 285 0.0177785 59 0.0177785 
572 300 0.0177785 58 0.0177785 
369 281 0.0110808 58 0.0110808 
311 244 0.0138414 58 0.0138414 
356 229 0.0039064 58 0.0039064 
469 238 0.0277788 58 0.0277788 
564 270 0.0039064 58 0.0039064 
234 171 0.0204089 58 0.0204089 
478 256 0.0100004 57 0.0100004 
574 280 0.00166604 57 0.00166604 
96 313 0.0012312 57 0.0012312 
559 210 0.00510224 57 0.00510224 
433 296 0.00756173 57 0.00756173 
41 321 0.00181084 56 0.00181084 
30 352 0.0204089 56 0.0204089 
496 297 0.0236695 56 0.0236695 
366 285 0.00640025 56 0.00640025 
461 302 0.0110808 55 0.0110808 
147 385 0.0123462 55 0.0123462 
342 310 0.00640025 55 0.00640025 
357 224 0.0138414 55 0.0138414 
545 148 0.0110808 54 0.0110808 
35 368 0.0236695 54 0.0236695 
535 213 0.0330591 54 0.0330591 
38 452 0.00694471 54 0.00694471 
372 199 0.0138414 54 0.0138414 
565 272 0.00189043 53 0.00189043 
481 273 0.0177785 53 0.0177785 
97 246 0.0277788 53 0.0277788 
382 219 0.00907064 53 0.00907064 
460 317 0.0123462 53 0.0123462 
106 301 0.00694471 53 0.00694471 
45 319 0.00826478 53 0.00826478 
361 267 0.0277788 53 0.0277788 
535 402 0.0277788 53 0.0277788 
361 169 0.0236695 53 0.0236695 
52 285 0.0330591 53 0.0330591 
59 285 0.0330591 53 0.0330591 
300 175 0.0277788 53 0.0277788 
481 291 0.00756173 52 0.00756173 
70 315 0.0277788 52 0.0277788 
606 432 0.0110808 52 0.0110808 
538 176 0.0236695 52 0.0236695 
107 387 0.00591739 52 0.00591739 
400 230 0.00510224 52 0.00510224 
551 344 0.00826478 51 0.00826478 
461 307 0.0110808 51 0.0110808 
375 405 0.0277788 51 0.0277788 
308 250 0.0330591 51 0.0330591 
97 249 0.0330591 51 0.0330591 
460 334 0.0123462 51 0.0123462 
431 279 0.0039064 50 0.0039064 
276 170 0.0236695 50 0.0236695 
66 285 0.0330591 50 0.0330591 
36 302 0.0156256 50 0.0156256 
106 299 0.00346034 49 0.00346034 
479 257 0.0277788 49 0.0277788 
574 355 0.00166604 49 0.00166604 
527 267 0.00510224 49 0.00510224 
583 297 0.0330591 49 0.0330591 
376 268 0.0204089 49 0.0204089 
72 317 0.0156256 49 0.0156256 
430 315 0.00548718 49 0.00548718 
101 297 0.0156256 48 0.0156256 
69 253 0.0277788 48 0.0277788 
474 252 0.0277788 48 0.0277788 
362 382 0.0138414 48 0.0138414 
486 237 0.0277788 48 0.0277788 
549 202 0.0100004 48 0.0100004 
564 259 0.00416249 48 0.00416249 
134 382 0.0110808 47 0.0110808 
435 268 0.0330591 47 0.0330591 
490 383 0.0138414 47 0.0138414 
556 408 0.00475643 47 0.00475643 
488 237 0.0236695 47 0.0236695 
526 274 0.0177785 47 0.0177785 
564 375 0.00308654 47 0.00308654 
72 258 0.00216341 47 0.00216341 
544 263 0.0277788 47 0.0277788 
105 287 0.0277788 47 0.0277788 
526 361 0.00907064 47 0.00907064 
446 363 0.0204089 47 0.0204089 
316 144 0.0156256 47 0.0156256 
34 169 0.0123462 47 0.0123462 
147 414 0.0138414 47 0.0138414 
217 28 0.00475643 47 0.00475643 
199 254 0.00907064 47 0.00907064 
467 30 0.00277019 47 0.00277019 
87 241 0.0236695 46 0.0236695 
375 239 0.00826478 46 0.00826478 
332 371 0.00216341 46 0.00216341 
31 170 0.0204089 46 0.0204089 
141 429 0.00591739 46 0.00591739 
368 224 0.00907064 46 0.00907064 
113 389 0.0177785 46 0.0177785 
475 388 0.0177785 46 0.0177785 
82 299 0.0236695 46 0.0236695 
392 227 0.00262995 45 0.00262995 
531 253 0.00907064 45 0.00907064 
56 285 0.0277788 45 0.0277788 
383 227 0.00142405 45 0.00142405 
74 249 0.00326543 45 0.00326543 
123 412 0.0277788 45 0.0277788 
252 296 0.00826478 45 0.00826478 
585 276 0.0204089 45 0.0204089 
556 253 0.0100004 45 0.0100004 
574 270 0.00166604 45 0.00166604 
521 262 0.00292195 45 0.00292195 
538 257 0.0100004 45 0.0100004 
250 180 0.0330591 45 0.0330591 
410 279 0.0236695 45 0.0236695 
396 291 0.0177785 44 0.0177785 
553 368 0.000946782 44 0.000946782 
535 209 0.0330591 44 0.0330591 
353 216 0.0330591 44 0.0330591 
470 398 0.0330591 44 0.0330591 
580 362 0.00277019 44 0.00277019 
484 238 0.0330591 44 0.0330591 
432 315 0.0177785 44 0.0177785 
567 415 0.0277788 44 0.0277788 
142 312 0.0330591 44 0.0330591 
93 387 0.00160006 44 0.00160006 
544 352 0.0330591 44 0.0330591 
542 203 0.00756173 44 0.00756173 
75 372 0.00640025 44 0.00640025 
460 371 0.0123462 44 0.0123462 
356 167 0.0110808 44 0.0110808 
126 291 0.0123462 44 0.0123462 
176 185 0.0177785 43 0.0177785 
325 253 0.0110808 43 0.0110808 
456 286 0.00510224 43 0.00510224 
112 287 0.0277788 43 0.0277788 
48 269 0.0177785 43 0.0177785 
189 245 0.0330591 43 0.0330591 
76 401 0.000640948 43 0.000640948 
67 445 0.00826478 43 0.00826478 
84 450 0.0156256 43 0.0156256 
528 211 0.00118911 43 0.00118911 
372 196 0.0236695 43 0.0236695 
475 377 0.0177785 43 0.0177785 
533 345 0.0156256 43 0.0156256 
598 355 0.00756173 43 0.00756173 
321 254 0.0156256 42 0.0156256 
361 237 0.00181084 42 0.00181084 
499 277 0.00907064 42 0.00907064 
386 231 0.00510224 42 0.00510224 
28 326 0.0156256 42 0.0156256 
525 351 0.0204089 42 0.0204089 
234 424 0.0330591 42 0.0330591 
555 387 0.0156256 42 0.0156256 
79 305 0.0123462 42 0.0123462 
549 209 0.0330591 42 0.0330591 
85 243 0.00292195 42 0.00292195 
460 367 0.0123462 42 0.0123462 
342 245 0.0039064 42 0.0039064 
147 353 0.0177785 42 0.0177785 
596 254 0.00907064 42 0.00907064 
106 305 0.00510224 42 0.00510224 
415 459 0.0330591 41 0.0330591 
23 374 0.0177785 41 0.0177785 
431 259 0.0330591 41 0.0330591 
101 287 0.0236695 41 0.0236695 
110 391 0.0110808 41 0.0110808 
290 169 0.0277788 41 0.0277788 
198 235 0.0330591 41 0.0330591 
138 408 0.00826478 41 0.00826478 
531 370 0.00367324 41 0.00367324 
72 41 0.00367324 41 0.00367324 
98 254 0.0330591 41 0.0330591 
195 238 0.0330591 41 0.0330591 
86 454 0.0110808 41 0.0110808 
339 398 0.00326543 41 0.00326543 
568 295 0.00694471 41 0.00694471 
70 250 0.0236695 41 0.0236695 
568 266 0.00756173 41 0.00756173 
134 395 0.0123462 41 0.0123462 
67 248 0.0138414 41 0.0138414 
378 363 0.0123462 41 0.0123462 
499 354 0.00367324 41 0.00367324 
580 287 0.00277019 41 0.00277019 
47 384 0.00292195 41 0.00292195 
382 125 0.0204089 41 0.0204089 
355 415 0.0277788 41 0.0277788 
522 121 0.00475643 40 0.00475643 
545 125 0.0100004 40 0.0100004 
530 171 0.0330591 40 0.0330591 
103 397 0.000840192 40 0.000840192 
83 278 0.0236695 40 0.0236695 
16 347 0.0277788 40 0.0277788 
559 205 0.0236695 40 0.0236695 
280 290 0.0330591 40 0.0330591 
567 361 0.00114914 40 0.00114914 
361 281 0.0123462 40 0.0123462 
348 226 0.0039064 40 0.0039064 
504 200 0.0330591 40 0.0330591 
460 361 0.0123462 40 0.0123462 
276 178 0.0236695 40 0.0236695 
80 378 0.0277788 40 0.0277788 
518 184 0.0330591 40 0.0330591 
331 250 0.00694471 40 0.00694471 
527 282 0.000324661 40 0.000324661 
372 193 0.00907064 40 0.00907064 
140 429 0.0277788 39 0.0277788 
354 232 0.00756173 39 0.00756173 
200 245 0.0156256 39 0.0156256 
507 197 0.0330591 39 0.0330591 
559 267 0.00694471 39 0.00694471 
329 267 0.0236695 39 0.0236695 
65 204 0.0330591 39 0.0330591 
521 181 0.0330591 39 0.0330591 
87 290 0.0123462 39 0.0123462 
378 259 0.0330591 39 0.0330591 
434 287 0.00548718 39 0.00548718 
373 331 0.0277788 39 0.0277788 
551 404 0.0277788 39 0.0277788 
299 270 0.0138414 39 0.0138414 
335 305 0.0025001 39 0.0025001 
355 231 0.00206619 39 0.00206619 
558 383 0.00756173 39 0.00756173 
567 367 0.00756173 39 0.00756173 
400 285 0.0039064 39 0.0039064 
406 247 0.00444461 39 0.00444461 
364 230 0.00444461 38 0.00444461 
98 278 0.0236695 38 0.0236695 
90 278 0.0236695 38 0.0236695 
592 368 0.00510224 38 0.00510224 
102 398 0.00147935 38 0.00147935 
221 229 0.00346034 38 0.00346034 
16 342 0.0277788 38 0.0277788 
111 255 0.0100004 38 0.0100004 
134 424 0.0330591 38 0.0330591 
501 203 0.0330591 38 0.0330591 
308 252 0.0277788 38 0.0277788 
562 339 0.0236695 38 0.0236695 
109 287 0.0236695 38 0.0236695 
570 254 0.00907064 38 0.00907064 
221 224 0.00548718 38 0.00548718 
326 440 0.00510224 38 0.00510224 
57 368 0.0277788 38 0.0277788 
461 323 0.0110808 38 0.0110808 
569 364 0.0123462 38 0.0123462 
239 165 0.0330591 38 0.0330591 
91 249 0.00160006 38 0.00160006 
375 247 0.0138414 38 0.0138414 
138 308 0.00640025 38 0.00640025 
547 340 0.0177785 38 0.0177785 
407 277 0.0110808 38 0.0110808 
381 223 0.00346034 38 0.00346034 
381 224 0.00907064 38 0.00907064 
521 211 0.00326543 38 0.00326543 
498 206 0.0330591 37 0.0330591 
384 248 0.0177785 37 0.0177785 
376 185 0.0177785 37 0.0177785 
603 243 0.00756173 37 0.00756173 
572 263 0.0156256 37 0.0156256 
574 292 0.00181084 37 0.00181084 
92 266 0.00826478 37 0.00826478 
514 287 0.0177785 37 0.0177785 
421 255 0.0110808 37 0.0110808 
134 299 0.00416249 37 0.00416249 
562 406 0.00640025 37 0.00640025 
460 344 0.0123462 37 0.0123462 
361 236 0.00326543 37 0.00326543 
31 398 0.0110808 37 0.0110808 
318 398 0.0110808 37 0.0110808 
79 277 0.0330591 37 0.0330591 
74 17 0.0236695 37 0.0236695 
542 218 0.00756173 37 0.00756173 
541 198 0.00444461 37 0.00444461 
526 358 0.000330591 37 0.000330591 
522 295 0.00475643 36 0.00475643 
558 385 0.00346034 36 0.00346034 
106 303 0.0025001 36 0.0025001 
113 279 0.0236695 36 0.0236695 
384 230 0.00277019 36 0.00277019 
396 218 0.00907064 36 0.00907064 
415 252 0.00756173 36 0.00756173 
300 165 0.0330591 36 0.0330591 
372 203 0.0236695 36 0.0236695 
471 234 0.0123462 36 0.0123462 
59 257 0.00346034 36 0.00346034 
131 295 0.00591739 36 0.00591739 
249 249 0.0277788 36 0.0277788 
554 262 0.0204089 36 0.0204089 
317 271 0.00907064 36 0.00907064 
133 415 0.00548718 36 0.00548718 
92 260 0.00226766 36 0.00226766 
361 352 0.00694471 36 0.00694471 
565 389 0.0277788 36 0.0277788 
480 225 0.0330591 36 0.0330591 
25 205 0.0277788 36 0.0277788 
416 447 0.0138414 36 0.0138414 
440 314 0.00591739 36 0.00591739 
539 176 0.00510224 36 0.00510224 
110 323 0.000674676 36 0.000674676 
362 315 0.0138414 36 0.0138414 
499 233 0.0100004 35 0.0100004 
380 15 0.0236695 35 0.0236695 
559 131 0.0277788 35 0.0277788 
399 270 0.00416249 35 0.00416249 
31 407 0.0110808 35 0.0110808 
586 356 0.00548718 35 0.00548718 
344 403 0.00591739 35 0.00591739 
591 238 0.0236695 35 0.0236695 
389 273 0.0236695 35 0.0236695 
439 305 0.0330591 35 0.0330591 
509 194 0.0330591 35 0.0330591 
425 30 0.00173618 35 0.00173618 
60 203 0.0123462 35 0.0123462 
51 276 0.00591739 35 0.00591739 
455 282 0.00444461 35 0.00444461 
107 395 0.00591739 35 0.00591739 
492 284 0.00367324 35 0.00367324 
426 257 0.0204089 35 0.0204089 
373 209 0.00444461 35 0.00444461 
121 279 0.0236695 35 0.0236695 
79 320 0.00475643 35 0.00475643 
460 377 0.0123462 35 0.0123462 
433 286 0.00226766 35 0.00226766 
432 275 0.0156256 35 0.0156256 
583 306 0.0330591 35 0.0330591 
192 252 0.00416249 35 0.00416249 
485 299 0.0204089 35 0.0204089 
89 308 0.0277788 34 0.0277788 
538 180 0.00367324 34 0.00367324 
549 205 0.00346034 34 0.00346034 
431 305 0.00237963 34 0.00237963 
365 201 0.0277788 34 0.0277788 
569 339 0.0236695 34 0.0236695 
95 331 0.00127556 34 0.00127556 
576 362 0.0236695 34 0.0236695 
74 320 0.00907064 34 0.00907064 
380 270 0.0156256 34 0.0156256 
44 288 0.0138414 34 0.0138414 
365 248 0.0156256 34 0.0156256 
484 252 0.00907064 34 0.00907064 
554 350 0.0177785 34 0.0177785 
190 320 0.00694471 34 0.00694471 
365 221 0.00591739 34 0.00591739 
539 193 0.00694471 34 0.00694471 
60 277 0.0236695 34 0.0236695 
246 177 0.00346034 34 0.00346034 
436 320 0.0138414 34 0.0138414 
172 396 0.000625024 34 0.000625024 
396 231 0.00189043 34 0.00189043 
304 169 0.00367324 34 0.00367324 
361 179 0.00444461 34 0.00444461 
184 262 0.0204089 33 0.0204089 
52 277 0.0236695 33 0.0236695 
117 313 0.00197538 33 0.00197538 
242 296 0.00907064 33 0.00907064 
348 353 0.0236695 33 0.0236695 
551 389 0.0330591 33 0.0330591 
110 271 0.0177785 33 0.0177785 
563 357 0.000918309 33 0.000918309 
41 390 0.00292195 33 0.00292195 
570 383 0.00756173 33 0.00756173 
152 279 0.0138414 33 0.0138414 
379 40 0.00367324 33 0.00367324 
65 192 0.0123462 33 0.0123462 
372 226 0.00262995 33 0.00262995 
539 389 0.0123462 33 0.0123462 
115 400 0.00166604 33 0.00166604 
129 279 0.0236695 33 0.0236695 
70 289 0.0123462 33 0.0123462 
557 414 0.0277788 33 0.0277788 
90 250 0.0039064 33 0.0039064 
483 222 0.0330591 33 0.0330591 
536 216 0.00907064 33 0.00907064 
398 451 0.0236695 33 0.0236695 
481 232 0.00907064 33 0.00907064 
344 383 0.0277788 33 0.0277788 
570 399 0.000711138 33 0.000711138 
45 379 0.00416249 33 0.00416249 
605 259 0.0277788 33 0.0277788 
457 277 0.00591739 33 0.00591739 
84 237 0.00197538 33 0.00197538 
76 299 0.00326543 32 0.00326543 
454 254 0.00444461 32 0.00444461 
48 276 0.0330591 32 0.0330591 
117 383 0.00206619 32 0.00206619 
215 216 0.0100004 32 0.0100004 
76 299 0.00826478 32 0.00826478 
120 310 0.0177785 32 0.0177785 
543 412 0.0236695 32 0.0236695 
588 237 0.0177785 32 0.0177785 
136 325 0.00326543 32 0.00326543 
117 20 0.0110808 32 0.0110808 
33 369 0.0204089 32 0.0204089 
66 448 0.00640025 32 0.00640025 
344 392 0.00640025 32 0.00640025 
75 278 0.0236695 32 0.0236695 
247 301 0.00444461 32 0.00444461 
200 269 0.0236695 32 0.0236695 
373 182 0.0204089 32 0.0204089 
57 270 0.0204089 32 0.0204089 
521 194 0.0330591 32 0.0330591 
16 394 0.0236695 32 0.0236695 
527 174 0.0330591 32 0.0330591 
475 338 0.0177785 32 0.0177785 
17 424 0.0330591 31 0.0330591 
135 422 0.00277019 31 0.00277019 
495 209 0.0330591 31 0.0330591 
319 432 0.0236695 31 0.0236695 
16 363 0.0277788 31 0.0277788 
64 330 0.00137179 31 0.00137179 
544 423 0.0236695 31 0.0236695 
457 293 0.00591739 31 0.00591739 
134 324 0.0156256 31 0.0156256 
366 179 0.0330591 31 0.0330591 
83 257 0.00308654 31 0.00308654 
545 355 0.0277788 31 0.0277788 
458 270 0.00591739 31 0.00591739 
141 389 0.00216341 31 0.00216341 
428 268 0.0277788 31 0.0277788 
539 184 0.0177785 31 0.0177785 
16 391 0.0236695 31 0.0236695 
74 17 0.0110808 31 0.0110808 
526 200 0.0277788 31 0.0277788 
314 257 0.0330591 31 0.0330591 
518 215 0.00153793 31 0.00153793 
551 206 0.00694471 31 0.00694471 
247 290 0.00444461 31 0.00444461 
106 251 0.0277788 31 0.0277788 
577 345 0.00756173 31 0.00756173 
489 216 0.0330591 31 0.0330591 
348 228 0.0100004 31 0.0100004 
443 258 0.00166604 31 0.00166604 
593 295 0.00475643 31 0.00475643 
436 309 0.0138414 31 0.0138414 
41 298 0.00346034 30 0.00346034 
373 231 0.00197538 30 0.00197538 
594 338 0.0330591 30 0.0330591 
405 435 0.00262995 30 0.00262995 
322 434 0.0123462 30 0.0123462 
581 234 0.0100004 30 0.0100004 
250 323 0.00640025 30 0.00640025 
391 276 0.0123462 30 0.0123462 
116 432 0.00118911 30 0.00118911 
138 383 0.00756173 30 0.00756173 
83 254 0.00591739 30 0.00591739 
45 277 0.0236695 30 0.0236695 
237 168 0.0138414 30 0.0138414 
215 293 0.0156256 30 0.0156256 
33 332 0.00197538 30 0.00197538 
544 118 0.0123462 30 0.0123462 
279 370 0.0204089 30 0.0204089 
569 149 0.0204089 30 0.0204089 
376 240 0.0330591 30 0.0330591 
499 363 0.00367324 30 0.00367324 
565 377 0.00181084 30 0.00181084 
82 272 0.0277788 30 0.0277788 
89 372 0.0236695 30 0.0236695 
400 225 0.00475643 30 0.00475643 
64 312 0.0012312 30 0.0012312 
475 363 0.0156256 30 0.0156256 
426 269 0.0236695 30 0.0236695 
260 270 0.0236695 30 0.0236695 
27 439 0.0277788 30 0.0277788 
282 368 0.0330591 29 0.0330591 
59 428 0.0156256 29 0.0156256 
535 275 0.000425141 29 0.000425141 
428 275 0.0156256 29 0.0156256 
63 276 0.00548718 29 0.00548718 
494 141 0.000674676 29 0.000674676 
84 291 0.00907064 29 0.00907064 
290 179 0.0277788 29 0.0277788 
83 190 0.0277788 29 0.0277788 
143 331 0.00694471 29 0.00694471 
107 288 0.00416249 29 0.00416249 
15 327 0.0204089 29 0.0204089 
592 348 0.00510224 29 0.00510224 
126 419 0.0277788 29 0.0277788 
54 197 0.0156256 29 0.0156256 
46 311 0.0277788 29 0.0277788 
545 253 0.0236695 29 0.0236695 
215 215 0.0330591 29 0.0330591 
561 209 0.0156256 29 0.0156256 
139 447 0.0204089 29 0.0204089 
435 255 0.0330591 29 0.0330591 
573 348 0.00173618 29 0.00173618 
579 258 0.0100004 29 0.0100004 
410 273 0.0236695 29 0.0236695 
108 389 0.00262995 29 0.00262995 
457 425 0.0100004 29 0.0100004 
325 315 0.0330591 29 0.0330591 
368 208 0.0236695 29 0.0236695 
304 398 0.0236695 29 0.0236695 
585 292 0.0177785 29 0.0177785 
423 167 0.0177785 29 0.0177785 
384 271 0.0123462 29 0.0123462 
568 274 0.00118911 29 0.00118911 
560 347 0.0330591 29 0.0330591 
558 365 0.00237963 28 0.00237963 
561 212 0.0138414 28 0.0138414 
76 370 0.00548718 28 0.00548718 
490 363 0.0138414 28 0.0138414 
594 239 0.0277788 28 0.0277788 
136 168 0.0110808 28 0.0110808 
493 444 0.0277788 28 0.0277788 
79 391 0.0204089 28 0.0204089 
445 357 0.0177785 28 0.0177785 
342 267 0.0277788 28 0.0277788 
524 177 0.0277788 28 0.0277788 
366 222 0.00308654 28 0.00308654 
565 347 0.0330591 28 0.0330591 
41 276 0.0330591 28 0.0330591 
579 206 0.0330591 28 0.0330591 
530 348 0.00907064 28 0.00907064 
547 144 0.00694471 28 0.00694471 
290 157 0.0204089 28 0.0204089 
93 434 0.00756173 28 0.00756173 
372 274 0.0177785 28 0.0177785 
529 182 0.0236695 28 0.0236695 
401 307 0.00237963 28 0.00237963 
444 288 0.0330591 28 0.0330591 
196 241 0.00694471 28 0.00694471 
532 168 0.0330591 28 0.0330591 
351 220 0.0156256 28 0.0156256 
523 205 0.0177785 28 0.0177785 
550 257 0.0100004 28 0.0100004 
67 270 0.0177785 28 0.0177785 
490 372 0.0123462 28 0.0123462 
558 252 0.0330591 28 0.0330591 
516 279 0.00173618 28 0.00173618 
364 228 0.00237963 28 0.00237963 
186 268 0.0236695 28 0.0236695 
337 300 0.00111115 28 0.00111115 
580 275 0.00114914 28 0.00114914 
494 399 0.0123462 28 0.0123462 
226 237 0.00114914 27 0.00114914 
437 365 0.00444461 27 0.00444461 
490 393 0.0138414 27 0.0138414 
53 252 0.00694471 27 0.00694471 
539 190 0.0039064 27 0.0039064 
174 267 0.0177785 27 0.0177785 
90 286 0.0330591 27 0.0330591 
109 459 0.0236695 27 0.0236695 
214 250 0.00181084 27 0.00181084 
544 207 0.0277788 27 0.0277788 
351 241 0.0025001 27 0.0025001 
127 333 0.00147935 27 0.00147935 
101 404 0.00153793 27 0.00153793 
461 275 0.0100004 27 0.0100004 
57 183 0.0177785 27 0.0177785 
343 387 0.00756173 27 0.00756173 
26 267 0.0123462 27 0.0123462 
102 277 0.00548718 27 0.00548718 
477 340 0.0110808 27 0.0110808 
456 313 0.00640025 27 0.00640025 
515 187 0.0277788 27 0.0277788 
167 279 0.0177785 27 0.0177785 
244 179 0.0110808 27 0.0110808 
575 406 0.0138414 27 0.0138414 
306 429 0.0138414 27 0.0138414 
557 113 0.0156256 27 0.0156256 
10 358 0.0330591 27 0.0330591 
50 239 0.0177785 27 0.0177785 
338 343 0.0330591 27 0.0330591 
339 360 0.0025001 27 0.0025001 
312 274 0.0277788 27 0.0277788 
558 202 0.0330591 27 0.0330591 
501 375 0.0236695 27 0.0236695 
537 364 0.00826478 26 0.00826478 
500 218 0.0236695 26 0.0236695 
109 257 0.00292195 26 0.00292195 
100 401 0.000730488 26 0.000730488 
585 212 0.0330591 26 0.0330591 
426 383 0.000711138 26 0.000711138 
387 238 0.00197538 26 0.00197538 
84 320 0.00114914 26 0.00114914 
480 238 0.00416249 26 0.00416249 
608 334 0.0277788 26 0.0277788 
547 414 0.0277788 26 0.0277788 
532 375 0.00262995 26 0.00262995 
353 435 0.00907064 26 0.00907064 
183 15 0.0277788 26 0.0277788 
378 398 0.0123462 26 0.0123462 
550 132 0.00475643 26 0.00475643 
279 431 0.0138414 26 0.0138414 
522 151 0.00475643 26 0.00475643 
537 417 0.0330591 26 0.0330591 
394 309 0.00756173 26 0.00756173 
539 366 0.0330591 26 0.0330591 
578 364 0.00694471 26 0.00694471 
136 431 0.00694471 26 0.00694471 
538 256 0.000251962 26 0.000251962 
487 229 0.00591739 26 0.00591739 
413 451 0.0330591 26 0.0330591 
330 379 0.0123462 26 0.0123462 
72 42 0.00640025 26 0.00640025 
389 279 0.0236695 26 0.0236695 
431 363 0.00640025 26 0.00640025 
258 291 0.0277788 26 0.0277788 
351 221 0.00640025 26 0.00640025 
226 236 0.00756173 26 0.00756173 
186 180 0.0236695 26 0.0236695 
557 374 0.00277019 26 0.00277019 
486 218 0.0277788 26 0.0277788 
568 252 0.0330591 26 0.0330591 
495 357 0.00591739 26 0.00591739 
558 420 0.00292195 26 0.00292195 
137 396 0.00326543 26 0.00326543 
523 339 0.00346034 25 0.00346034 
539 286 0.0100004 25 0.0100004 
396 217 0.0277788 25 0.0277788 
133 370 0.00826478 25 0.00826478 
338 382 0.0039064 25 0.0039064 
340 361 0.0204089 25 0.0204089 
338 380 0.00826478 25 0.00826478 
356 172 0.0123462 25 0.0123462 
431 249 0.0123462 25 0.0123462 
374 238 0.00346034 25 0.00346034 
110 278 0.00548718 25 0.00548718 
549 153 0.0330591 25 0.0330591 
425 217 0.000566915 25 0.000566915 
350 224 0.0123462 25 0.0123462 
300 446 0.00346034 25 0.00346034 
479 317 0.0100004 25 0.0100004 
523 207 0.0123462 25 0.0123462 
91 291 0.0100004 25 0.0100004 
424 295 0.00111115 25 0.00111115 
340 278 0.00826478 25 0.00826478 
198 236 0.0100004 25 0.0100004 
407 280 0.00367324 25 0.00367324 
381 176 0.0156256 25 0.0156256 
401 295 0.00111115 25 0.00111115 
520 197 0.0204089 25 0.0204089 
312 152 0.00510224 25 0.00510224 
114 405 0.0204089 25 0.0204089 
278 259 0.0204089 25 0.0204089 
497 291 0.00346034 25 0.00346034 
52 236 0.0156256 25 0.0156256 
57 327 0.000566915 25 0.000566915 
565 288 0.00189043 25 0.00189043 
107 373 0.00510224 25 0.00510224 
584 368 0.00444461 25 0.00444461 
100 379 0.0236695 25 0.0236695 
44 246 0.0177785 25 0.0177785 
528 115 0.0123462 25 0.0123462 
30 411 0.0110808 25 0.0110808 
123 302 0.0330591 24 0.0330591 
450 273 0.00277019 24 0.00277019 
375 198 0.00416249 24 0.00416249 
537 177 0.0156256 24 0.0156256 
374 257 0.00367324 24 0.00367324 
40 356 0.00475643 24 0.00475643 
325 304 0.0330591 24 0.0330591 
260 178 0.0277788 24 0.0277788 
205 48 0.0177785 24 0.0177785 
307 312 0.0110808 24 0.0110808 
142 348 0.00591739 24 0.00591739 
135 311 0.0330591 24 0.0330591 
504 231 0.00756173 24 0.00756173 
103 400 0.00346034 24 0.00346034 
202 240 0.0236695 24 0.0236695 
319 382 0.0123462 24 0.0123462 
67 276 0.0204089 24 0.0204089 
564 95 0.00756173 24 0.00756173 
419 280 0.0277788 24 0.0277788 
362 391 0.0123462 24 0.0123462 
232 207 0.0204089 24 0.0204089 
348 267 0.0277788 24 0.0277788 
512 190 0.0277788 24 0.0277788 
106 278 0.0204089 24 0.0204089 
12 367 0.0330591 24 0.0330591 
110 277 0.0277788 24 0.0277788 
582 358 0.0138414 24 0.0138414 
553 216 0.0156256 24 0.0156256 
422 313 0.00118911 24 0.00118911 
223 241 0.00416249 24 0.00416249 
121 289 0.0177785 24 0.0177785 
76 308 0.000472608 24 0.000472608 
50 268 0.0138414 24 0.0138414 
381 222 0.00189043 24 0.00189043 
220 198 0.0156256 24 0.0156256 
418 306 0.00160006 24 0.00160006 
487 252 0.00326543 24 0.00326543 
180 188 0.00826478 24 0.00826478 
492 212 0.0277788 24 0.0277788 
433 364 0.0204089 24 0.0204089 
21 440 0.00826478 24 0.00826478 
99 270 0.0156256 24 0.0156256 
549 217 0.0110808 24 0.0110808 
53 267 0.00510224 24 0.00510224 
419 270 0.0156256 24 0.0156256 
584 220 0.0277788 23 0.0277788 
89 380 0.0236695 23 0.0236695 
539 199 0.00216341 23 0.00216341 
352 267 0.0277788 23 0.0277788 
411 303 0.000692547 23 0.000692547 
561 355 0.000566915 23 0.000566915 
54 411 0.00444461 23 0.00444461 
563 198 0.0277788 23 0.0277788 
113 314 0.000540854 23 0.000540854 
148 336 0.0204089 23 0.0204089 
378 254 0.0123462 23 0.0123462 
82 272 0.00826478 23 0.00826478 
362 306 0.0123462 23 0.0123462 
572 274 0.0177785 23 0.0177785 
345 363 0.00197538 23 0.00197538 
558 277 0.00907064 23 0.00907064 
55 263 0.00160006 23 0.00160006 
399 229 0.0123462 23 0.0123462 
413 163 0.0177785 23 0.0177785 
75 322 0.00189043 23 0.00189043 
357 269 0.0156256 23 0.0156256 
526 210 0.0277788 23 0.0277788 
150 381 0.00226766 23 0.00226766 
14 287 0.0100004 23 0.0100004 
405 292 0.0177785 23 0.0177785 
558 368 0.00206619 23 0.00206619 
104 431 0.00237963 23 0.00237963 
547 171 0.0330591 23 0.0330591 
250 269 0.0204089 23 0.0204089 
194 400 0.0156256 23 0.0156256 
72 417 0.0025001 23 0.0025001 
531 432 0.00826478 23 0.00826478 
573 257 0.0177785 23 0.0177785 
357 314 0.00147935 23 0.00147935 
581 287 0.0177785 23 0.0177785 
529 341 0.00694471 23 0.00694471 
349 289 0.0330591 23 0.0330591 
520 218 0.0236695 23 0.0236695 
484 311 0.00416249 23 0.00416249 
370 267 0.0330591 23 0.0330591 
340 231 0.0012312 23 0.0012312 
76 272 0.0330591 23 0.0330591 
98 294 0.0330591 23 0.0330591 
249 258 0.00756173 23 0.00756173 
72 265 0.00756173 23 0.00756173 
316 413 0.0277788 23 0.0277788 
58 403 0.0204089 23 0.0204089 
287 46 0.0236695 23 0.0236695 
83 309 0.000946782 23 0.000946782 
287 363 0.0330591 23 0.0330591 
509 251 0.0330591 22 0.0330591 
166 330 0.00640025 22 0.00640025 
444 319 0.0123462 22 0.0123462 
325 300 0.0330591 22 0.0330591 
533 275 0.0138414 22 0.0138414 
142 446 0.00591739 22 0.00591739 
91 200 0.0204089 22 0.0204089 
288 313 0.00153793 22 0.00153793 
37 275 0.0177785 22 0.0177785 
321 366 0.0204089 22 0.0204089 
387 218 0.0110808 22 0.0110808 
541 138 0.0236695 22 0.0236695 
517 226 0.0039064 22 0.0039064 
65 209 0.0110808 22 0.0110808 
445 295 0.00189043 22 0.00189043 
543 411 0.00591739 22 0.00591739 
247 275 0.00756173 22 0.00756173 
522 357 0.00308654 22 0.00308654 
360 218 0.00694471 22 0.00694471 
540 282 0.0123462 22 0.0123462 
381 202 0.00907064 22 0.00907064 
475 286 0.00111115 22 0.00111115 
490 228 0.00510224 22 0.00510224 
437 154 0.00367324 22 0.00367324 
338 432 0.0236695 22 0.0236695 
331 30 0.0025001 22 0.0025001 
87 433 0.0236695 22 0.0236695 
414 268 0.0277788 22 0.0277788 
391 126 0.0138414 22 0.0138414 
36 425 0.0110808 22 0.0110808 
220 236 0.00694471 22 0.00694471 
318 344 0.0204089 22 0.0204089 
330 342 0.0330591 22 0.0330591 
518 200 0.0138414 22 0.0138414 
96 364 0.0277788 22 0.0277788 
311 150 0.00510224 22 0.00510224 
287 281 0.0156256 22 0.0156256 
526 222 0.00262995 22 0.00262995 
361 216 0.00756173 22 0.00756173 
128 300 0.00346034 22 0.00346034 
585 280 0.0156256 22 0.0156256 
184 181 0.0177785 22 0.0177785 
222 174 0.0177785 22 0.0177785 
466 307 0.00548718 22 0.00548718 
145 376 0.0100004 22 0.0100004 
585 285 0.0177785 22 0.0177785 
533 178 0.0236695 22 0.0236695 
349 380 0.00907064 22 0.00907064 
97 286 0.000229577 22 0.000229577 
195 316 0.0138414 22 0.0138414 
367 364 0.0177785 22 0.0177785 
364 169 0.0177785 22 0.0177785 
157 394 0.0012312 22 0.0012312 
275 270 0.0236695 22 0.0236695 
169 186 0.0110808 22 0.0110808 
233 175 0.0156256 22 0.0156256 
337 280 0.0138414 22 0.0138414 
207 208 0.0156256 21 0.0156256 
7 384 0.0330591 21 0.0330591 
102 248 0.0100004 21 0.0100004 
130 424 0.0277788 21 0.0277788 
325 296 0.0330591 21 0.0330591 
78 428 0.0277788 21 0.0277788 
112 328 0.000580658 21 0.000580658 
437 143 0.0039064 21 0.0039064 
493 227 0.00444461 21 0.00444461 
345 236 0.00591739 21 0.00591739 
38 223 0.00591739 21 0.00591739 
474 398 0.0138414 21 0.0138414 
551 210 0.00262995 21 0.00262995 
47 310 0.000553654 21 0.000553654 
559 281 0.00206619 21 0.00206619 
471 156 0.0330591 21 0.0330591 
572 353 0.00346034 21 0.00346034 
567 210 0.0123462 21 0.0123462 
135 341 0.00277019 21 0.00277019 
592 273 0.00510224 21 0.00510224 
419 245 0.00826478 21 0.00826478 
139 314 0.0138414 21 0.0138414 
324 343 0.0277788 21 0.0277788 
535 343 0.0277788 21 0.0277788 
333 394 0.00640025 21 0.00640025 
40 458 0.0204089 21 0.0204089 
326 227 0.0123462 21 0.0123462 
215 324 0.0110808 21 0.0110808 
371 341 0.0236695 21 0.0236695 
86 181 0.0277788 21 0.0277788 
366 241 0.00548718 21 0.00548718 
596 233 0.00826478 21 0.00826478 
569 213 0.00826478 21 0.00826478 
406 439 0.00346034 21 0.00346034 
443 349 0.0277788 21 0.0277788 
375 375 0.00444461 21 0.00444461 
349 277 0.00826478 21 0.00826478 
557 297 0.0100004 21 0.0100004 
115 254 0.00216341 21 0.00216341 
32 276 0.0330591 21 0.0330591 
446 337 0.0236695 21 0.0236695 
124 266 0.00756173 21 0.00756173 
41 222 0.00694471 21 0.00694471 
15 337 0.0204089 21 0.0204089 
84 266 0.00907064 21 0.00907064 
87 395 0.00548718 21 0.00548718 
51 408 0.00640025 21 0.00640025 
146 327 0.0138414 21 0.0138414 
499 372 0.00367324 20 0.00367324 
120 413 0.0138414 20 0.0138414 
121 326 0.0236695 20 0.0236695 
160 388 0.0025001 20 0.0025001 
571 405 0.00475643 20 0.00475643 
540 206 0.00262995 20 0.00262995 
442 331 0.0236695 20 0.0236695 
54 178 0.00756173 20 0.00756173 
224 270 0.0277788 20 0.0277788 
62 245 0.00694471 20 0.00694471 
75 250 0.00173618 20 0.00173618 
196 257 0.00694471 20 0.00694471 
491 371 0.0277788 20 0.0277788 
344 311 0.00132236 20 0.00132236 
76 262 0.00262995 20 0.00262995 
299 143 0.0110808 20 0.0110808 
245 246 0.0177785 20 0.0177785 
115 313 0.00118911 20 0.00118911 
405 302 0.000816358 20 0.000816358 
71 424 0.0236695 20 0.0236695 
557 413 0.00181084 20 0.00181084 
133 439 0.0236695 20 0.0236695 
351 241 0.00475643 20 0.00475643 
534 214 0.00694471 20 0.00694471 
487 307 0.0123462 20 0.0123462 
141 190 0.0330591 20 0.0330591 
357 162 0.00548718 20 0.00548718 
323 453 0.0177785 20 0.0177785 
149 410 0.00907064 20 0.00907064 
176 260 0.0110808 20 0.0110808 
387 288 0.0110808 20 0.0110808 
331 390 0.00907064 20 0.00907064 
396 234 0.00907064 20 0.00907064 
210 240 0.00416249 20 0.00416249 
516 199 0.0330591 20 0.0330591 
41 266 0.0100004 20 0.0100004 
599 339 0.0204089 20 0.0204089 
536 203 0.0110808 20 0.0110808 
350 227 0.00237963 20 0.00237963 
575 348 0.00548718 20 0.00548718 
389 217 0.00367324 20 0.00367324 
411 132 0.0330591 20 0.0330591 
345 317 0.000540854 20 0.000540854 
296 273 0.00826478 20 0.00826478 
537 166 0.0177785 20 0.0177785 
342 296 0.00591739 20 0.00591739 
99 447 0.0177785 20 0.0177785 
445 305 0.0156256 20 0.0156256 
372 232 0.00127556 20 0.00127556 
139 309 0.0156256 20 0.0156256 
374 274 0.00694471 19 0.00694471 
261 264 0.0204089 19 0.0204089 
345 304 0.00367324 19 0.00367324 
512 215 0.0236695 19 0.0236695 
133 327 0.0100004 19 0.0100004 
549 212 0.0012312 19 0.0012312 
597 294 0.00756173 19 0.00756173 
108 171 0.00591739 19 0.00591739 
574 149 0.0204089 19 0.0204089 
78 258 0.0123462 19 0.0123462 
13 358 0.0330591 19 0.0330591 
585 292 0.00444461 19 0.00444461 
244 363 0.0330591 19 0.0330591 
393 279 0.0039064 19 0.0039064 
559 404 0.0277788 19 0.0277788 
308 447 0.00826478 19 0.00826478 
243 271 0.0204089 19 0.0204089 
438 244 0.00756173 19 0.00756173 
345 345 0.0236695 19 0.0236695 
34 225 0.00475643 19 0.00475643 
574 288 0.0277788 19 0.0277788 
320 238 0.00640025 19 0.00640025 
540 273 0.0277788 19 0.0277788 
81 233 0.00591739 19 0.00591739 
438 140 0.00197538 19 0.00197538 
81 231 0.0138414 19 0.0138414 
525 347 0.000313271 19 0.000313271 
105 246 0.00640025 19 0.00640025 
380 15 0.0110808 19 0.0110808 
533 352 0.0156256 19 0.0156256 
515 208 0.00826478 19 0.00826478 
159 392 0.00111115 19 0.00111115 
206 253 0.00444461 19 0.00444461 
95 313 0.000692547 19 0.000692547 
77 201 0.0330591 19 0.0330591 
439 369 0.0277788 19 0.0277788 
304 382 0.0204089 19 0.0204089 
216 248 0.0138414 19 0.0138414 
345 236 0.00277019 19 0.00277019 
433 323 0.0025001 19 0.0025001 
556 267 0.00197538 19 0.00197538 
445 428 0.0177785 19 0.0177785 
555 215 0.0100004 18 0.0100004 
394 123 0.0277788 18 0.0277788 
70 257 0.0204089 18 0.0204089 
439 330 0.00510224 18 0.00510224 
31 419 0.0100004 18 0.0100004 
352 365 0.00181084 18 0.00181084 
446 266 0.00197538 18 0.00197538 
400 221 0.00510224 18 0.00510224 
541 151 0.0277788 18 0.0277788 
549 274 0.00118911 18 0.00118911 
401 442 0.00591739 18 0.00591739 
357 303 0.000730488 18 0.000730488 
479 401 0.0177785 18 0.0177785 
402 286 0.00197538 18 0.00197538 
543 232 0.00826478 18 0.00826478 
457 300 0.00591739 18 0.00591739 
562 273 0.0236695 18 0.0236695 
331 241 0.0236695 18 0.0236695 
397 244 0.00292195 18 0.00292195 
146 453 0.0204089 18 0.0204089 
62 371 0.0156256 18 0.0156256 
316 397 0.00907064 18 0.00907064 
569 318 0.00756173 18 0.00756173 
540 357 0.0110808 18 0.0110808 
445 162 0.0123462 18 0.0123462 
157 193 0.0330591 18 0.0330591 
392 239 0.0236695 18 0.0236695 
550 174 0.0330591 18 0.0330591 
278 353 0.00591739 18 0.00591739 
367 269 0.0177785 18 0.0177785 
283 373 0.00475643 18 0.00475643 
59 327 0.000840192 18 0.000840192 
71 325 0.0236695 18 0.0236695 
324 399 0.0110808 18 0.0110808 
533 203 0.00640025 18 0.00640025 
358 345 0.0236695 18 0.0236695 
205 281 0.0156256 18 0.0156256 
230 234 0.0123462 18 0.0123462 
318 408 0.0330591 18 0.0330591 
272 354 0.0236695 18 0.0236695 
282 298 0.00694471 18 0.00694471 
552 352 0.000918309 18 0.000918309 
570 218 0.00756173 18 0.00756173 
325 389 0.00444461 18 0.00444461 
321 236 0.0204089 18 0.0204089 
324 364 0.0123462 18 0.0123462 
39 391 0.00153793 18 0.00153793 
580 271 0.00756173 18 0.00756173 
517 210 0.0236695 18 0.0236695 
250 275 0.00694471 18 0.00694471 
563 297 0.00416249 18 0.00416249 
106 325 0.00591739 18 0.00591739 
513 211 0.00640025 18 0.00640025 
569 341 0.00826478 18 0.00826478 
403 268 0.0277788 18 0.0277788 
573 265 0.00367324 18 0.00367324 
344 229 0.0138414 18 0.0138414 
508 291 0.00142405 18 0.00142405 
304 330 0.0204089 18 0.0204089 
114 248 0.0156256 18 0.0156256 
394 268 0.0277788 18 0.0277788 
320 329 0.0277788 18 0.0277788 
323 390 0.0123462 18 0.0123462 
578 252 0.0330591 17 0.0330591 
489 243 0.00189043 17 0.00189043 
536 366 0.00640025 17 0.00640025 
178 179 0.00694471 17 0.00694471 
304 387 0.0204089 17 0.0204089 
406 225 0.00277019 17 0.00277019 
13 291 0.00826478 17 0.00826478 
496 251 0.0330591 17 0.0330591 
593 378 0.0156256 17 0.0156256 
376 320 0.0177785 17 0.0177785 
526 262 0.000307799 17 0.000307799 
401 252 0.00826478 17 0.00826478 
221 339 0.0204089 17 0.0204089 
135 46 0.0236695 17 0.0236695 
149 395 0.00206619 17 0.00206619 
357 290 0.00142405 17 0.00142405 
76 385 0.00694471 17 0.00694471 
404 235 0.00308654 17 0.00308654 
445 272 0.0123462 17 0.0123462 
376 275 0.000268755 17 0.000268755 
588 107 0.0236695 17 0.0236695 
590 433 0.0156256 17 0.0156256 
367 353 0.0177785 17 0.0177785 
86 277 0.0025001 17 0.0025001 
397 268 0.0277788 17 0.0277788 
378 331 0.0236695 17 0.0236695 
325 293 0.0138414 17 0.0138414 
377 207 0.0277788 17 0.0277788 
509 371 0.0204089 17 0.0204089 
116 392 0.000730488 17 0.000730488 
347 252 0.00907064 17 0.00907064 
183 254 0.00907064 17 0.00907064 
389 238 0.00367324 17 0.00367324 
434 340 0.00510224 17 0.00510224 
336 264 0.00189043 17 0.00189043 
313 113 0.00189043 17 0.00189043 
54 241 0.000493846 17 0.000493846 
481 260 0.00548718 17 0.00548718 
81 255 0.000674676 17 0.000674676 
334 435 0.0123462 17 0.0123462 
310 314 0.0204089 17 0.0204089 
514 148 0.00216341 17 0.00216341 
148 436 0.0330591 16 0.0330591 
164 374 0.0100004 16 0.0100004 
304 377 0.0204089 16 0.0204089 
359 231 0.0204089 16 0.0204089 
419 448 0.00510224 16 0.00510224 
411 315 0.00694471 16 0.00694471 
536 205 0.00907064 16 0.00907064 
534 199 0.00694471 16 0.00694471 
557 346 0.00226766 16 0.00226766 
530 210 0.00216341 16 0.00216341 
531 351 0.00326543 16 0.00326543 
352 319 0.00226766 16 0.00226766 
474 219 0.0277788 16 0.0277788 
258 400 0.000674676 16 0.000674676 
496 225 0.00367324 16 0.00367324 
575 298 0.00640025 16 0.00640025 
325 449 0.0110808 16 0.0110808 
32 355 0.0123462 16 0.0123462 
606 332 0.0156256 16 0.0156256 
124 300 0.0236695 16 0.0236695 
236 46 0.0177785 16 0.0177785 
365 228 0.00153793 16 0.00153793 
51 190 0.0330591 16 0.0330591 
529 193 0.00292195 16 0.00292195 
352 346 0.0177785 16 0.0177785 
193 269 0.0177785 16 0.0177785 
369 186 0.0204089 16 0.0204089 
556 340 0.00826478 16 0.00826478 
160 423 0.0236695 16 0.0236695 
571 279 0.00756173 16 0.00756173 
315 254 0.0156256 16 0.0156256 
241 255 0.00475643 16 0.00475643 
485 387 0.0156256 16 0.0156256 
132 454 0.00756173 16 0.00756173 
334 289 0.000640948 16 0.000640948 
84 224 0.00475643 16 0.00475643 
369 244 0.00756173 16 0.00756173 
332 396 0.00206619 16 0.00206619 
123 315 0.0330591 16 0.0330591 
531 354 0.0100004 16 0.0100004 
378 40 0.00694471 16 0.00694471 
366 382 0.00694471 16 0.00694471 
31 388 0.0100004 16 0.0100004 
137 446 0.00694471 16 0.00694471 
56 288 0.0138414 16 0.0138414 
560 325 0.00277019 16 0.00277019 
496 376 0.0100004 16 0.0100004 
582 272 0.00308654 16 0.00308654 
567 228 0.00444461 16 0.00444461 
305 147 0.0277788 16 0.0277788 
479 348 0.0277788 16 0.0277788 
561 280 0.0012312 16 0.0012312 
461 366 0.0025001 16 0.0025001 
370 254 0.0123462 16 0.0123462 
339 209 0.00826478 16 0.00826478 
549 288 0.000750639 16 0.000750639 
60 303 0.00475643 15 0.00475643 
484 368 0.0012312 15 0.0012312 
373 198 0.00367324 15 0.00367324 
231 250 0.00197538 15 0.00197538 
81 41 0.0236695 15 0.0236695 
86 184 0.0277788 15 0.0277788 
489 251 0.0330591 15 0.0330591 
188 43 0.00826478 15 0.00826478 
324 378 0.0100004 15 0.0100004 
95 258 0.0177785 15 0.0177785 
523 188 0.0277788 15 0.0277788 
230 248 0.0138414 15 0.0138414 
197 15 0.0138414 15 0.0138414 
503 258 0.0277788 15 0.0277788 
576 262 0.00548718 15 0.00548718 
231 240 0.00416249 15 0.00416249 
312 81 0.00189043 15 0.00189043 
497 264 0.00237963 15 0.00237963 
554 197 0.0110808 15 0.0110808 
574 383 0.00153793 15 0.00153793 
98 348 0.0236695 15 0.0236695 
359 283 0.00907064 15 0.00907064 
575 231 0.00694471 15 0.00694471 
355 413 0.0204089 15 0.0204089 
348 259 0.00127556 15 0.00127556 
535 286 0.000625024 15 0.000625024 
34 204 0.0204089 15 0.0204089 
554 377 0.000750639 15 0.000750639 
354 336 0.0330591 15 0.0330591 
79 384 0.000493846 15 0.000493846 
362 336 0.0330591 15 0.0330591 
366 336 0.0330591 15 0.0330591 
378 287 0.0138414 15 0.0138414 
142 404 0.00189043 15 0.00189043 
506 199 0.0204089 15 0.0204089 
26 358 0.0330591 15 0.0330591 
354 390 0.00111115 15 0.00111115 
221 194 0.00826478 15 0.00826478 
447 372 0.0330591 15 0.0330591 
30 271 0.0330591 15 0.0330591 
552 299 0.0177785 15 0.0177785 
76 242 0.00111115 15 0.00111115 
565 202 0.0177785 15 0.0177785 
502 251 0.0330591 15 0.0330591 
62 268 0.00548718 15 0.00548718 
489 322 0.00226766 15 0.00226766 
487 357 0.00591739 15 0.00591739 
561 399 0.0025001 15 0.0025001 
111 408 0.0110808 15 0.0110808 
333 237 0.00189043 15 0.00189043 
72 312 0.0156256 15 0.0156256 
496 349 0.0025001 15 0.0025001 
581 378 0.00100785 15 0.00100785 
423 30 0.00308654 15 0.00308654 
39 295 0.00444461 15 0.00444461 
569 409 0.000946782 15 0.000946782 
373 347 0.0204089 15 0.0204089 
522 210 0.00907064 15 0.00907064 
541 113 0.0330591 15 0.0330591 
495 359 0.0025001 15 0.0025001 
43 428 0.0100004 15 0.0100004 
425 280 0.0330591 14 0.0330591 
358 279 0.00694471 14 0.00694471 
573 223 0.00277019 14 0.00277019 
509 196 0.0204089 14 0.0204089 
356 210 0.0277788 14 0.0277788 
52 319 0.00127556 14 0.00127556 
58 289 0.0123462 14 0.0123462 
285 173 0.00262995 14 0.00262995 
304 367 0.0204089 14 0.0204089 
110 269 0.00510224 14 0.00510224 
99 187 0.0156256 14 0.0156256 
67 218 0.0177785 14 0.0177785 
411 263 0.000946782 14 0.000946782 
556 189 0.0330591 14 0.0330591 
195 264 0.00444461 14 0.00444461 
503 202 0.0204089 14 0.0204089 
564 332 0.00166604 14 0.00166604 
511 213 0.00277019 14 0.00277019 
599 339 0.00444461 14 0.00444461 
159 339 0.0277788 14 0.0277788 
310 386 0.00756173 14 0.00756173 
429 314 0.0123462 14 0.0123462 
558 127 0.0204089 14 0.0204089 
444 425 0.0110808 14 0.0110808 
573 216 0.0123462 14 0.0123462 
414 234 0.0100004 14 0.0100004 
326 243 0.0277788 14 0.0277788 
466 318 0.00510224 14 0.00510224 
358 238 0.0177785 14 0.0177785 
87 422 0.0177785 14 0.0177785 
347 280 0.0138414 14 0.0138414 
594 278 0.0039064 14 0.0039064 
17 326 0.0156256 14 0.0156256 
14 423 0.0156256 14 0.0156256 
427 370 0.000674676 14 0.000674676 
562 317 0.00694471 14 0.00694471 
151 285 0.0110808 14 0.0110808 
103 18 0.0277788 14 0.0277788 
62 224 0.0177785 14 0.0177785 
463 157 0.0330591 14 0.0330591 
573 277 0.0100004 14 0.0100004 
532 215 0.0138414 14 0.0138414 
65 294 0.00226766 14 0.00226766 
584 419 0.0025001 14 0.0025001 
332 260 0.00640025 14 0.00640025 
132 431 0.00826478 14 0.00826478 
50 444 0.0277788 14 0.0277788 
454 125 0.0330591 14 0.0330591 
259 396 0.00114914 14 0.00114914 
441 361 0.00756173 14 0.00756173 
541 124 0.0330591 14 0.0330591 
364 202 0.0100004 14 0.0100004 
492 314 0.00591739 14 0.00591739 
335 32 0.00127556 14 0.00127556 
278 40 0.00826478 14 0.00826478 
277 288 0.0177785 14 0.0177785 
139 306 0.00226766 14 0.00226766 
398 226 0.0177785 14 0.0177785 
384 197 0.0138414 13 0.0138414 
346 293 0.0110808 13 0.0110808 
67 200 0.0277788 13 0.0277788 
104 310 0.0204089 13 0.0204089 
394 278 0.00826478 13 0.00826478 
516 258 0.0277788 13 0.0277788 
263 171 0.0156256 13 0.0156256 
152 387 0.00548718 13 0.00548718 
571 332 0.0177785 13 0.0177785 
319 331 0.00756173 13 0.00756173 
125 278 0.00277019 13 0.00277019 
585 343 0.0110808 13 0.0110808 
381 274 0.0277788 13 0.0277788 
163 416 0.0110808 13 0.0110808 
399 278 0.00262995 13 0.00262995 
531 210 0.00416249 13 0.00416249 
77 382 0.00907064 13 0.00907064 
488 386 0.00262995 13 0.00262995 
503 271 0.0330591 13 0.0330591 
195 356 0.0204089 13 0.0204089 
293 412 0.0236695 13 0.0236695 
585 304 0.0204089 13 0.0204089 
385 241 0.00548718 13 0.00548718 
106 364 0.0277788 13 0.0277788 
80 256 0.00160006 13 0.00160006 
317 412 0.00907064 13 0.00907064 
63 374 0.0236695 13 0.0236695 
22 395 0.00826478 13 0.00826478 
592 385 0.00591739 13 0.00591739 
419 243 0.0277788 13 0.0277788 
76 240 0.0236695 13 0.0236695 
367 374 0.0156256 13 0.0156256 
81 327 0.000609687 13 0.000609687 
379 401 0.00907064 13 0.00907064 
137 148 0.0138414 13 0.0138414 
95 253 0.0177785 13 0.0177785 
211 281 0.0330591 13 0.0330591 
376 322 0.0204089 13 0.0204089 
71 320 0.000840192 13 0.000840192 
134 332 0.0156256 13 0.0156256 
139 405 0.000566915 13 0.000566915 
579 214 0.0330591 13 0.0330591 
430 282 0.0110808 13 0.0110808 
558 224 0.00292195 13 0.00292195 
511 288 0.00262995 13 0.00262995 
107 357 0.0236695 13 0.0236695 
366 366 0.00640025 13 0.00640025 
46 446 0.0138414 13 0.0138414 
401 315 0.00694471 13 0.00694471 
362 285 0.00206619 13 0.00206619 
349 407 0.00367324 13 0.00367324 
347 398 0.0039064 13 0.0039064 
159 427 0.0330591 13 0.0330591 
555 233 0.00907064 13 0.00907064 
60 404 0.0110808 13 0.0110808 
304 393 0.0204089 13 0.0204089 
402 423 0.00127556 13 0.00127556 
254 17 0.0277788 13 0.0277788 
494 388 0.0138414 13 0.0138414 
59 297 0.00104062 13 0.00104062 
512 149 0.00189043 13 0.00189043 
66 36 0.0277788 13 0.0277788 
361 272 0.00346034 13 0.00346034 
404 225 0.00181084 13 0.00181084 
333 219 0.0110808 13 0.0110808 
302 292 0.00510224 13 0.00510224 
247 237 0.0123462 13 0.0123462 
196 294 0.00510224 13 0.00510224 
526 343 0.00510224 13 0.00510224 
404 125 0.0277788 13 0.0277788 
427 296 0.000692547 13 0.000692547 
564 348 0.00326543 13 0.00326543 
227 282 0.0138414 13 0.0138414 
107 266 0.00173618 13 0.00173618 
239 363 0.0330591 13 0.0330591 
550 334 0.0330591 13 0.0330591 
231 214 0.00756173 13 0.00756173 
530 157 0.0204089 12 0.0204089 
93 397 0.00166604 12 0.00166604 
551 138 0.00308654 12 0.00308654 
253 309 0.00226766 12 0.00226766 
434 322 0.00548718 12 0.00548718 
117 357 0.0236695 12 0.0236695 
200 285 0.00226766 12 0.00226766 
474 315 0.0204089 12 0.0204089 
317 344 0.00756173 12 0.00756173 
168 263 0.0277788 12 0.0277788 
41 319 0.000840192 12 0.000840192 
381 141 0.00907064 12 0.00907064 
30 361 0.0123462 12 0.0123462 
164 256 0.0138414 12 0.0138414 
540 292 0.0123462 12 0.0123462 
56 307 0.0100004 12 0.0100004 
223 300 0.0123462 12 0.0123462 
148 397 0.00118911 12 0.00118911 
536 384 0.00640025 12 0.00640025 
316 244 0.0138414 12 0.0138414 
369 380 0.00262995 12 0.00262995 
232 345 0.000198381 12 0.000198381 
329 298 0.00591739 12 0.00591739 
40 206 0.0330591 12 0.0330591 
312 447 0.0177785 12 0.0177785 
172 399 0.000425141 12 0.000425141 
516 128 0.0025001 12 0.0025001 
305 414 0.0204089 12 0.0204089 
500 205 0.0204089 12 0.0204089 
253 424 0.0277788 12 0.0277788 
354 355 0.00416249 12 0.00416249 
379 388 0.0100004 12 0.0100004 
526 200 0.00548718 12 0.00548718 
85 432 0.0330591 12 0.0330591 
365 21 0.0156256 12 0.0156256 
122 262 0.0025001 12 0.0025001 
128 304 0.0330591 12 0.0330591 
124 306 0.0039064 12 0.0039064 
486 388 0.00640025 12 0.00640025 
234 417 0.0100004 12 0.0100004 
242 369 0.0204089 12 0.0204089 
156 195 0.0204089 12 0.0204089 
336 376 0.00142405 12 0.00142405 
410 231 0.00118911 12 0.00118911 
148 323 0.0177785 12 0.0177785 
369 331 0.0277788 12 0.0277788 
581 218 0.0204089 12 0.0204089 
51 249 0.0204089 12 0.0204089 
220 168 0.00292195 12 0.00292195 
54 328 0.00640025 12 0.00640025 
475 346 0.0236695 12 0.0236695 
464 333 0.0277788 12 0.0277788 
32 360 0.00548718 12 0.00548718 
151 146 0.0156256 12 0.0156256 
342 281 0.0123462 12 0.0123462 
246 375 0.00826478 12 0.00826478 
412 455 0.0177785 12 0.0177785 
351 228 0.00153793 12 0.00153793 
517 300 0.00292195 12 0.00292195 
291 353 0.0236695 12 0.0236695 
465 363 0.00640025 12 0.00640025 
34 269 0.0204089 12 0.0204089 
570 91 0.0277788 12 0.0277788 
374 367 0.00591739 12 0.00591739 
170 407 0.0039064 12 0.0039064 
138 188 0.0204089 12 0.0204089 
421 194 0.00181084 12 0.00181084 
590 332 0.0177785 12 0.0177785 
342 327 0.0177785 11 0.0177785 
237 166 0.00237963 11 0.00237963 
373 261 0.0177785 11 0.0177785 
190 249 0.0156256 11 0.0156256 
274 282 0.0277788 11 0.0277788 
209 171 0.00548718 11 0.00548718 
115 411 0.0236695 11 0.0236695 
40 338 0.0277788 11 0.0277788 
551 214 0.00694471 11 0.00694471 
356 286 0.00591739 11 0.00591739 
516 358 0.00548718 11 0.00548718 
449 272 0.0277788 11 0.0277788 
361 295 0.00111115 11 0.00111115 
121 403 0.0156256 11 0.0156256 
522 378 0.00166604 11 0.00166604 
390 208 0.0100004 11 0.0100004 
253 245 0.0110808 11 0.0110808 
63 233 0.0012312 11 0.0012312 
387 254 0.0123462 11 0.0123462 
492 380 0.00475643 11 0.00475643 
506 228 0.00160006 11 0.00160006 
71 404 0.000528492 11 0.000528492 
102 266 0.0039064 11 0.0039064 
580 294 0.0138414 11 0.0138414 
39 298 0.00907064 11 0.00907064 
210 218 0.0156256 11 0.0156256 
565 265 0.00189043 11 0.00189043 
80 314 0.000566915 11 0.000566915 
530 236 0.0177785 11 0.0177785 
549 122 0.00591739 11 0.00591739 
404 288 0.00173618 11 0.00173618 
473 188 0.00153793 11 0.00153793 
85 258 0.00181084 11 0.00181084 
443 370 0.0110808 11 0.0110808 
83 393 0.000918309 11 0.000918309 
356 236 0.0123462 11 0.0123462 
183 15 0.0100004 11 0.0100004 
55 266 0.00444461 11 0.00444461 
338 319 0.00237963 11 0.00237963 
497 230 0.0236695 11 0.0236695 
401 274 0.00206619 11 0.00206619 
94 405 0.000566915 11 0.000566915 
17 411 0.0330591 11 0.0330591 
396 223 0.0236695 11 0.0236695 
522 236 0.0177785 11 0.0177785 
564 217 0.00173618 11 0.00173618 
43 410 0.00907064 11 0.00907064 
264 320 0.00111115 11 0.00111115 
197 298 0.00907064 11 0.00907064 
568 377 0.00111115 11 0.00111115 
73 378 0.0100004 11 0.0100004 
540 216 0.00160006 11 0.00160006 
431 159 0.00756173 11 0.00756173 
566 205 0.0138414 11 0.0138414 
558 210 0.0236695 11 0.0236695 
71 228 0.0156256 11 0.0156256 
411 295 0.00111115 11 0.00111115 
270 263 0.0138414 11 0.0138414 
84 418 0.00907064 11 0.00907064 
526 186 0.0177785 11 0.0177785 
365 182 0.00756173 11 0.00756173 
116 297 0.00216341 11 0.00216341 
143 299 0.0123462 11 0.0123462 
374 218 0.00416249 11 0.00416249 
514 356 0.000236695 11 0.000236695 
556 198 0.00826478 11 0.00826478 
374 324 0.0330591 11 0.0330591 
127 375 0.0138414 11 0.0138414 
205 270 0.0177785 11 0.0177785 
563 237 0.0204089 11 0.0204089 
129 272 0.0236695 11 0.0236695 
222 357 0.0204089 11 0.0204089 
592 262 0.00548718 11 0.00548718 
92 410 0.0204089 11 0.0204089 
381 245 0.00826478 11 0.00826478 
153 409 0.00548718 11 0.00548718 
471 218 0.0138414 11 0.0138414 
549 207 0.00160006 11 0.00160006 
246 326 0.000793524 11 0.000793524 
482 401 0.0138414 11 0.0138414 
411 384 0.000392133 11 0.000392133 
108 421 0.00510224 11 0.00510224 
32 452 0.0204089 11 0.0204089 
386 270 0.000362826 11 0.000362826 
592 340 0.0100004 10 0.0100004 
255 270 0.0156256 10 0.0156256 
482 345 0.0123462 10 0.0123462 
119 364 0.0236695 10 0.0236695 
517 198 0.00548718 10 0.00548718 
474 331 0.0236695 10 0.0236695 
507 253 0.00907064 10 0.00907064 
542 351 0.000566915 10 0.000566915 
95 357 0.0236695 10 0.0236695 
101 357 0.0236695 10 0.0236695 
145 428 0.0277788 10 0.0277788 
446 198 0.000750639 10 0.000750639 
513 236 0.0177785 10 0.0177785 
356 193 0.0110808 10 0.0110808 
177 311 0.0012312 10 0.0012312 
373 208 0.0100004 10 0.0100004 
118 369 0.00181084 10 0.00181084 
89 417 0.0277788 10 0.0277788 
70 319 0.000566915 10 0.000566915 
501 311 0.0138414 10 0.0138414 
255 46 0.0138414 10 0.0138414 
590 250 0.0204089 10 0.0204089 
439 296 0.00591739 10 0.00591739 
10 303 0.0177785 10 0.0177785 
292 21 0.0277788 10 0.0277788 
53 394 0.0138414 10 0.0138414 
93 226 0.0100004 10 0.0100004 
31 429 0.0110808 10 0.0110808 
291 16 0.0204089 10 0.0204089 
213 357 0.0177785 10 0.0177785 
366 310 0.00640025 10 0.00640025 
311 377 0.000891101 10 0.000891101 
217 323 0.00826478 10 0.00826478 
577 216 0.0138414 10 0.0138414 
390 132 0.00510224 10 0.00510224 
182 263 0.00826478 10 0.00826478 
87 407 0.00044323 10 0.00044323 
73 193 0.00640025 10 0.00640025 
79 274 0.000816358 10 0.000816358 
381 355 0.000236695 10 0.000236695 
105 305 0.000750639 10 0.000750639 
365 354 0.00548718 10 0.00548718 
390 390 0.0177785 10 0.0177785 
487 375 0.00292195 10 0.00292195 
112 334 0.00548718 10 0.00548718 
516 236 0.0177785 10 0.0177785 
494 369 0.0156256 10 0.0156256 
587 257 0.0110808 10 0.0110808 
568 215 0.0236695 10 0.0236695 
495 218 0.0236695 10 0.0236695 
187 261 0.00640025 10 0.00640025 
432 163 0.0156256 10 0.0156256 
435 323 0.0025001 10 0.0025001 
451 339 0.00346034 10 0.00346034 
405 310 0.00756173 10 0.00756173 
582 358 0.0009766 10 0.0009766 
513 234 0.0110808 10 0.0110808 
501 240 0.00416249 10 0.00416249 
115 332 0.00756173 10 0.00756173 
372 218 0.00237963 10 0.00237963 
50 342 0.000462499 10 0.000462499 
315 330 0.0110808 10 0.0110808 
84 378 0.00756173 10 0.00756173 
546 266 0.000657487 10 0.000657487 
382 314 0.0156256 10 0.0156256 
176 294 0.00114914 10 0.00114914 
83 410 0.000865085 10 0.000865085 
227 373 0.0330591 10 0.0330591 
141 291 0.0123462 10 0.0123462 
587 335 0.0330591 10 0.0330591 
494 212 0.0204089 10 0.0204089 
361 366 0.0123462 10 0.0123462 
59 301 0.000918309 10 0.000918309 
403 238 0.00756173 10 0.00756173 
406 436 0.00153793 10 0.00153793 
559 232 0.00756173 10 0.00756173 
444 206 0.0009766 10 0.0009766 
502 310 0.00104062 10 0.00104062 
568 234 0.0100004 10 0.0100004 
124 191 0.0156256 9 0.0156256 
51 312 0.00197538 9 0.00197538 
498 252 0.00907064 9 0.00907064 
338 297 0.0123462 9 0.0123462 
535 293 0.00444461 9 0.00444461 
25 303 0.00444461 9 0.00444461 
94 297 0.00197538 9 0.00197538 
447 318 0.0123462 9 0.0123462 
563 216 0.00907064 9 0.00907064 
79 442 0.0236695 9 0.0236695 
234 234 0.00907064 9 0.00907064 
94 338 0.000384482 9 0.000384482 
119 308 0.0123462 9 0.0123462 
210 268 0.0204089 9 0.0204089 
587 266 0.00591739 9 0.00591739 
40 261 0.00510224 9 0.00510224 
550 220 0.000891101 9 0.000891101 
386 164 0.0277788 9 0.0277788 
506 236 0.0177785 9 0.0177785 
316 400 0.0039064 9 0.0039064 
438 362 0.0204089 9 0.0204089 
59 420 0.0177785 9 0.0177785 
391 306 0.0138414 9 0.0138414 
63 376 0.00226766 9 0.00226766 
78 209 0.0100004 9 0.0100004 
318 374 0.0123462 9 0.0123462 
379 246 0.0039064 9 0.0039064 
481 312 0.0177785 9 0.0177785 
48 311 0.0177785 9 0.0177785 
185 398 0.00118911 9 0.00118911 
394 24 0.0236695 9 0.0236695 
455 384 0.00548718 9 0.00548718 
311 406 0.00694471 9 0.00694471 
117 408 0.00694471 9 0.00694471 
189 205 0.00346034 9 0.00346034 
145 349 0.00826478 9 0.00826478 
134 419 0.00216341 9 0.00216341 
541 221 0.0277788 9 0.0277788 
526 215 0.0277788 9 0.0277788 
47 430 0.00292195 9 0.00292195 
560 389 0.0236695 9 0.0236695 
509 338 0.0204089 9 0.0204089 
323 336 0.0277788 9 0.0277788 
552 331 0.0177785 9 0.0177785 
279 294 0.0138414 9 0.0138414 
532 360 0.00367324 9 0.00367324 
559 287 0.00277019 9 0.00277019 
48 344 0.00548718 9 0.00548718 
566 338 0.00548718 9 0.00548718 
548 185 0.00640025 9 0.00640025 
522 276 0.0110808 9 0.0110808 
323 125 0.00640025 9 0.00640025 
515 204 0.00416249 9 0.00416249 
269 18 0.0110808 9 0.0110808 
558 151 0.0330591 9 0.0330591 
261 151 0.0330591 9 0.0330591 
555 121 0.0330591 9 0.0330591 
440 149 0.00237963 9 0.00237963 
595 280 0.00346034 9 0.00346034 
540 352 0.0110808 9 0.0110808 
499 310 0.0156256 9 0.0156256 
577 221 0.0123462 9 0.0123462 
355 153 0.0204089 9 0.0204089 
540 266 0.000213126 9 0.000213126 
316 352 0.0236695 9 0.0236695 
322 269 0.0156256 9 0.0156256 
500 277 0.00189043 9 0.00189043 
507 220 0.0236695 9 0.0236695 
310 427 0.0330591 9 0.0330591 
208 219 0.0204089 9 0.0204089 
513 209 0.00326543 9 0.00326543 
361 214 0.00173618 9 0.00173618 
382 358 0.0330591 9 0.0330591 
531 141 0.0236695 9 0.0236695 
412 320 0.000711138 9 0.000711138 
313 317 0.00416249 9 0.00416249 
330 278 0.00694471 9 0.00694471 
362 213 0.0236695 9 0.0236695 
342 215 0.0236695 9 0.0236695 
484 398 0.00326543 9 0.00326543 
401 280 0.00591739 8 0.00591739 
516 201 0.00444461 8 0.00444461 
89 302 0.00591739 8 0.00591739 
494 242 0.00591739 8 0.00591739 
494 179 0.00326543 8 0.00326543 
156 181 0.00591739 8 0.00591739 
548 170 0.00694471 8 0.00694471 
28 189 0.00189043 8 0.00189043 
323 410 0.00111115 8 0.00111115 
569 102 0.0204089 8 0.0204089 
529 218 0.00826478 8 0.00826478 
608 451 0.0177785 8 0.0177785 
404 232 0.0204089 8 0.0204089 
114 409 0.00510224 8 0.00510224 
556 220 0.0100004 8 0.0100004 
90 183 0.00694471 8 0.00694471 
208 37 0.0277788 8 0.0277788 
464 421 0.0277788 8 0.0277788 
106 290 0.00181084 8 0.00181084 
512 272 0.000566915 8 0.000566915 
336 409 0.00147935 8 0.00147935 
159 393 0.00226766 8 0.00226766 
63 229 0.000625024 8 0.000625024 
182 371 0.0277788 8 0.0277788 
194 418 0.0177785 8 0.0177785 
114 414 0.0177785 8 0.0177785 
347 370 0.00127556 8 0.00127556 
214 280 0.0204089 8 0.0204089 
16 281 0.0204089 8 0.0204089 
288 371 0.00694471 8 0.00694471 
574 209 0.0277788 8 0.0277788 
351 339 0.0277788 8 0.0277788 
501 338 0.0204089 8 0.0204089 
120 336 0.0204089 8 0.0204089 
339 239 0.0277788 8 0.0277788 
393 205 0.0138414 8 0.0138414 
524 212 0.0138414 8 0.0138414 
601 305 0.0277788 8 0.0277788 
530 286 0.00216341 8 0.00216341 
563 259 0.0277788 8 0.0277788 
195 298 0.00826478 8 0.00826478 
96 312 0.00216341 8 0.00216341 
475 354 0.0156256 8 0.0156256 
188 268 0.00640025 8 0.00640025 
517 332 0.000472608 8 0.000472608 
530 233 0.00907064 8 0.00907064 
357 249 0.00197538 8 0.00197538 
353 281 0.0123462 8 0.0123462 
492 252 0.00907064 8 0.00907064 
529 185 0.00548718 8 0.00548718 
422 357 0.0236695 8 0.0236695 
558 209 0.00104062 8 0.00104062 
443 364 0.0100004 8 0.0100004 
476 277 0.00104062 8 0.00104062 
500 315 0.00640025 8 0.00640025 
441 375 0.00756173 8 0.00756173 
410 304 0.0236695 8 0.0236695 
37 203 0.00153793 8 0.00153793 
525 304 0.00197538 8 0.00197538 
54 388 0.00262995 8 0.00262995 
235 312 0.00153793 8 0.00153793 
481 233 0.0236695 8 0.0236695 
92 253 0.0100004 8 0.0100004 
584 231 0.0236695 8 0.0236695 
515 189 0.0204089 8 0.0204089 
240 260 0.0330591 8 0.0330591 
590 104 0.0123462 8 0.0123462 
354 291 0.0330591 8 0.0330591 
171 182 0.00694471 8 0.00694471 
494 302 0.00173618 8 0.00173618 
90 25 0.0156256 8 0.0156256 
11 379 0.0330591 8 0.0330591 
304 400 0.00826478 7 0.00826478 
408 254 0.0110808 7 0.0110808 
469 321 0.0204089 7 0.0204089 
571 237 0.0177785 7 0.0177785 
79 221 0.00346034 7 0.00346034 
389 193 0.0110808 7 0.0110808 
506 215 0.0110808 7 0.0110808 
534 237 0.0204089 7 0.0204089 
360 285 0.00346034 7 0.00346034 
271 419 0.0204089 7 0.0204089 
284 421 0.0204089 7 0.0204089 
393 254 0.0110808 7 0.0110808 
528 196 0.00694471 7 0.00694471 
550 273 0.0110808 7 0.0110808 
131 396 0.000816358 7 0.000816358 
243 434 0.00346034 7 0.00346034 
525 231 0.00694471 7 0.00694471 
446 133 0.0177785 7 0.0177785 
519 215 0.00694471 7 0.00694471 
513 201 0.0177785 7 0.0177785 
484 296 0.00444461 7 0.00444461 
37 409 0.0110808 7 0.0110808 
540 379 0.0138414 7 0.0138414 
318 301 0.000840192 7 0.000840192 
480 296 0.0236695 7 0.0236695 
103 381 0.000865085 7 0.000865085 
373 397 0.00640025 7 0.00640025 
417 319 0.000840192 7 0.000840192 
293 24 0.0330591 7 0.0330591 
578 149 0.0277788 7 0.0277788 
486 337 0.0236695 7 0.0236695 
171 413 0.0039064 7 0.0039064 
479 342 0.0236695 7 0.0236695 
103 348 0.0236695 7 0.0236695 
338 234 0.000771635 7 0.000771635 
139 422 0.00756173 7 0.00756173 
386 369 0.0138414 7 0.0138414 
236 426 0.00756173 7 0.00756173 
93 255 0.0123462 7 0.0123462 
365 318 0.0277788 7 0.0277788 
52 292 0.00262995 7 0.00262995 
380 201 0.0236695 7 0.0236695 
270 270 0.0138414 7 0.0138414 
515 197 0.0236695 7 0.0236695 
553 211 0.00475643 7 0.00475643 
366 242 0.00277019 7 0.00277019 
561 211 0.00237963 7 0.00237963 
465 157 0.0236695 7 0.0236695 
430 308 0.00907064 7 0.00907064 
58 242 0.00416249 7 0.00416249 
491 221 0.0330591 7 0.0330591 
525 217 0.000840192 7 0.000840192 
382 271 0.00416249 7 0.00416249 
492 257 0.0236695 7 0.0236695 
494 257 0.0236695 7 0.0236695 
247 325 0.00475643 7 0.00475643 
556 287 0.0123462 7 0.0123462 
94 336 0.000594907 7 0.000594907 
396 311 0.00166604 7 0.00166604 
515 224 0.0012312 7 0.0012312 
212 167 0.00826478 7 0.00826478 
405 317 0.00510224 7 0.00510224 
385 377 0.0177785 7 0.0177785 
43 265 0.00826478 7 0.00826478 
573 365 0.0123462 7 0.0123462 
559 300 0.00142405 7 0.00142405 
522 286 0.00510224 7 0.00510224 
438 288 0.00118911 7 0.00118911 
463 285 0.0025001 7 0.0025001 
387 372 0.00111115 7 0.00111115 
344 269 0.0177785 7 0.0177785 
548 284 0.00118911 7 0.00118911 
66 391 0.0100004 7 0.0100004 
262 426 0.00826478 7 0.00826478 
138 270 0.0123462 7 0.0123462 
268 311 0.000553654 7 0.000553654 
427 312 0.0039064 7 0.0039064 
409 266 0.00181084 7 0.00181084 
87 400 0.00044323 7 0.00044323 
243 241 0.0330591 6 0.0330591 
488 182 0.00262995 6 0.00262995 
145 412 0.00826478 6 0.00826478 
512 215 0.00510224 6 0.00510224 
104 30 0.0123462 6 0.0123462 
595 117 0.0236695 6 0.0236695 
408 240 0.0330591 6 0.0330591 
511 200 0.0330591 6 0.0330591 
8 192 0.0236695 6 0.0236695 
516 204 0.0100004 6 0.0100004 
132 318 0.00510224 6 0.00510224 
360 428 0.0277788 6 0.0277788 
81 380 0.0204089 6 0.0204089 
570 288 0.000771635 6 0.000771635 
600 443 0.00444461 6 0.00444461 
189 22 0.00346034 6 0.00346034 
350 346 0.00694471 6 0.00694471 
484 358 0.0012312 6 0.0012312 
551 237 0.0204089 6 0.0204089 
37 417 0.0330591 6 0.0330591 
305 362 0.0204089 6 0.0204089 
119 339 0.000918309 6 0.000918309 
246 174 0.00756173 6 0.00756173 
87 420 0.0138414 6 0.0138414 
341 230 0.0204089 6 0.0204089 
115 316 0.00694471 6 0.00694471 
97 321 0.0330591 6 0.0330591 
217 263 0.0204089 6 0.0204089 
557 435 0.00367324 6 0.00367324 
428 236 0.0100004 6 0.0100004 
565 257 0.00181084 6 0.00181084 
18 334 0.0138414 6 0.0138414 
304 372 0.0204089 6 0.0204089 
389 225 0.00118911 6 0.00118911 
362 325 0.0100004 6 0.0100004 
541 265 0.0138414 6 0.0138414 
26 171 0.0177785 6 0.0177785 
287 388 0.00216341 6 0.00216341 
226 244 0.00694471 6 0.00694471 
163 402 0.0100004 6 0.0100004 
593 306 0.0156256 6 0.0156256 
278 158 0.0204089 6 0.0204089 
369 303 0.000750639 6 0.000750639 
408 223 0.0123462 6 0.0123462 
525 345 0.0177785 6 0.0177785 
399 451 0.00475643 6 0.00475643 
188 44 0.00416249 6 0.00416249 
139 17 0.0204089 6 0.0204089 
392 386 0.0110808 6 0.0110808 
340 262 0.00166604 6 0.00166604 
550 360 0.000528492 6 0.000528492 
299 264 0.0156256 6 0.0156256 
353 252 0.00907064 6 0.00907064 
340 231 0.00197538 6 0.00197538 
217 250 0.00907064 6 0.00907064 
335 239 0.0138414 6 0.0138414 
579 302 0.0123462 6 0.0123462 
48 419 0.0025001 6 0.0025001 
274 352 0.0156256 6 0.0156256 
505 208 0.0236695 6 0.0236695 
335 431 0.0025001 6 0.0025001 
355 191 0.00416249 6 0.00416249 
36 345 0.00173618 6 0.00173618 
441 347 0.0156256 6 0.0156256 
348 334 0.0204089 6 0.0204089 
248 359 0.000143431 6 0.000143431 
103 393 0.00346034 6 0.00346034 
247 346 0.00262995 6 0.00262995 
415 124 0.0330591 6 0.0330591 
349 14 0.0110808 6 0.0110808 
320 122 0.00416249 6 0.00416249 
116 25 0.00292195 6 0.00292195 
344 344 0.00907064 6 0.00907064 
203 45 0.0330591 6 0.0330591 
34 189 0.00640025 6 0.00640025 
268 176 0.00591739 6 0.00591739 
390 364 0.00756173 6 0.00756173 
86 389 0.00548718 5 0.00548718 
292 365 0.0204089 5 0.0204089 
301 250 0.00826478 5 0.00826478 
111 166 0.00367324 5 0.00367324 
60 158 0.0100004 5 0.0100004 
166 412 0.00694471 5 0.00694471 
41 280 0.00292195 5 0.00292195 
83 266 0.00444461 5 0.00444461 
392 274 0.00044323 5 0.00044323 
287 178 0.00216341 5 0.00216341 
151 319 0.00160006 5 0.00160006 
546 283 0.00044323 5 0.00044323 
40 238 0.000946782 5 0.000946782 
547 180 0.0100004 5 0.0100004 
204 232 0.0177785 5 0.0177785 
100 378 0.00292195 5 0.00292195 
207 236 0.0177785 5 0.0177785 
113 318 0.00548718 5 0.00548718 
484 209 0.0330591 5 0.0330591 
43 443 0.00694471 5 0.00694471 
538 171 0.0277788 5 0.0277788 
529 138 0.0138414 5 0.0138414 
326 244 0.00907064 5 0.00907064 
173 51 0.0330591 5 0.0330591 
184 322 0.000377053 5 0.000377053 
282 21 0.0330591 5 0.0330591 
411 306 0.000377053 5 0.000377053 
566 204 0.00640025 5 0.00640025 
553 261 0.00548718 5 0.00548718 
398 243 0.00548718 5 0.00548718 
567 207 0.00548718 5 0.00548718 
123 276 0.0156256 5 0.0156256 
262 265 0.00907064 5 0.00907064 
307 317 0.0110808 5 0.0110808 
339 238 0.00907064 5 0.00907064 
421 227 0.00907064 5 0.00907064 
528 433 0.00591739 5 0.00591739 
524 162 0.0156256 5 0.0156256 
323 450 0.0100004 5 0.0100004 
386 128 0.00907064 5 0.00907064 
558 98 0.0156256 5 0.0156256 
589 123 0.00591739 5 0.00591739 
368 31 0.00907064 5 0.00907064 
270 27 0.0156256 5 0.0156256 
43 414 0.00907064 5 0.00907064 
557 351 0.00226766 5 0.00226766 
66 261 0.000946782 5 0.000946782 
517 118 0.00826478 5 0.00826478 
405 210 0.0100004 5 0.0100004 
351 285 0.00346034 5 0.00346034 
332 234 0.0110808 5 0.0110808 
333 422 0.0156256 5 0.0156256 
306 458 0.0177785 5 0.0177785 
168 347 0.0330591 5 0.0330591 
85 276 0.000918309 5 0.000918309 
535 288 0.000408137 5 0.000408137 
503 343 0.00153793 5 0.00153793 
221 214 0.0177785 5 0.0177785 
431 258 0.00416249 5 0.00416249 
500 212 0.0277788 5 0.0277788 
82 292 0.000297277 5 0.000297277 
89 241 0.00237963 5 0.00237963 
372 37 0.0177785 5 0.0177785 
475 157 0.0330591 5 0.0330591 
359 47 0.0177785 5 0.0177785 
527 205 0.0204089 5 0.0204089 
396 288 0.00166604 5 0.00166604 
543 92 0.0236695 5 0.0236695 
544 159 0.00756173 5 0.00756173 
564 218 0.0204089 5 0.0204089 
492 338 0.0177785 5 0.0177785 
276 194 0.000730488 5 0.000730488 
350 430 0.0277788 5 0.0277788 
159 409 0.0277788 5 0.0277788 
528 338 0.0236695 5 0.0236695 
344 211 0.0204089 5 0.0204089 
360 332 0.0138414 5 0.0138414 
536 344 0.00756173 5 0.00756173 
480 281 0.0236695 5 0.0236695 
485 269 0.0236695 5 0.0236695 
28 293 0.00277019 5 0.00277019 
108 305 0.00118911 5 0.00118911 
209 224 0.0236695 5 0.0236695 
427 311 0.000711138 5 0.000711138 
217 271 0.0204089 5 0.0204089 
95 409 0.0138414 5 0.0138414 
436 359 0.0123462 5 0.0123462 
226 230 0.0204089 5 0.0204089 
198 406 0.00694471 5 0.00694471 
554 126 0.00694471 5 0.00694471 
547 410 0.0123462 5 0.0123462 
241 309 0.00216341 5 0.00216341 
511 258 0.0277788 5 0.0277788 
532 206 0.0138414 5 0.0138414 
345 226 0.0204089 5 0.0204089 
505 398 0.0123462 5 0.0123462 
535 196 0.0330591 4 0.0330591 
372 276 0.00237963 4 0.00237963 
528 278 0.000865085 4 0.000865085 
433 159 0.0236695 4 0.0236695 
123 348 0.0330591 4 0.0330591 
66 179 0.0330591 4 0.0330591 
367 156 0.0236695 4 0.0236695 
45 264 0.00756173 4 0.00756173 
567 272 0.0330591 4 0.0330591 
392 247 0.00416249 4 0.00416249 
392 246 0.0100004 4 0.0100004 
334 336 0.0330591 4 0.0330591 
79 213 0.0330591 4 0.0330591 
490 293 0.00694471 4 0.00694471 
22 412 0.0204089 4 0.0204089 
480 294 0.00153793 4 0.00153793 
383 243 0.00292195 4 0.00292195 
346 236 0.00173618 4 0.00173618 
92 406 0.0330591 4 0.0330591 
512 366 0.00137179 4 0.00137179 
89 273 0.0110808 4 0.0110808 
358 245 0.0100004 4 0.0100004 
128 420 0.000609687 4 0.000609687 
345 328 0.0204089 4 0.0204089 
101 389 0.0156256 4 0.0156256 
550 389 0.0100004 4 0.0100004 
234 363 0.0236695 4 0.0236695 
408 442 0.00197538 4 0.00197538 
502 383 0.0236695 4 0.0236695 
550 377 0.0100004 4 0.0100004 
516 410 0.0236695 4 0.0236695 
47 354 0.0025001 4 0.0025001 
396 225 0.00907064 4 0.00907064 
60 340 0.00107502 4 0.00107502 
347 201 0.00907064 4 0.00907064 
360 236 0.00640025 4 0.00640025 
365 359 0.00591739 4 0.00591739 
296 176 0.00189043 4 0.00189043 
462 422 0.0100004 4 0.0100004 
80 226 0.00591739 4 0.00591739 
38 198 0.00591739 4 0.00591739 
542 110 0.0204089 4 0.0204089 
498 401 0.00111115 4 0.00111115 
362 402 0.0123462 4 0.0123462 
269 161 0.0204089 4 0.0204089 
273 46 0.0100004 4 0.0100004 
515 218 0.0236695 4 0.0236695 
520 223 0.0236695 4 0.0236695 
353 232 0.0236695 4 0.0236695 
138 335 0.0156256 4 0.0156256 
495 244 0.00132236 4 0.00132236 
319 250 0.00694471 4 0.00694471 
385 213 0.0123462 4 0.0123462 
202 12 0.0330591 4 0.0330591 
510 202 0.0236695 4 0.0236695 
353 398 0.00756173 4 0.00756173 
213 224 0.0123462 4 0.0123462 
509 229 0.00548718 4 0.00548718 
199 371 0.0025001 4 0.0025001 
514 114 0.0177785 4 0.0177785 
200 287 0.0156256 4 0.0156256 
163 381 0.0110808 4 0.0110808 
271 282 0.0156256 4 0.0156256 
548 268 0.0138414 4 0.0138414 
399 123 0.0138414 4 0.0138414 
81 437 0.0277788 4 0.0277788 
100 309 0.00292195 4 0.00292195 
585 260 0.00367324 4 0.00367324 
341 271 0.00346034 4 0.00346034 
555 290 0.0138414 4 0.0138414 
452 388 0.0039064 4 0.0039064 
382 337 0.000236695 4 0.000236695 
104 46 0.0138414 4 0.0138414 
566 391 0.00292195 4 0.00292195 
578 242 0.00367324 4 0.00367324 
69 265 0.00367324 4 0.00367324 
153 381 0.00510224 4 0.00510224 
86 429 0.00640025 4 0.00640025 
51 281 0.00367324 4 0.00367324 
257 364 0.0277788 4 0.0277788 
433 371 0.00277019 4 0.00277019 
467 154 0.0138414 4 0.0138414 
88 301 0.0204089 4 0.0204089 
342 219 0.000408137 4 0.000408137 
285 154 0.00826478 4 0.00826478 
253 354 0.0277788 4 0.0277788 
361 313 0.0012312 4 0.0012312 
261 154 0.0277788 4 0.0277788 
114 397 0.0204089 4 0.0204089 
495 358 0.000416509 4 0.000416509 
99 292 0.00277019 4 0.00277019 
132 397 0.00510224 4 0.00510224 
589 225 0.0277788 4 0.0277788 
415 232 0.0110808 4 0.0110808 
186 233 0.0138414 4 0.0138414 
48 246 0.00826478 4 0.00826478 
116 406 0.000750639 4 0.000750639 
252 426 0.00640025 4 0.00640025 
511 249 0.000594907 4 0.000594907 
475 407 0.0330591 3 0.0330591 
142 289 0.00308654 3 0.00308654 
257 329 0.0236695 3 0.0236695 
403 374 0.00292195 3 0.00292195 
384 238 0.000891101 3 0.000891101 
376 189 0.0110808 3 0.0110808 
479 156 0.0277788 3 0.0277788 
174 338 0.0277788 3 0.0277788 
337 304 0.0156256 3 0.0156256 
64 270 0.00277019 3 0.00277019 
75 315 0.00907064 3 0.00907064 
447 126 0.000168669 3 0.000168669 
537 182 0.00826478 3 0.00826478 
383 355 0.0236695 3 0.0236695 
256 171 0.00444461 3 0.00444461 
220 245 0.0277788 3 0.0277788 
256 47 0.00591739 3 0.00591739 
267 366 0.0177785 3 0.0177785 
391 285 0.000324661 3 0.000324661 
65 312 0.00216341 3 0.00216341 
133 164 0.00591739 3 0.00591739 
383 207 0.00444461 3 0.00444461 
142 333 0.00166604 3 0.00166604 
526 221 0.0277788 3 0.0277788 
192 225 0.0138414 3 0.0138414 
413 242 0.0025001 3 0.0025001 
235 268 0.0177785 3 0.0177785 
347 269 0.0156256 3 0.0156256 
595 253 0.00367324 3 0.00367324 
206 236 0.00826478 3 0.00826478 
297 396 0.00591739 3 0.00591739 
39 198 0.0156256 3 0.0156256 
413 218 0.00907064 3 0.00907064 
565 304 0.00197538 3 0.00197538 
128 257 0.00166604 3 0.00166604 
280 379 0.00132236 3 0.00132236 
542 379 0.000349389 3 0.000349389 
556 448 0.00756173 3 0.00756173 
373 207 0.00197538 3 0.00197538 
566 221 0.00694471 3 0.00694471 
562 336 0.00416249 3 0.00416249 
517 326 0.0236695 3 0.0236695 
334 157 0.00475643 3 0.00475643 
234 323 0.00147935 3 0.00147935 
588 294 0.00694471 3 0.00694471 
501 285 0.00226766 3 0.00226766 
29 277 0.0110808 3 0.0110808 
185 373 0.0156256 3 0.0156256 
371 376 0.0156256 3 0.0156256 
59 284 0.00147935 3 0.00147935 
75 273 0.0110808 3 0.0110808 
255 34 0.0277788 3 0.0277788 
361 305 0.00206619 3 0.00206619 
206 316 0.00346034 3 0.00346034 
47 397 0.00181084 3 0.00181084 
345 290 0.00206619 3 0.00206619 
601 297 0.0330591 3 0.0330591 
89 401 0.00127556 3 0.00127556 
368 402 0.0156256 3 0.0156256 
278 397 0.00416249 3 0.00416249 
333 222 0.0177785 3 0.0177785 
22 395 0.0204089 3 0.0204089 
382 322 0.0330591 3 0.0330591 
89 387 0.00127556 3 0.00127556 
479 402 0.00510224 3 0.00510224 
481 388 0.0138414 3 0.0138414 
143 320 0.00694471 3 0.00694471 
276 458 0.0177785 3 0.0177785 
579 325 0.00226766 3 0.00226766 
311 298 0.0236695 3 0.0236695 
326 149 0.0277788 3 0.0277788 
334 390 0.0009766 3 0.0009766 
475 327 0.0110808 3 0.0110808 
160 411 0.0025001 3 0.0025001 
439 355 0.0277788 3 0.0277788 
326 236 0.000840192 3 0.000840192 
426 288 0.0100004 3 0.0100004 
490 224 0.0236695 3 0.0236695 
98 134 0.0330591 3 0.0330591 
102 231 0.000625024 3 0.000625024 
283 376 0.00367324 3 0.00367324 
455 405 0.00826478 3 0.00826478 
434 274 0.00756173 3 0.00756173 
106 454 0.0110808 3 0.0110808 
358 246 0.00416249 3 0.00416249 
337 313 0.0138414 3 0.0138414 
10 317 0.0177785 3 0.0177785 
278 264 0.0204089 3 0.0204089 
226 211 0.0177785 3 0.0177785 
427 339 0.00640025 3 0.00640025 
63 355 0.00277019 3 0.00277019 
338 327 0.0177785 2 0.0177785 
496 338 0.0177785 2 0.0177785 
336 351 0.00640025 2 0.00640025 
399 289 0.0100004 2 0.0100004 
544 398 0.0177785 2 0.0177785 
537 188 0.00206619 2 0.00206619 
291 429 0.0177785 2 0.0177785 
230 227 0.0100004 2 0.0100004 
357 233 0.00142405 2 0.00142405 
237 301 0.0277788 2 0.0277788 
179 240 0.0138414 2 0.0138414 
313 234 0.0138414 2 0.0138414 
406 233 0.0277788 2 0.0277788 
49 268 0.000580658 2 0.000580658 
376 207 0.00216341 2 0.00216341 
374 385 0.00548718 2 0.00548718 
149 410 0.0012312 2 0.0012312 
482 260 0.0138414 2 0.0138414 
69 235 0.00826478 2 0.00826478 
278 216 0.000493846 2 0.000493846 
507 340 0.0012312 2 0.0012312 
574 368 0.00100785 2 0.00100785 
41 137 0.0277788 2 0.0277788 
424 132 0.0277788 2 0.0277788 
490 354 0.0039064 2 0.0039064 
532 120 0.0277788 2 0.0277788 
121 426 0.000865085 2 0.000865085 
394 233 0.00132236 2 0.00132236 
562 301 0.0236695 2 0.0236695 
402 227 0.00132236 2 0.00132236 
485 339 0.00756173 2 0.00756173 
550 384 0.0009766 2 0.0009766 
555 329 0.00475643 2 0.00475643 
55 243 0.000840192 2 0.000840192 
492 199 0.0236695 2 0.0236695 
563 341 0.0039064 2 0.0039064 
386 379 0.0138414 2 0.0138414 
250 378 0.00510224 2 0.00510224 
220 315 0.000730488 2 0.000730488 
249 354 0.0277788 2 0.0277788 
401 265 0.00277019 2 0.00277019 
190 260 0.00277019 2 0.00277019 
150 404 0.00216341 2 0.00216341 
459 156 0.000213126 2 0.000213126 
593 322 0.0156256 2 0.0156256 
105 12 0.0330591 2 0.0330591 
528 281 0.00548718 2 0.00548718 
50 294 0.0156256 2 0.0156256 
225 317 0.00308654 2 0.00308654 
445 330 0.00189043 2 0.00189043 
171 286 0.0156256 2 0.0156256 
278 206 0.000377053 2 0.000377053 
448 131 0.0330591 2 0.0330591 
286 423 0.00591739 2 0.00591739 
554 295 0.00107502 2 0.00107502 
440 346 0.00591739 2 0.00591739 
508 251 0.00107502 2 0.00107502 
445 152 0.0156256 2 0.0156256 
578 285 0.00591739 2 0.00591739 
363 249 0.00591739 2 0.00591739 
100 255 0.000918309 2 0.000918309 
559 109 0.00826478 2 0.00826478 
82 233 0.00147935 2 0.00147935 
85 395 0.000640948 2 0.000640948 
98 415 0.0330591 2 0.0330591 
196 371 0.0330591 2 0.0330591 
233 305 0.00127556 2 0.00127556 
324 375 0.00189043 2 0.00189043 
515 212 0.00127556 2 0.00127556 
148 274 0.00640025 2 0.00640025 
574 340 0.00153793 2 0.00153793 
145 395 0.00907064 2 0.00907064 
499 223 0.00292195 2 0.00292195 
324 246 0.00416249 2 0.00416249 
466 264 0.00237963 2 0.00237963 
377 185 0.00416249 2 0.00416249 
563 125 0.00292195 2 0.00292195 
173 267 0.00694471 2 0.00694471 
535 335 0.0204089 2 0.0204089 
531 146 0.0204089 2 0.0204089 
350 253 0.0025001 2 0.0025001 
128 412 0.000840192 2 0.000840192 
515 234 0.0025001 2 0.0025001 
179 27 0.0204089 2 0.0204089 
37 412 0.00444461 2 0.00444461 
324 283 0.00694471 2 0.00694471 
382 287 0.00111115 2 0.00111115 
113 323 0.0204089 2 0.0204089 
66 42 0.00640025 2 0.00640025 
359 194 0.0204089 2 0.0204089 
137 17 0.00694471 2 0.00694471 
388 280 0.00346034 2 0.00346034 
22 406 0.0204089 2 0.0204089 
98 240 0.000946782 2 0.000946782 
378 282 0.0123462 2 0.0123462 
38 360 0.0204089 2 0.0204089 
483 315 0.0110808 2 0.0110808 
278 302 0.00444461 2 0.00444461 
547 366 0.00756173 2 0.00756173 
77 241 0.00444461 2 0.00444461 
220 192 0.00640025 2 0.00640025 
384 202 0.00640025 2 0.00640025 
566 216 0.00160006 2 0.00160006 
427 349 0.0236695 2 0.0236695 
36 175 0.000946782 2 0.000946782 
473 394 0.0110808 2 0.0110808 
547 291 0.0204089 2 0.0204089 
56 361 0.0204089 2 0.0204089 
310 392 0.00756173 2 0.00756173 
189 378 0.00694471 2 0.00694471 
242 30 0.0277788 1 0.0277788 
58 287 0.00416249 1 0.00416249 
254 291 0.00416249 1 0.00416249 
212 244 0.0330591 1 0.0330591 
320 367 0.00153793 1 0.00153793 
517 284 0.000918309 1 0.000918309 
137 440 0.00694471 1 0.00694471 
536 314 0.0330591 1 0.0330591 
285 374 0.00189043 1 0.00189043 
571 216 0.00346034 1 0.00346034 
352 330 0.0330591 1 0.0330591 
356 330 0.0330591 1 0.0330591 
424 331 0.0330591 1 0.0330591 
184 348 0.0330591 1 0.0330591 
573 390 0.0330591 1 0.0330591 
197 398 0.0330591 1 0.0330591 
276 34 0.00826478 1 0.00826478 
288 414 0.0330591 1 0.0330591 
381 435 0.0330591 1 0.0330591 
505 350 0.00226766 1 0.00226766 
329 224 0.000528492 1 0.000528492 
259 296 0.00907064 1 0.00907064 
255 41 0.0177785 1 0.0177785 
193 280 0.0156256 1 0.0156256 
400 270 0.0156256 1 0.0156256 
547 266 0.0156256 1 0.0156256 
237 263 0.0156256 1 0.0156256 
477 143 0.00308654 1 0.00308654 
46 409 0.00346034 1 0.00346034 
432 353 0.0100004 1 0.0100004 
485 206 0.0177785 1 0.0177785 
87 160 0.0156256 1 0.0156256 
120 389 0.0110808 1 0.0110808 
310 262 0.00640025 1 0.00640025 
199 240 0.00591739 1 0.00591739 
443 137 0.00907064 1 0.00907064 
153 454 0.0100004 1 0.0100004 
302 53 0.0330591 1 0.0330591 
70 362 0.0204089 1 0.0204089 
530 206 0.0330591 1 0.0330591 
76 20 0.00640025 1 0.00640025 
214 264 0.000946782 1 0.000946782 
196 183 0.0330591 1 0.0330591 
222 235 0.00237963 1 0.00237963 
494 222 0.0177785 1 0.0177785 
364 398 0.0204089 1 0.0204089 
199 249 0.00292195 1 0.00292195 
288 402 0.0204089 1 0.0204089 
431 250 0.00548718 1 0.00548718 
443 309 0.0100004 1 0.0100004 
470 314 0.00346034 1 0.00346034 
278 444 0.0204089 1 0.0204089 
541 373 0.000946782 1 0.000946782 
307 302 0.0110808 1 0.0110808 
342 314 0.00277019 1 0.00277019 
36 443 0.0277788 1 0.0277788 
324 226 0.000342949 1 0.000342949 
36 229 0.00326543 1 0.00326543 
378 425 0.0277788 1 0.0277788 
597 325 0.00510224 1 0.00510224 
443 374 0.0277788 1 0.0277788 
384 392 0.0236695 1 0.0236695 
508 303 0.000730488 1 0.000730488 
549 202 0.00206619 1 0.00206619 
246 354 0.0277788 1 0.0277788 
477 228 0.00510224 1 0.00510224 
61 359 0.00367324 1 0.00367324 
386 140 0.0025001 1 0.0025001 
62 198 0.00510224 1 0.00510224 
159 325 0.0277788 1 0.0277788 
154 273 0.0138414 1 0.0138414 
162 306 0.00367324 1 0.00367324 
284 438 0.00475643 1 0.00475643 
303 397 0.00640025 1 0.00640025 
243 370 0.00756173 1 0.00756173 
376 216 0.00132236 1 0.00132236 
517 221 0.0123462 1 0.0123462 
118 399 0.00756173 1 0.00756173 
567 330 0.00475643 1 0.00475643 
168 257 0.0236695 1 0.0236695 
571 151 0.0123462 1 0.0123462 
137 362 0.00826478 1 0.00826478 
256 354 0.0236695 1 0.0236695 
287 247 0.00262995 1 0.00262995 
552 110 0.0236695 1 0.0236695 
143 357 0.0236695 1 0.0236695 
208 171 0.00262995 1 0.00262995 
421 286 0.00206619 1 0.00206619 
23 424 0.00756173 1 0.00756173 
311 303 0.0236695 1 0.0236695 
366 322 0.00548718 1 0.00548718 
585 223 0.0204089 1 0.0204089 
600 317 0.00694471 1 0.00694471 
244 181 0.00160006 1 0.00160006 
201 263 0.0204089 1 0.0204089 
366 208 0.0100004 1 0.0100004 
112 351 0.00694471 1 0.00694471 
133 253 0.0012312 1 0.0012312 
563 197 0.0100004 1 0.0100004 
96 241 0.00100785 1 0.00100785 
390 280 0.00181084 1 0.00181084 
212 316 0.00147935 1 0.00147935 
481 303 0.00147935 1 0.00147935 
411 230 0.00181084 1 0.00181084 
134 42 0.0277788 1 0.0277788 
383 438 0.0177785 1 0.0177785 
37 394 0.0123462 1 0.0123462 
182 237 0.0138414 1 0.0138414 
200 397 0.000580658 1 0.000580658 
233 373 0.0123462 1 0.0123462 
184 355 0.0177785 1 0.0177785 
95 327 0.000349389 1 0.000349389 
582 222 0.0138414 1 0.0138414 
73 200 0.00367324 1 0.00367324 
158 405 0.000750639 1 0.000750639 
241 34 0.0277788 1 0.0277788 
562 296 0.000816358 1 0.000816358 
356 197 0.0204089 1 0.0204089 
516 390 0.00292195 1 0.00292195 
34 353 0.00548718 1 0.00548718 
80 386 0.00292195 1 0.00292195 
248 345 0.00548718 1 0.00548718 
497 194 0.0277788 1 0.0277788 
