1
2641
333 373 0.0204089 112 0.0204089 
589 405 0.0204089 108 0.0204089 
334 349 0.0177785 100 0.0177785 
178 255 0.0277788 96 0.0277788 
571 223 0.0277788 89 0.0277788 
157 306 0.0123462 89 0.0123462 
306 371 0.00907064 89 0.00907064 
317 359 0.00216341 88 0.00216341 
379 109 0.00189043 87 0.00189043 
284 300 0.0138414 86 0.0138414 
418 290 0.00756173 83 0.00756173 
458 422 0.0277788 80 0.0277788 
306 347 0.00826478 79 0.00826478 
234 396 0.0204089 78 0.0204089 
390 455 0.0277788 78 0.0277788 
471 335 0.0123462 77 0.0123462 
567 219 0.0110808 76 0.0110808 
535 390 0.0156256 76 0.0156256 
260 368 0.0110808 74 0.0110808 
178 356 0.00756173 73 0.00756173 
584 420 0.00237963 72 0.00237963 
23 427 0.0177785 71 0.0177785 
424 297 0.0330591 69 0.0330591 
412 297 0.0330591 68 0.0330591 
334 419 0.0177785 68 0.0177785 
179 429 0.00907064 68 0.00907064 
161 257 0.0330591 68 0.0330591 
565 271 0.00907064 67 0.00907064 
72 248 0.0123462 67 0.0123462 
99 236 0.0177785 66 0.0177785 
258 347 0.0236695 66 0.0236695 
424 283 0.0330591 65 0.0330591 
494 427 0.0177785 65 0.0177785 
107 388 0.0204089 65 0.0204089 
203 358 0.0156256 64 0.0156256 
82 249 0.0330591 64 0.0330591 
507 428 0.0204089 64 0.0204089 
333 372 0.00475643 64 0.00475643 
447 412 0.0138414 63 0.0138414 
447 416 0.0156256 63 0.0156256 
37 317 0.0110808 62 0.0110808 
302 359 0.00277019 62 0.00277019 
204 381 0.0177785 61 0.0177785 
592 394 0.0277788 61 0.0277788 
44 252 0.0277788 60 0.0277788 
306 422 0.00907064 60 0.00907064 
124 429 0.00694471 59 0.00694471 
308 366 0.00548718 59 0.00548718 
449 415 0.00475643 59 0.00475643 
93 248 0.0177785 59 0.0177785 
494 383 0.0177785 59 0.0177785 
58 368 0.00694471 58 0.00694471 
458 413 0.0277788 58 0.0277788 
152 427 0.0110808 58 0.0110808 
45 238 0.00640025 57 0.00640025 
39 242 0.0156256 56 0.0156256 
75 256 0.0330591 56 0.0330591 
193 361 0.0330591 55 0.0330591 
472 417 0.00308654 55 0.00308654 
495 412 0.0156256 55 0.0156256 
283 355 0.000580658 54 0.000580658 
269 255 0.0156256 54 0.0156256 
494 364 0.0156256 54 0.0156256 
234 246 0.0177785 54 0.0177785 
562 430 0.0177785 54 0.0177785 
309 449 0.00591739 54 0.00591739 
334 447 0.0177785 54 0.0177785 
369 171 0.0277788 53 0.0277788 
568 196 0.0177785 53 0.0177785 
495 356 0.0156256 53 0.0156256 
107 248 0.0330591 53 0.0330591 
13 427 0.0156256 53 0.0156256 
532 327 0.0330591 53 0.0330591 
205 254 0.0236695 53 0.0236695 
189 367 0.00237963 53 0.00237963 
56 251 0.0204089 52 0.0204089 
286 296 0.00826478 52 0.00826478 
52 265 0.0100004 52 0.0100004 
334 426 0.0204089 52 0.0204089 
528 348 0.0138414 52 0.0138414 
436 417 0.0236695 52 0.0236695 
18 264 0.0236695 52 0.0236695 
509 390 0.0138414 52 0.0138414 
334 447 0.00444461 52 0.00444461 
203 379 0.0138414 52 0.0138414 
524 407 0.00189043 51 0.00189043 
28 246 0.0177785 51 0.0177785 
583 422 0.00548718 50 0.00548718 
256 261 0.00591739 50 0.00591739 
362 102 0.0138414 50 0.0138414 
134 378 0.0177785 50 0.0177785 
388 90 0.0330591 50 0.0330591 
425 242 0.0277788 50 0.0277788 
318 453 0.0277788 50 0.0277788 
379 414 0.00326543 50 0.00326543 
441 415 0.00591739 50 0.00591739 
333 360 0.0177785 50 0.0177785 
565 286 0.0236695 50 0.0236695 
575 217 0.00826478 49 0.00826478 
27 447 0.0123462 49 0.0123462 
368 439 0.0138414 49 0.0138414 
109 400 0.0236695 49 0.0236695 
34 295 0.00591739 49 0.00591739 
546 332 0.0100004 49 0.0100004 
318 434 0.00216341 48 0.00216341 
183 361 0.0236695 48 0.0236695 
386 449 0.00826478 48 0.00826478 
55 251 0.00206619 48 0.00206619 
468 413 0.0110808 48 0.0110808 
404 237 0.0138414 47 0.0138414 
333 363 0.0177785 47 0.0177785 
185 433 0.0277788 47 0.0277788 
209 249 0.00826478 47 0.00826478 
551 336 0.00640025 47 0.00640025 
514 220 0.0156256 47 0.0156256 
362 170 0.0204089 47 0.0204089 
306 308 0.0204089 47 0.0204089 
334 432 0.0177785 46 0.0177785 
347 362 0.00262995 46 0.00262995 
311 365 0.00147935 46 0.00147935 
209 288 0.00142405 46 0.00142405 
427 243 0.0204089 46 0.0204089 
593 411 0.00756173 46 0.00756173 
41 277 0.0204089 46 0.0204089 
300 418 0.0277788 46 0.0277788 
559 277 0.0330591 45 0.0330591 
302 243 0.0138414 45 0.0138414 
425 233 0.0330591 45 0.0330591 
112 415 0.0277788 45 0.0277788 
343 369 0.0330591 45 0.0330591 
178 366 0.00826478 45 0.00826478 
299 343 0.0330591 45 0.0330591 
59 390 0.00694471 45 0.00694471 
575 394 0.0277788 45 0.0277788 
212 246 0.00510224 44 0.00510224 
346 244 0.0236695 44 0.0236695 
538 274 0.00367324 44 0.00367324 
308 352 0.00548718 44 0.00548718 
534 221 0.0277788 44 0.0277788 
574 425 0.0012312 44 0.0012312 
233 336 0.0177785 44 0.0177785 
322 352 0.0277788 44 0.0277788 
215 224 0.0123462 44 0.0123462 
363 387 0.0277788 43 0.0277788 
508 315 0.0156256 43 0.0156256 
18 391 0.0204089 43 0.0204089 
506 318 0.0330591 43 0.0330591 
424 291 0.0330591 43 0.0330591 
322 371 0.0277788 43 0.0277788 
314 430 0.000840192 43 0.000840192 
580 273 0.00308654 43 0.00308654 
252 423 0.00756173 43 0.00756173 
570 215 0.00591739 42 0.00591739 
364 184 0.0156256 42 0.0156256 
288 245 0.0204089 42 0.0204089 
571 282 0.0330591 42 0.0330591 
590 277 0.00475643 42 0.00475643 
257 390 0.00640025 42 0.00640025 
44 233 0.00416249 42 0.00416249 
296 358 0.0012312 42 0.0012312 
171 269 0.0110808 42 0.0110808 
417 440 0.00756173 42 0.00756173 
443 429 0.000946782 42 0.000946782 
13 424 0.0138414 42 0.0138414 
168 268 0.0138414 42 0.0138414 
556 423 0.00510224 42 0.00510224 
523 243 0.00367324 42 0.00367324 
311 352 0.00147935 42 0.00147935 
482 417 0.0204089 42 0.0204089 
439 417 0.0236695 42 0.0236695 
418 298 0.00826478 41 0.00826478 
362 181 0.0277788 41 0.0277788 
348 316 0.0177785 41 0.0177785 
521 386 0.00262995 41 0.00262995 
440 213 0.00181084 41 0.00181084 
67 259 0.00640025 41 0.00640025 
346 360 0.00262995 41 0.00262995 
482 412 0.00277019 41 0.00277019 
595 452 0.0277788 41 0.0277788 
423 241 0.0330591 41 0.0330591 
260 308 0.0204089 41 0.0204089 
436 218 0.00262995 41 0.00262995 
170 241 0.00262995 40 0.00262995 
235 406 0.0277788 40 0.0277788 
530 323 0.0123462 40 0.0123462 
131 145 0.0330591 40 0.0330591 
568 209 0.00308654 40 0.00308654 
35 393 0.0156256 40 0.0156256 
564 227 0.00826478 40 0.00826478 
360 99 0.0236695 40 0.0236695 
100 255 0.00510224 40 0.00510224 
431 415 0.0110808 40 0.0110808 
472 214 0.0204089 40 0.0204089 
37 426 0.0177785 40 0.0177785 
384 424 0.000891101 40 0.000891101 
83 251 0.00548718 40 0.00548718 
379 99 0.00416249 39 0.00416249 
516 168 0.00142405 39 0.00142405 
374 92 0.0123462 39 0.0123462 
317 247 0.0277788 39 0.0277788 
337 402 0.00907064 39 0.00907064 
464 427 0.000918309 39 0.000918309 
547 270 0.00237963 39 0.00237963 
152 359 0.0123462 39 0.0123462 
48 249 0.0156256 39 0.0156256 
415 249 0.0156256 39 0.0156256 
138 418 0.0204089 39 0.0204089 
583 428 0.00147935 39 0.00147935 
38 361 0.0330591 39 0.0330591 
180 358 0.00277019 38 0.00277019 
272 417 0.0330591 38 0.0330591 
388 294 0.00277019 38 0.00277019 
398 100 0.0236695 38 0.0236695 
562 354 0.0156256 38 0.0156256 
312 371 0.0100004 38 0.0100004 
231 242 0.00346034 38 0.00346034 
227 404 0.0277788 37 0.0277788 
598 432 0.0156256 37 0.0156256 
53 240 0.0177785 37 0.0177785 
249 439 0.00153793 37 0.00153793 
585 346 0.0025001 37 0.0025001 
525 417 0.00181084 37 0.00181084 
589 314 0.0236695 37 0.0236695 
511 359 0.0277788 37 0.0277788 
331 358 0.000946782 37 0.000946782 
601 344 0.0330591 37 0.0330591 
323 442 0.0277788 37 0.0277788 
259 265 0.00346034 37 0.00346034 
505 386 0.0330591 37 0.0330591 
355 203 0.0277788 37 0.0277788 
383 178 0.0110808 37 0.0110808 
124 430 0.00326543 37 0.00326543 
371 89 0.0277788 37 0.0277788 
267 359 0.00142405 36 0.00142405 
354 438 0.0138414 36 0.0138414 
226 315 0.0330591 36 0.0330591 
24 424 0.0123462 36 0.0123462 
39 445 0.0330591 36 0.0330591 
384 252 0.00510224 36 0.00510224 
412 207 0.0330591 36 0.0330591 
272 358 0.00694471 36 0.00694471 
280 361 0.00367324 36 0.00367324 
305 391 0.00694471 36 0.00694471 
458 413 0.00326543 36 0.00326543 
263 395 0.00326543 36 0.00326543 
284 445 0.00694471 36 0.00694471 
92 255 0.0204089 36 0.0204089 
33 283 0.0330591 36 0.0330591 
131 153 0.00826478 36 0.00826478 
172 361 0.0277788 36 0.0277788 
569 238 0.00826478 36 0.00826478 
368 97 0.00591739 36 0.00591739 
514 330 0.0156256 36 0.0156256 
390 436 0.0236695 36 0.0236695 
270 376 0.00166604 36 0.00166604 
523 214 0.00367324 36 0.00367324 
227 388 0.0277788 36 0.0277788 
334 396 0.00416249 36 0.00416249 
587 451 0.0277788 36 0.0277788 
544 425 0.0236695 36 0.0236695 
450 320 0.00127556 36 0.00127556 
69 235 0.00416249 36 0.00416249 
25 261 0.0177785 36 0.0177785 
257 243 0.0277788 35 0.0277788 
485 414 0.0012312 35 0.0012312 
601 338 0.0330591 35 0.0330591 
365 166 0.00907064 35 0.00907064 
536 366 0.0204089 35 0.0204089 
378 235 0.0277788 35 0.0277788 
35 438 0.0123462 35 0.0123462 
368 229 0.00444461 35 0.00444461 
544 230 0.0100004 35 0.0100004 
415 262 0.00346034 35 0.00346034 
593 350 0.00591739 35 0.00591739 
204 369 0.0177785 35 0.0177785 
428 231 0.0177785 35 0.0177785 
490 335 0.00694471 35 0.00694471 
284 358 0.00100785 35 0.00100785 
590 452 0.0236695 35 0.0236695 
349 212 0.000816358 35 0.000816358 
40 318 0.00756173 35 0.00756173 
583 334 0.00510224 35 0.00510224 
226 254 0.0277788 35 0.0277788 
51 266 0.00262995 35 0.00262995 
401 244 0.0204089 35 0.0204089 
182 435 0.0138414 34 0.0138414 
344 437 0.00367324 34 0.00367324 
561 248 0.00475643 34 0.00475643 
331 346 0.00510224 34 0.00510224 
341 339 0.0330591 34 0.0330591 
311 391 0.00694471 34 0.00694471 
139 426 0.00107502 34 0.00107502 
224 233 0.00142405 34 0.00142405 
528 201 0.0277788 34 0.0277788 
113 234 0.0204089 34 0.0204089 
507 419 0.0204089 34 0.0204089 
236 409 0.0330591 34 0.0330591 
72 249 0.00475643 34 0.00475643 
345 426 0.00367324 34 0.00367324 
531 364 0.0330591 34 0.0330591 
577 397 0.0138414 34 0.0138414 
521 340 0.00262995 34 0.00262995 
154 433 0.00326543 34 0.00326543 
391 445 0.00475643 34 0.00475643 
234 387 0.0177785 33 0.0177785 
471 419 0.00132236 33 0.00132236 
168 239 0.00226766 33 0.00226766 
464 349 0.000891101 33 0.000891101 
58 237 0.0156256 33 0.0156256 
509 409 0.0138414 33 0.0138414 
397 236 0.00510224 33 0.00510224 
530 346 0.0236695 33 0.0236695 
80 262 0.0204089 33 0.0204089 
96 352 0.0204089 33 0.0204089 
421 444 0.0156256 33 0.0156256 
100 253 0.00237963 33 0.00237963 
542 350 0.00237963 33 0.00237963 
443 290 0.00475643 33 0.00475643 
207 431 0.00346034 33 0.00346034 
152 283 0.00444461 33 0.00444461 
40 298 0.0110808 33 0.0110808 
501 298 0.0277788 33 0.0277788 
168 247 0.00444461 33 0.00444461 
119 434 0.00346034 33 0.00346034 
488 223 0.00640025 33 0.00640025 
412 439 0.0039064 33 0.0039064 
572 269 0.00226766 33 0.00226766 
169 367 0.00137179 33 0.00137179 
349 318 0.0156256 32 0.0156256 
111 345 0.0110808 32 0.0110808 
95 337 0.0204089 32 0.0204089 
450 412 0.000452711 32 0.000452711 
335 243 0.0204089 32 0.0204089 
572 280 0.00694471 32 0.00694471 
313 384 0.0330591 32 0.0330591 
480 362 0.0025001 32 0.0025001 
414 402 0.0138414 32 0.0138414 
365 209 0.0236695 32 0.0236695 
454 252 0.00262995 32 0.00262995 
542 329 0.0204089 32 0.0204089 
235 383 0.0277788 32 0.0277788 
162 234 0.0177785 32 0.0177785 
597 316 0.0138414 32 0.0138414 
397 103 0.0138414 32 0.0138414 
219 329 0.0123462 32 0.0123462 
599 356 0.0177785 32 0.0177785 
35 301 0.0156256 32 0.0156256 
260 432 0.00292195 32 0.00292195 
264 347 0.0330591 32 0.0330591 
520 204 0.0156256 32 0.0156256 
527 422 0.00444461 32 0.00444461 
203 365 0.0009766 32 0.0009766 
503 297 0.0204089 32 0.0204089 
516 417 0.0039064 32 0.0039064 
51 361 0.0330591 32 0.0330591 
447 435 0.0012312 31 0.0012312 
432 411 0.00826478 31 0.00826478 
574 209 0.00292195 31 0.00292195 
591 346 0.0204089 31 0.0204089 
575 352 0.00694471 31 0.00694471 
579 273 0.00694471 31 0.00694471 
594 398 0.00510224 31 0.00510224 
575 352 0.0204089 31 0.0204089 
254 402 0.0100004 31 0.0100004 
455 281 0.000540854 31 0.000540854 
388 403 0.0177785 31 0.0177785 
40 264 0.0138414 31 0.0138414 
462 456 0.0123462 31 0.0123462 
246 366 0.000918309 31 0.000918309 
483 444 0.0204089 31 0.0204089 
397 121 0.0177785 31 0.0177785 
309 370 0.00346034 31 0.00346034 
264 381 0.00111115 31 0.00111115 
501 356 0.00510224 30 0.00510224 
13 451 0.0156256 30 0.0156256 
80 360 0.00907064 30 0.00907064 
309 417 0.00548718 30 0.00548718 
597 434 0.0138414 30 0.0138414 
248 393 0.00292195 30 0.00292195 
528 348 0.00640025 30 0.00640025 
506 407 0.0330591 30 0.0330591 
531 332 0.0123462 30 0.0123462 
161 345 0.0138414 30 0.0138414 
267 239 0.00907064 30 0.00907064 
335 319 0.0156256 30 0.0156256 
94 382 0.00292195 30 0.00292195 
217 324 0.0204089 30 0.0204089 
562 420 0.0177785 30 0.0177785 
472 414 0.00826478 30 0.00826478 
354 433 0.0138414 30 0.0138414 
458 322 0.00189043 30 0.00189043 
33 289 0.0123462 30 0.0123462 
312 348 0.0100004 30 0.0100004 
508 213 0.00416249 30 0.00416249 
339 317 0.0277788 30 0.0277788 
565 281 0.0236695 30 0.0236695 
296 207 0.0277788 30 0.0277788 
563 316 0.0156256 30 0.0156256 
32 321 0.00510224 30 0.00510224 
245 359 0.00216341 30 0.00216341 
331 218 0.0012312 29 0.0012312 
75 345 0.0039064 29 0.0039064 
441 284 0.00640025 29 0.00640025 
592 328 0.0138414 29 0.0138414 
310 327 0.00640025 29 0.00640025 
196 345 0.0138414 29 0.0138414 
362 243 0.0277788 29 0.0277788 
204 444 0.00277019 29 0.00277019 
391 144 0.00591739 29 0.00591739 
43 230 0.00160006 29 0.00160006 
520 342 0.00591739 29 0.00591739 
260 344 0.0123462 29 0.0123462 
242 274 0.0277788 29 0.0277788 
393 154 0.00640025 29 0.00640025 
49 379 0.00237963 29 0.00237963 
411 295 0.00907064 29 0.00907064 
578 446 0.00756173 29 0.00756173 
591 415 0.00475643 29 0.00475643 
69 381 0.00114914 29 0.00114914 
382 445 0.00475643 29 0.00475643 
591 418 0.0177785 29 0.0177785 
227 459 0.0330591 29 0.0330591 
510 347 0.00206619 29 0.00206619 
241 351 0.0277788 29 0.0277788 
58 255 0.00907064 29 0.00907064 
562 410 0.0156256 29 0.0156256 
568 344 0.00137179 29 0.00137179 
433 423 0.00694471 29 0.00694471 
63 363 0.0177785 29 0.0177785 
344 447 0.0330591 28 0.0330591 
194 297 0.000674676 28 0.000674676 
324 338 0.0156256 28 0.0156256 
537 415 0.0277788 28 0.0277788 
303 326 0.00591739 28 0.00591739 
399 108 0.0330591 28 0.0330591 
514 365 0.00640025 28 0.00640025 
521 350 0.00510224 28 0.00510224 
512 310 0.00640025 28 0.00640025 
421 202 0.0330591 28 0.0330591 
565 414 0.000674676 28 0.000674676 
609 224 0.0330591 28 0.0330591 
471 424 0.00367324 28 0.00367324 
331 244 0.0330591 28 0.0330591 
177 343 0.0236695 28 0.0236695 
14 416 0.0236695 28 0.0236695 
244 367 0.0138414 28 0.0138414 
516 293 0.0330591 28 0.0330591 
160 301 0.0330591 28 0.0330591 
33 429 0.00907064 28 0.00907064 
452 417 0.00189043 28 0.00189043 
560 367 0.0204089 28 0.0204089 
518 333 0.00826478 28 0.00826478 
534 420 0.0009766 28 0.0009766 
394 417 0.00107502 28 0.00107502 
309 426 0.00548718 28 0.00548718 
258 400 0.00591739 28 0.00591739 
418 288 0.00346034 28 0.00346034 
404 216 0.0177785 28 0.0177785 
587 351 0.0277788 28 0.0277788 
511 352 0.0330591 28 0.0330591 
234 346 0.0330591 28 0.0330591 
432 243 0.0100004 28 0.0100004 
121 376 0.0123462 28 0.0123462 
569 459 0.0330591 28 0.0330591 
153 302 0.00132236 27 0.00132236 
229 317 0.0138414 27 0.0138414 
260 349 0.0156256 27 0.0156256 
495 420 0.00308654 27 0.00308654 
317 370 0.00226766 27 0.00226766 
63 442 0.0138414 27 0.0138414 
83 225 0.0330591 27 0.0330591 
301 335 0.0330591 27 0.0330591 
545 281 0.0100004 27 0.0100004 
396 113 0.0123462 27 0.0123462 
242 432 0.0025001 27 0.0025001 
573 452 0.0204089 27 0.0204089 
347 362 0.0110808 27 0.0110808 
80 375 0.00111115 27 0.00111115 
233 379 0.00756173 27 0.00756173 
397 397 0.0236695 27 0.0236695 
358 432 0.00326543 27 0.00326543 
344 376 0.0039064 27 0.0039064 
408 407 0.00548718 27 0.00548718 
287 239 0.00826478 27 0.00826478 
388 424 0.00153793 27 0.00153793 
218 369 0.00216341 27 0.00216341 
511 249 0.00226766 26 0.00226766 
281 278 0.0123462 26 0.0123462 
603 433 0.0236695 26 0.0236695 
236 245 0.00591739 26 0.00591739 
385 92 0.0156256 26 0.0156256 
425 295 0.00907064 26 0.00907064 
151 434 0.00277019 26 0.00277019 
561 264 0.00153793 26 0.00153793 
386 164 0.0236695 26 0.0236695 
53 254 0.00114914 26 0.00114914 
320 237 0.00640025 26 0.00640025 
232 370 0.00100785 26 0.00100785 
336 279 0.0012312 26 0.0012312 
336 367 0.00308654 26 0.00308654 
353 224 0.00160006 26 0.00160006 
603 335 0.0204089 26 0.0204089 
229 418 0.0156256 26 0.0156256 
351 241 0.0110808 26 0.0110808 
115 445 0.0123462 26 0.0123462 
583 431 0.00475643 26 0.00475643 
584 392 0.00262995 26 0.00262995 
511 348 0.0277788 26 0.0277788 
576 451 0.0236695 26 0.0236695 
355 191 0.0177785 26 0.0177785 
119 372 0.00226766 26 0.00226766 
569 281 0.0100004 26 0.0100004 
600 282 0.0100004 26 0.0100004 
297 357 0.000377053 26 0.000377053 
291 317 0.0100004 26 0.0100004 
369 158 0.00346034 26 0.00346034 
463 412 0.00147935 25 0.00147935 
28 439 0.0110808 25 0.0110808 
468 354 0.0110808 25 0.0110808 
563 280 0.0330591 25 0.0330591 
242 363 0.0277788 25 0.0277788 
333 335 0.0330591 25 0.0330591 
311 335 0.0330591 25 0.0330591 
608 220 0.0177785 25 0.0177785 
430 415 0.00197538 25 0.00197538 
563 335 0.0177785 25 0.0177785 
514 422 0.00153793 25 0.00153793 
404 284 0.0330591 25 0.0330591 
575 253 0.0138414 25 0.0138414 
21 279 0.0123462 25 0.0123462 
250 397 0.0236695 25 0.0236695 
85 357 0.0236695 25 0.0236695 
354 424 0.0138414 25 0.0138414 
355 343 0.00756173 25 0.00756173 
369 427 0.0138414 25 0.0138414 
233 395 0.00756173 25 0.00756173 
110 233 0.0330591 25 0.0330591 
75 356 0.0204089 25 0.0204089 
35 368 0.0156256 25 0.0156256 
318 427 0.00216341 25 0.00216341 
281 281 0.00826478 25 0.00826478 
439 409 0.00181084 25 0.00181084 
500 389 0.00640025 25 0.00640025 
591 309 0.00826478 25 0.00826478 
386 150 0.00308654 25 0.00308654 
301 198 0.0236695 25 0.0236695 
301 377 0.00416249 25 0.00416249 
491 310 0.00907064 25 0.00907064 
528 301 0.00137179 25 0.00137179 
308 396 0.0039064 25 0.0039064 
134 233 0.0236695 25 0.0236695 
538 354 0.00367324 24 0.00367324 
518 292 0.0236695 24 0.0236695 
516 361 0.00444461 24 0.00444461 
421 305 0.000204089 24 0.000204089 
345 420 0.00367324 24 0.00367324 
186 374 0.000891101 24 0.000891101 
528 218 0.00907064 24 0.00907064 
511 339 0.0277788 24 0.0277788 
353 408 0.0123462 24 0.0123462 
408 421 0.00262995 24 0.00262995 
196 333 0.00346034 24 0.00346034 
510 424 0.00907064 24 0.00907064 
573 181 0.0138414 24 0.0138414 
330 348 0.0110808 24 0.0110808 
387 205 0.000946782 24 0.000946782 
26 250 0.0110808 24 0.0110808 
309 353 0.000566915 24 0.000566915 
256 345 0.0100004 24 0.0100004 
256 419 0.0156256 24 0.0156256 
527 338 0.0177785 24 0.0177785 
18 325 0.0177785 24 0.0177785 
528 335 0.00694471 24 0.00694471 
177 307 0.00694471 24 0.00694471 
98 249 0.00308654 24 0.00308654 
375 116 0.0277788 24 0.0277788 
42 225 0.0156256 24 0.0156256 
279 424 0.00756173 24 0.00756173 
356 357 0.00826478 24 0.00826478 
585 282 0.0100004 24 0.0100004 
483 355 0.00308654 24 0.00308654 
114 270 0.00206619 24 0.00206619 
457 225 0.00694471 24 0.00694471 
108 239 0.00640025 24 0.00640025 
80 361 0.0204089 24 0.0204089 
87 231 0.0330591 24 0.0330591 
357 362 0.0100004 24 0.0100004 
194 433 0.0330591 24 0.0330591 
452 389 0.0236695 23 0.0236695 
54 362 0.0156256 23 0.0156256 
134 378 0.000711138 23 0.000711138 
314 190 0.0277788 23 0.0277788 
346 204 0.000566915 23 0.000566915 
601 419 0.0330591 23 0.0330591 
411 388 0.0236695 23 0.0236695 
523 411 0.00153793 23 0.00153793 
468 332 0.00694471 23 0.00694471 
537 420 0.0204089 23 0.0204089 
332 434 0.00416249 23 0.00416249 
203 366 0.0138414 23 0.0138414 
499 216 0.00226766 23 0.00226766 
436 292 0.00444461 23 0.00444461 
549 222 0.0138414 23 0.0138414 
92 436 0.00416249 23 0.00416249 
226 270 0.00694471 23 0.00694471 
471 402 0.00326543 23 0.00326543 
477 395 0.00694471 23 0.00694471 
583 404 0.00416249 23 0.00416249 
353 272 0.00206619 23 0.00206619 
168 440 0.0236695 23 0.0236695 
506 344 0.0330591 23 0.0330591 
39 358 0.0123462 23 0.0123462 
152 295 0.00197538 23 0.00197538 
59 329 0.0330591 23 0.0330591 
154 314 0.000816358 23 0.000816358 
558 306 0.000377053 23 0.000377053 
58 368 0.00308654 23 0.00308654 
229 444 0.0138414 23 0.0138414 
402 333 0.0330591 23 0.0330591 
399 234 0.0156256 23 0.0156256 
213 226 0.00907064 23 0.00907064 
206 438 0.0039064 23 0.0039064 
589 338 0.0123462 23 0.0123462 
489 331 0.00591739 23 0.00591739 
349 320 0.0138414 23 0.0138414 
591 412 0.00216341 23 0.00216341 
248 279 0.0177785 23 0.0177785 
354 420 0.0138414 23 0.0138414 
361 268 0.00262995 23 0.00262995 
226 211 0.000505006 23 0.000505006 
113 423 0.0156256 23 0.0156256 
344 242 0.0138414 23 0.0138414 
59 397 0.00826478 23 0.00826478 
166 431 0.00197538 23 0.00197538 
598 424 0.0138414 23 0.0138414 
144 304 0.0330591 23 0.0330591 
16 281 0.00756173 22 0.00756173 
363 326 0.0204089 22 0.0204089 
22 252 0.00591739 22 0.00591739 
386 437 0.00907064 22 0.00907064 
37 420 0.0138414 22 0.0138414 
58 379 0.00756173 22 0.00756173 
410 284 0.00907064 22 0.00907064 
573 406 0.00104062 22 0.00104062 
67 234 0.0110808 22 0.0110808 
98 240 0.00475643 22 0.00475643 
372 332 0.0330591 22 0.0330591 
71 381 0.00189043 22 0.00189043 
52 359 0.0277788 22 0.0277788 
482 261 0.0009766 22 0.0009766 
106 323 0.0123462 22 0.0123462 
367 116 0.0177785 22 0.0177785 
46 264 0.0156256 22 0.0156256 
157 316 0.0123462 22 0.0123462 
471 258 0.00142405 22 0.00142405 
558 311 0.00591739 22 0.00591739 
389 107 0.00444461 22 0.00444461 
421 380 0.0330591 22 0.0330591 
371 442 0.00189043 22 0.00189043 
575 416 0.0204089 22 0.0204089 
549 397 0.0204089 22 0.0204089 
294 210 0.0156256 22 0.0156256 
131 311 0.00308654 22 0.00308654 
587 207 0.00475643 22 0.00475643 
322 420 0.0236695 22 0.0236695 
331 422 0.0100004 22 0.0100004 
64 249 0.00127556 22 0.00127556 
434 365 0.0156256 22 0.0156256 
565 189 0.0236695 22 0.0236695 
230 362 0.0110808 22 0.0110808 
394 281 0.00510224 22 0.00510224 
296 215 0.0277788 22 0.0277788 
355 456 0.0138414 22 0.0138414 
230 267 0.0110808 22 0.0110808 
594 407 0.00694471 22 0.00694471 
361 364 0.00100785 22 0.00100785 
132 293 0.0204089 22 0.0204089 
53 245 0.00166604 21 0.00166604 
229 431 0.0156256 21 0.0156256 
100 249 0.0123462 21 0.0123462 
561 246 0.0204089 21 0.0204089 
56 264 0.0156256 21 0.0156256 
309 372 0.000657487 21 0.000657487 
603 283 0.0123462 21 0.0123462 
96 376 0.00262995 21 0.00262995 
194 426 0.0330591 21 0.0330591 
268 336 0.0204089 21 0.0204089 
586 431 0.0330591 21 0.0330591 
207 358 0.00308654 21 0.00308654 
83 371 0.0110808 21 0.0110808 
271 298 0.0277788 21 0.0277788 
583 234 0.00694471 21 0.00694471 
231 237 0.00237963 21 0.00237963 
400 199 0.0039064 21 0.0039064 
544 424 0.00694471 21 0.00694471 
155 425 0.0236695 21 0.0236695 
593 381 0.0138414 21 0.0138414 
163 419 0.0277788 21 0.0277788 
565 273 0.0236695 21 0.0236695 
556 399 0.0138414 21 0.0138414 
568 322 0.0012312 21 0.0012312 
182 378 0.000730488 21 0.000730488 
140 364 0.00277019 21 0.00277019 
348 202 0.00308654 21 0.00308654 
399 119 0.0277788 21 0.0277788 
242 365 0.00181084 21 0.00181084 
158 286 0.00591739 21 0.00591739 
574 368 0.0236695 21 0.0236695 
320 357 0.0138414 21 0.0138414 
360 224 0.00189043 21 0.00189043 
550 423 0.0123462 21 0.0123462 
513 418 0.000918309 21 0.000918309 
582 337 0.00147935 21 0.00147935 
428 289 0.00160006 21 0.00160006 
75 343 0.0156256 21 0.0156256 
524 415 0.000840192 21 0.000840192 
579 328 0.0236695 21 0.0236695 
126 237 0.0330591 21 0.0330591 
79 433 0.0123462 21 0.0123462 
83 339 0.0156256 21 0.0156256 
220 275 0.00367324 21 0.00367324 
200 334 0.0277788 21 0.0277788 
45 267 0.00189043 21 0.00189043 
27 370 0.00444461 21 0.00444461 
519 328 0.00277019 21 0.00277019 
535 398 0.00510224 20 0.00510224 
570 356 0.0177785 20 0.0177785 
89 414 0.00326543 20 0.00326543 
146 234 0.0204089 20 0.0204089 
346 369 0.0138414 20 0.0138414 
568 203 0.0138414 20 0.0138414 
436 409 0.00326543 20 0.00326543 
342 336 0.0177785 20 0.0177785 
329 420 0.00107502 20 0.00107502 
256 351 0.0100004 20 0.0100004 
456 360 0.0009766 20 0.0009766 
469 365 0.0138414 20 0.0138414 
302 396 0.00367324 20 0.00367324 
376 334 0.0177785 20 0.0177785 
511 347 0.00907064 20 0.00907064 
461 350 0.00147935 20 0.00147935 
595 280 0.00694471 20 0.00694471 
26 279 0.0330591 20 0.0330591 
283 452 0.0204089 20 0.0204089 
351 273 0.00189043 20 0.00189043 
348 200 0.000505006 20 0.000505006 
577 351 0.00548718 20 0.00548718 
252 358 0.000640948 20 0.000640948 
217 277 0.000750639 20 0.000750639 
511 189 0.0123462 20 0.0123462 
303 235 0.0330591 20 0.0330591 
584 394 0.0277788 20 0.0277788 
372 308 0.00326543 20 0.00326543 
167 276 0.00197538 20 0.00197538 
192 252 0.0110808 20 0.0110808 
365 158 0.0177785 20 0.0177785 
360 303 0.0204089 20 0.0204089 
377 118 0.00114914 20 0.00114914 
114 207 0.0236695 20 0.0236695 
392 287 0.0039064 20 0.0039064 
235 411 0.0277788 20 0.0277788 
467 175 0.00548718 20 0.00548718 
351 360 0.00189043 20 0.00189043 
598 281 0.00826478 20 0.00826478 
571 200 0.00346034 20 0.00346034 
393 115 0.00694471 20 0.00694471 
414 348 0.000226138 19 0.000226138 
348 274 0.00173618 19 0.00173618 
232 359 0.00100785 19 0.00100785 
510 380 0.0277788 19 0.0277788 
442 418 0.00277019 19 0.00277019 
465 413 0.000891101 19 0.000891101 
198 431 0.0110808 19 0.0110808 
267 358 0.00262995 19 0.00262995 
56 318 0.00907064 19 0.00907064 
282 319 0.000240379 19 0.000240379 
150 234 0.0156256 19 0.0156256 
522 206 0.0100004 19 0.0100004 
150 246 0.00292195 19 0.00292195 
343 410 0.0277788 19 0.0277788 
109 187 0.0204089 19 0.0204089 
58 437 0.0156256 19 0.0156256 
426 207 0.00907064 19 0.00907064 
590 319 0.0330591 19 0.0330591 
67 240 0.0204089 19 0.0204089 
415 255 0.00640025 19 0.00640025 
581 452 0.0204089 19 0.0204089 
187 349 0.0025001 19 0.0025001 
320 320 0.0177785 19 0.0177785 
164 321 0.00118911 19 0.00118911 
267 393 0.0025001 19 0.0025001 
556 424 0.0156256 19 0.0156256 
385 409 0.00694471 19 0.00694471 
85 449 0.0039064 19 0.0039064 
263 306 0.0138414 19 0.0138414 
69 344 0.0204089 19 0.0204089 
599 368 0.0204089 19 0.0204089 
565 368 0.0204089 19 0.0204089 
217 290 0.0012312 19 0.0012312 
497 405 0.00907064 19 0.00907064 
35 406 0.0236695 19 0.0236695 
609 286 0.0277788 19 0.0277788 
31 406 0.0236695 19 0.0236695 
45 215 0.0012312 19 0.0012312 
273 278 0.00132236 19 0.00132236 
422 388 0.0236695 19 0.0236695 
502 410 0.000553654 19 0.000553654 
531 152 0.00756173 19 0.00756173 
530 278 0.00591739 19 0.00591739 
512 208 0.00756173 19 0.00756173 
275 275 0.00756173 19 0.00756173 
227 294 0.000918309 19 0.000918309 
520 333 0.00326543 19 0.00326543 
400 412 0.00044323 19 0.00044323 
564 256 0.0110808 19 0.0110808 
282 275 0.0039064 19 0.0039064 
426 284 0.00907064 19 0.00907064 
179 438 0.00756173 19 0.00756173 
145 344 0.0156256 19 0.0156256 
305 315 0.00206619 19 0.00206619 
170 243 0.0110808 19 0.0110808 
45 228 0.00277019 19 0.00277019 
90 275 0.000609687 19 0.000609687 
475 334 0.00694471 19 0.00694471 
550 286 0.0330591 19 0.0330591 
147 317 0.0025001 19 0.0025001 
27 427 0.00444461 19 0.00444461 
593 442 0.00475643 19 0.00475643 
242 262 0.0236695 19 0.0236695 
340 331 0.00826478 19 0.00826478 
495 375 0.0138414 19 0.0138414 
81 206 0.0138414 19 0.0138414 
35 327 0.00100785 18 0.00100785 
275 316 0.00907064 18 0.00907064 
525 372 0.0177785 18 0.0177785 
396 291 0.00189043 18 0.00189043 
373 133 0.0156256 18 0.0156256 
25 327 0.00262995 18 0.00262995 
606 285 0.0177785 18 0.0177785 
206 344 0.0236695 18 0.0236695 
343 214 0.000730488 18 0.000730488 
456 366 0.000918309 18 0.000918309 
420 252 0.0236695 18 0.0236695 
256 304 0.00907064 18 0.00907064 
67 225 0.00475643 18 0.00475643 
19 322 0.0236695 18 0.0236695 
548 271 0.00510224 18 0.00510224 
27 272 0.0330591 18 0.0330591 
326 327 0.00308654 18 0.00308654 
475 182 0.00277019 18 0.00277019 
497 396 0.0100004 18 0.0100004 
237 228 0.00510224 18 0.00510224 
51 254 0.00694471 18 0.00694471 
353 379 0.0138414 18 0.0138414 
516 435 0.00142405 18 0.00142405 
24 417 0.0236695 18 0.0236695 
233 401 0.0138414 18 0.0138414 
28 261 0.0123462 18 0.0123462 
239 263 0.0236695 18 0.0236695 
192 451 0.0177785 18 0.0177785 
241 280 0.0330591 18 0.0330591 
482 372 0.0236695 18 0.0236695 
289 281 0.0330591 18 0.0330591 
300 391 0.00640025 18 0.00640025 
45 320 0.00262995 18 0.00262995 
143 307 0.0177785 18 0.0177785 
427 361 0.000336685 18 0.000336685 
308 377 0.00510224 18 0.00510224 
554 279 0.00591739 18 0.00591739 
280 264 0.0177785 18 0.0177785 
395 449 0.00826478 18 0.00826478 
164 254 0.0138414 18 0.0138414 
516 429 0.0039064 18 0.0039064 
553 331 0.000674676 18 0.000674676 
308 235 0.0100004 18 0.0100004 
164 346 0.0110808 18 0.0110808 
556 417 0.0156256 18 0.0156256 
423 294 0.00444461 18 0.00444461 
100 230 0.0110808 18 0.0110808 
476 439 0.00591739 18 0.00591739 
369 263 0.00346034 18 0.00346034 
122 343 0.0156256 18 0.0156256 
109 263 0.00118911 18 0.00118911 
567 185 0.0277788 18 0.0277788 
281 448 0.0330591 18 0.0330591 
38 262 0.00326543 18 0.00326543 
382 124 0.0138414 18 0.0138414 
432 331 0.0330591 18 0.0330591 
20 276 0.00826478 18 0.00826478 
385 177 0.00907064 18 0.00907064 
24 431 0.0110808 18 0.0110808 
286 275 0.00826478 18 0.00826478 
66 444 0.0330591 18 0.0330591 
380 212 0.00142405 18 0.00142405 
586 268 0.00826478 18 0.00826478 
476 197 0.0277788 18 0.0277788 
35 451 0.0110808 18 0.0110808 
133 383 0.0156256 18 0.0156256 
389 114 0.00444461 18 0.00444461 
90 255 0.00756173 17 0.00756173 
56 327 0.0236695 17 0.0236695 
307 320 0.0204089 17 0.0204089 
581 203 0.0123462 17 0.0123462 
173 234 0.0330591 17 0.0330591 
393 424 0.0204089 17 0.0204089 
139 236 0.0138414 17 0.0138414 
108 379 0.00114914 17 0.00114914 
89 340 0.0177785 17 0.0177785 
36 240 0.0110808 17 0.0110808 
15 240 0.0277788 17 0.0277788 
117 206 0.0156256 17 0.0156256 
587 369 0.0204089 17 0.0204089 
14 272 0.0123462 17 0.0123462 
582 368 0.0204089 17 0.0204089 
157 299 0.0156256 17 0.0156256 
64 254 0.00416249 17 0.00416249 
107 436 0.00137179 17 0.00137179 
69 227 0.00216341 17 0.00216341 
153 448 0.0177785 17 0.0177785 
63 396 0.0177785 17 0.0177785 
444 408 0.00206619 17 0.00206619 
160 436 0.00591739 17 0.00591739 
370 157 0.00907064 17 0.00907064 
172 424 0.0330591 17 0.0330591 
33 444 0.00475643 17 0.00475643 
484 417 0.0138414 17 0.0138414 
38 445 0.00308654 17 0.00308654 
295 222 0.0204089 17 0.0204089 
516 218 0.0025001 17 0.0025001 
323 377 0.0039064 17 0.0039064 
425 256 0.0277788 17 0.0277788 
163 442 0.0236695 17 0.0236695 
14 337 0.00756173 17 0.00756173 
95 425 0.00694471 17 0.00694471 
549 329 0.0025001 17 0.0025001 
133 304 0.00444461 17 0.00444461 
71 226 0.0156256 17 0.0156256 
118 403 0.00510224 17 0.00510224 
20 319 0.0330591 17 0.0330591 
296 351 0.0009766 17 0.0009766 
397 140 0.0156256 17 0.0156256 
227 355 0.00591739 17 0.00591739 
441 357 0.0025001 17 0.0025001 
508 192 0.0277788 17 0.0277788 
269 291 0.00104062 17 0.00104062 
434 376 0.0123462 17 0.0123462 
156 328 0.000287285 17 0.000287285 
185 239 0.0177785 17 0.0177785 
587 447 0.00694471 17 0.00694471 
583 412 0.00147935 17 0.00147935 
338 235 0.0177785 17 0.0177785 
585 266 0.0100004 17 0.0100004 
369 109 0.0156256 17 0.0156256 
326 370 0.00591739 17 0.00591739 
469 433 0.0012312 17 0.0012312 
262 243 0.0236695 17 0.0236695 
72 343 0.00308654 17 0.00308654 
223 387 0.0156256 17 0.0156256 
83 394 0.0123462 17 0.0123462 
379 155 0.00173618 17 0.00173618 
383 164 0.0156256 17 0.0156256 
442 246 0.00444461 16 0.00444461 
587 271 0.00694471 16 0.00694471 
477 433 0.00756173 16 0.00756173 
243 272 0.00444461 16 0.00444461 
305 192 0.0236695 16 0.0236695 
426 417 0.0330591 16 0.0330591 
548 441 0.0110808 16 0.0110808 
46 301 0.0204089 16 0.0204089 
576 318 0.0204089 16 0.0204089 
294 371 0.00907064 16 0.00907064 
485 179 0.0236695 16 0.0236695 
522 351 0.00104062 16 0.00104062 
439 389 0.0236695 16 0.0236695 
153 236 0.0110808 16 0.0110808 
388 172 0.0277788 16 0.0277788 
350 248 0.0236695 16 0.0236695 
295 364 0.000657487 16 0.000657487 
48 276 0.00694471 16 0.00694471 
564 272 0.00292195 16 0.00292195 
364 305 0.00826478 16 0.00826478 
240 274 0.0039064 16 0.0039064 
122 328 0.00206619 16 0.00206619 
278 227 0.0236695 16 0.0236695 
528 320 0.00694471 16 0.00694471 
543 408 0.0204089 16 0.0204089 
606 392 0.0123462 16 0.0123462 
249 428 0.00142405 16 0.00142405 
565 404 0.0039064 16 0.0039064 
88 231 0.00907064 16 0.00907064 
548 347 0.0138414 16 0.0138414 
312 429 0.00142405 16 0.00142405 
377 154 0.0177785 16 0.0177785 
576 444 0.0236695 16 0.0236695 
288 338 0.0138414 16 0.0138414 
136 332 0.0277788 16 0.0277788 
589 445 0.0236695 16 0.0236695 
604 445 0.0277788 16 0.0277788 
547 226 0.00907064 16 0.00907064 
575 410 0.0204089 16 0.0204089 
232 368 0.00826478 16 0.00826478 
398 152 0.0204089 16 0.0204089 
602 175 0.0177785 16 0.0177785 
167 430 0.0236695 16 0.0236695 
242 362 0.000434044 16 0.000434044 
230 232 0.0138414 16 0.0138414 
34 389 0.0009766 16 0.0009766 
65 246 0.00475643 16 0.00475643 
376 236 0.0177785 16 0.0177785 
205 453 0.0204089 16 0.0204089 
156 233 0.0204089 16 0.0204089 
47 227 0.0204089 16 0.0204089 
402 355 0.000170881 16 0.000170881 
586 355 0.0138414 16 0.0138414 
164 309 0.00197538 16 0.00197538 
173 432 0.0277788 16 0.0277788 
340 319 0.0177785 15 0.0177785 
549 273 0.0236695 15 0.0236695 
462 168 0.0156256 15 0.0156256 
306 403 0.00826478 15 0.00826478 
151 415 0.00826478 15 0.00826478 
286 309 0.0123462 15 0.0123462 
581 273 0.0236695 15 0.0236695 
29 297 0.00907064 15 0.00907064 
562 206 0.0277788 15 0.0277788 
51 298 0.000493846 15 0.000493846 
415 425 0.00166604 15 0.00166604 
434 169 0.0156256 15 0.0156256 
362 210 0.00694471 15 0.00694471 
294 218 0.0156256 15 0.0156256 
60 258 0.00308654 15 0.00308654 
147 448 0.00756173 15 0.00756173 
440 339 0.0123462 15 0.0123462 
519 387 0.00226766 15 0.00226766 
373 453 0.0156256 15 0.0156256 
364 233 0.00326543 15 0.00326543 
396 388 0.0277788 15 0.0277788 
308 414 0.0025001 15 0.0025001 
200 350 0.00640025 15 0.00640025 
360 368 0.00226766 15 0.00226766 
394 156 0.0277788 15 0.0277788 
547 166 0.0330591 15 0.0330591 
127 235 0.00826478 15 0.00826478 
169 366 0.00262995 15 0.00262995 
229 243 0.0100004 15 0.0100004 
469 377 0.0110808 15 0.0110808 
135 340 0.0330591 15 0.0330591 
21 177 0.0277788 15 0.0277788 
332 409 0.0039064 15 0.0039064 
166 358 0.0277788 15 0.0277788 
100 420 0.0156256 15 0.0156256 
219 369 0.00107502 15 0.00107502 
307 192 0.0277788 15 0.0277788 
477 313 0.0330591 15 0.0330591 
440 360 0.00591739 15 0.00591739 
115 230 0.0100004 15 0.0100004 
398 291 0.00367324 15 0.00367324 
374 360 0.000580658 15 0.000580658 
535 355 0.0330591 15 0.0330591 
257 307 0.00308654 15 0.00308654 
548 392 0.00262995 15 0.00262995 
339 297 0.00444461 15 0.00444461 
508 397 0.00262995 15 0.00262995 
183 373 0.00153793 15 0.00153793 
180 434 0.00308654 15 0.00308654 
52 281 0.00756173 15 0.00756173 
432 438 0.0330591 15 0.0330591 
207 327 0.0156256 15 0.0156256 
473 410 0.00111115 15 0.00111115 
579 400 0.00416249 15 0.00416249 
18 382 0.0204089 15 0.0204089 
553 372 0.000425141 15 0.000425141 
366 371 0.0236695 15 0.0236695 
207 360 0.00907064 15 0.00907064 
57 351 0.0204089 15 0.0204089 
303 307 0.0156256 15 0.0156256 
371 119 0.0110808 15 0.0110808 
446 218 0.00277019 15 0.00277019 
59 437 0.00756173 15 0.00756173 
482 254 0.000771635 15 0.000771635 
502 449 0.00475643 15 0.00475643 
561 419 0.00137179 15 0.00137179 
355 401 0.00907064 15 0.00907064 
553 389 0.00907064 15 0.00907064 
497 422 0.0100004 15 0.0100004 
478 382 0.00907064 15 0.00907064 
159 371 0.00137179 15 0.00137179 
133 270 0.0123462 15 0.0123462 
420 404 0.00548718 15 0.00548718 
355 361 0.0039064 15 0.0039064 
163 426 0.0236695 15 0.0236695 
536 424 0.00591739 15 0.00591739 
102 453 0.0236695 15 0.0236695 
483 385 0.0330591 15 0.0330591 
91 237 0.0330591 15 0.0330591 
362 150 0.0138414 15 0.0138414 
255 340 0.00548718 15 0.00548718 
276 440 0.00262995 15 0.00262995 
416 331 0.0236695 15 0.0236695 
360 224 0.0110808 15 0.0110808 
408 289 0.00277019 15 0.00277019 
78 244 0.0330591 15 0.0330591 
232 300 0.0236695 14 0.0236695 
253 371 0.000674676 14 0.000674676 
33 424 0.00756173 14 0.00756173 
116 238 0.0100004 14 0.0100004 
519 370 0.0123462 14 0.0123462 
255 337 0.00444461 14 0.00444461 
519 449 0.00367324 14 0.00367324 
323 210 0.00216341 14 0.00216341 
512 364 0.0204089 14 0.0204089 
580 199 0.00132236 14 0.00132236 
239 323 0.00326543 14 0.00326543 
389 365 0.0177785 14 0.0177785 
313 422 0.0110808 14 0.0110808 
457 158 0.0100004 14 0.0100004 
256 320 0.0204089 14 0.0204089 
162 354 0.0236695 14 0.0236695 
131 372 0.00137179 14 0.00137179 
156 312 0.00640025 14 0.00640025 
77 436 0.0204089 14 0.0204089 
358 237 0.0204089 14 0.0204089 
27 391 0.00277019 14 0.00277019 
316 215 0.00444461 14 0.00444461 
470 393 0.0100004 14 0.0100004 
88 217 0.000711138 14 0.000711138 
444 279 0.0204089 14 0.0204089 
472 354 0.00907064 14 0.00907064 
180 333 0.0236695 14 0.0236695 
142 281 0.0204089 14 0.0204089 
553 409 0.000425141 14 0.000425141 
309 306 0.0110808 14 0.0110808 
178 324 0.00216341 14 0.00216341 
518 298 0.0100004 14 0.0100004 
315 219 0.00197538 14 0.00197538 
432 203 0.00444461 14 0.00444461 
165 288 0.0123462 14 0.0123462 
330 315 0.00694471 14 0.00694471 
522 198 0.00756173 14 0.00756173 
121 371 0.0110808 14 0.0110808 
57 226 0.0236695 14 0.0236695 
437 342 0.0204089 14 0.0204089 
451 287 0.0204089 14 0.0204089 
167 434 0.0236695 14 0.0236695 
360 406 0.00510224 14 0.00510224 
574 402 0.00326543 14 0.00326543 
425 392 0.000207037 14 0.000207037 
533 372 0.00694471 14 0.00694471 
364 150 0.0110808 14 0.0110808 
259 445 0.00326543 14 0.00326543 
547 363 0.00907064 14 0.00907064 
568 390 0.0177785 14 0.0177785 
342 454 0.0177785 14 0.0177785 
532 346 0.00189043 14 0.00189043 
405 454 0.0330591 14 0.0330591 
305 378 0.0039064 14 0.0039064 
516 398 0.00416249 14 0.00416249 
444 321 0.000918309 14 0.000918309 
88 257 0.00308654 14 0.00308654 
193 234 0.00548718 14 0.00548718 
488 387 0.00548718 14 0.00548718 
510 275 0.0330591 14 0.0330591 
574 404 0.0138414 14 0.0138414 
395 396 0.00548718 14 0.00548718 
336 352 0.00277019 14 0.00277019 
528 384 0.00416249 14 0.00416249 
112 221 0.0156256 14 0.0156256 
379 89 0.0277788 14 0.0277788 
363 366 0.00189043 14 0.00189043 
381 123 0.0330591 14 0.0330591 
259 382 0.0277788 14 0.0277788 
570 350 0.00510224 14 0.00510224 
530 343 0.0039064 14 0.0039064 
601 388 0.0330591 14 0.0330591 
398 159 0.0204089 13 0.0204089 
541 266 0.00591739 13 0.00591739 
264 281 0.00107502 13 0.00107502 
152 360 0.000553654 13 0.000553654 
520 355 0.0025001 13 0.0025001 
217 225 0.000946782 13 0.000946782 
275 360 0.00044323 13 0.00044323 
575 341 0.0204089 13 0.0204089 
286 279 0.00591739 13 0.00591739 
321 430 0.0156256 13 0.0156256 
218 375 0.0123462 13 0.0123462 
190 375 0.0123462 13 0.0123462 
245 402 0.0236695 13 0.0236695 
383 279 0.0330591 13 0.0330591 
115 431 0.0123462 13 0.0123462 
48 439 0.0138414 13 0.0138414 
583 262 0.0138414 13 0.0138414 
573 346 0.00326543 13 0.00326543 
599 420 0.0204089 13 0.0204089 
305 342 0.000609687 13 0.000609687 
188 349 0.00756173 13 0.00756173 
472 374 0.00346034 13 0.00346034 
129 444 0.0123462 13 0.0123462 
226 449 0.0330591 13 0.0330591 
340 300 0.00510224 13 0.00510224 
47 272 0.0039064 13 0.0039064 
515 192 0.0277788 13 0.0277788 
215 266 0.0138414 13 0.0138414 
295 440 0.00153793 13 0.00153793 
340 204 0.0204089 13 0.0204089 
283 291 0.0156256 13 0.0156256 
62 251 0.0156256 13 0.0156256 
484 207 0.0204089 13 0.0204089 
599 390 0.0204089 13 0.0204089 
418 328 0.00031889 13 0.00031889 
272 218 0.00111115 13 0.00111115 
365 174 0.0110808 13 0.0110808 
327 409 0.0330591 13 0.0330591 
307 359 0.00111115 13 0.00111115 
291 213 0.00826478 13 0.00826478 
360 307 0.0123462 13 0.0123462 
384 406 0.00206619 13 0.00206619 
277 233 0.00292195 13 0.00292195 
397 445 0.00548718 13 0.00548718 
243 358 0.0100004 13 0.0100004 
202 426 0.00591739 13 0.00591739 
347 325 0.00826478 13 0.00826478 
60 397 0.0039064 13 0.0039064 
191 421 0.00107502 13 0.00107502 
482 424 0.00142405 13 0.00142405 
505 201 0.00147935 13 0.00147935 
526 381 0.0277788 13 0.0277788 
527 427 0.0236695 13 0.0236695 
351 191 0.0100004 13 0.0100004 
563 345 0.0177785 13 0.0177785 
548 293 0.0330591 13 0.0330591 
274 281 0.0277788 13 0.0277788 
544 293 0.0330591 13 0.0330591 
341 303 0.00591739 13 0.00591739 
389 165 0.0330591 13 0.0330591 
427 290 0.00292195 13 0.00292195 
578 198 0.0277788 13 0.0277788 
491 362 0.00907064 13 0.00907064 
267 368 0.00346034 13 0.00346034 
554 277 0.0025001 13 0.0025001 
551 361 0.00640025 13 0.00640025 
388 269 0.00127556 13 0.00127556 
583 344 0.00510224 13 0.00510224 
87 323 0.00907064 13 0.00907064 
527 279 0.00694471 13 0.00694471 
484 314 0.00367324 13 0.00367324 
535 343 0.00100785 13 0.00100785 
283 305 0.00640025 13 0.00640025 
402 292 0.0204089 13 0.0204089 
286 291 0.0025001 13 0.0025001 
575 347 0.0236695 12 0.0236695 
449 331 0.00044323 12 0.00044323 
12 311 0.0177785 12 0.0177785 
398 436 0.00206619 12 0.00206619 
563 416 0.0138414 12 0.0138414 
131 254 0.00277019 12 0.00277019 
482 283 0.00277019 12 0.00277019 
578 373 0.00826478 12 0.00826478 
403 257 0.0330591 12 0.0330591 
434 286 0.00308654 12 0.00308654 
395 388 0.00640025 12 0.00640025 
373 408 0.00694471 12 0.00694471 
8 405 0.0277788 12 0.0277788 
66 431 0.0330591 12 0.0330591 
401 329 0.0277788 12 0.0277788 
550 269 0.0330591 12 0.0330591 
26 232 0.00907064 12 0.00907064 
525 424 0.0138414 12 0.0138414 
440 371 0.00591739 12 0.00591739 
256 363 0.000146929 12 0.000146929 
162 279 0.0330591 12 0.0330591 
267 375 0.00147935 12 0.00147935 
351 366 0.00640025 12 0.00640025 
543 286 0.0330591 12 0.0330591 
366 414 0.00127556 12 0.00127556 
34 362 0.0123462 12 0.0123462 
536 174 0.0138414 12 0.0138414 
370 294 0.0330591 12 0.0330591 
153 440 0.00444461 12 0.00444461 
295 367 0.0009766 12 0.0009766 
428 267 0.00907064 12 0.00907064 
289 259 0.0123462 12 0.0123462 
331 389 0.0110808 12 0.0110808 
282 293 0.00308654 12 0.00308654 
516 284 0.0204089 12 0.0204089 
553 388 0.00416249 12 0.00416249 
474 172 0.0100004 12 0.0100004 
74 406 0.0156256 12 0.0156256 
399 404 0.0177785 12 0.0177785 
423 226 0.00826478 12 0.00826478 
407 417 0.00104062 12 0.00104062 
46 406 0.0177785 12 0.0177785 
482 387 0.0236695 12 0.0236695 
72 447 0.0277788 12 0.0277788 
180 422 0.00475643 12 0.00475643 
583 270 0.00237963 12 0.00237963 
291 292 0.0236695 12 0.0236695 
194 276 0.00206619 12 0.00206619 
470 229 0.0156256 12 0.0156256 
171 288 0.00160006 12 0.00160006 
441 404 0.00548718 12 0.00548718 
349 205 0.00826478 12 0.00826478 
189 411 0.0330591 12 0.0330591 
524 377 0.00173618 12 0.00173618 
251 338 0.0039064 12 0.0039064 
433 316 0.000156256 12 0.000156256 
591 286 0.0277788 12 0.0277788 
209 253 0.0100004 12 0.0100004 
596 445 0.0236695 12 0.0236695 
276 301 0.00444461 12 0.00444461 
283 326 0.00292195 12 0.00292195 
66 288 0.00346034 12 0.00346034 
303 408 0.00142405 12 0.00142405 
169 371 0.000711138 12 0.000711138 
21 415 0.00367324 12 0.00367324 
65 452 0.0236695 12 0.0236695 
320 420 0.00142405 12 0.00142405 
336 415 0.00694471 12 0.00694471 
85 232 0.00756173 12 0.00756173 
155 247 0.0156256 12 0.0156256 
51 316 0.0277788 12 0.0277788 
93 235 0.0177785 12 0.0177785 
365 237 0.0330591 12 0.0330591 
387 355 0.0025001 12 0.0025001 
525 280 0.00826478 12 0.00826478 
411 362 0.00416249 12 0.00416249 
138 406 0.00444461 12 0.00444461 
98 334 0.00907064 12 0.00907064 
397 161 0.0177785 12 0.0177785 
561 443 0.0236695 12 0.0236695 
357 355 0.00132236 12 0.00132236 
18 428 0.00694471 12 0.00694471 
486 219 0.00416249 12 0.00416249 
390 244 0.00475643 11 0.00475643 
402 219 0.0100004 11 0.0100004 
134 383 0.00226766 11 0.00226766 
452 361 0.00189043 11 0.00189043 
436 161 0.0277788 11 0.0277788 
507 418 0.00262995 11 0.00262995 
599 446 0.00694471 11 0.00694471 
282 399 0.000472608 11 0.000472608 
525 348 0.000891101 11 0.000891101 
59 169 0.0330591 11 0.0330591 
522 281 0.0110808 11 0.0110808 
86 438 0.00826478 11 0.00826478 
516 180 0.00346034 11 0.00346034 
348 236 0.0138414 11 0.0138414 
166 362 0.000384482 11 0.000384482 
456 346 0.00197538 11 0.00197538 
225 163 0.0236695 11 0.0236695 
181 315 0.00367324 11 0.00367324 
472 344 0.0039064 11 0.0039064 
125 301 0.0177785 11 0.0177785 
410 252 0.0204089 11 0.0204089 
494 188 0.0330591 11 0.0330591 
452 155 0.0236695 11 0.0236695 
295 298 0.0330591 11 0.0330591 
417 367 0.00907064 11 0.00907064 
261 363 0.00216341 11 0.00216341 
290 233 0.0138414 11 0.0138414 
359 445 0.00694471 11 0.00694471 
530 249 0.00197538 11 0.00197538 
235 451 0.0236695 11 0.0236695 
580 381 0.0138414 11 0.0138414 
515 303 0.00292195 11 0.00292195 
401 295 0.0156256 11 0.0156256 
281 376 0.000268755 11 0.000268755 
167 341 0.000297277 11 0.000297277 
426 417 0.0009766 11 0.0009766 
342 422 0.0204089 11 0.0204089 
158 323 0.0110808 11 0.0110808 
204 244 0.00444461 11 0.00444461 
491 425 0.00907064 11 0.00907064 
43 424 0.00640025 11 0.00640025 
573 201 0.00694471 11 0.00694471 
425 368 0.000297277 11 0.000297277 
535 345 0.00153793 11 0.00153793 
320 360 0.00137179 11 0.00137179 
59 285 0.00510224 11 0.00510224 
86 321 0.00756173 11 0.00756173 
472 163 0.0204089 11 0.0204089 
312 298 0.0236695 11 0.0236695 
404 205 0.00694471 11 0.00694471 
587 340 0.00206619 11 0.00206619 
359 247 0.0330591 11 0.0330591 
101 412 0.0204089 11 0.0204089 
303 432 0.00308654 11 0.00308654 
364 142 0.0100004 11 0.0100004 
547 424 0.00444461 11 0.00444461 
392 127 0.00694471 11 0.00694471 
431 263 0.0236695 11 0.0236695 
184 422 0.00416249 11 0.00416249 
115 249 0.000946782 11 0.000946782 
483 154 0.000190257 11 0.000190257 
558 445 0.0138414 11 0.0138414 
526 272 0.0236695 11 0.0236695 
484 203 0.000233096 11 0.000233096 
74 222 0.0138414 11 0.0138414 
61 182 0.0236695 11 0.0236695 
574 279 0.00292195 11 0.00292195 
476 388 0.0330591 11 0.0330591 
534 286 0.0277788 11 0.0277788 
435 274 0.00907064 11 0.00907064 
441 345 0.0100004 11 0.0100004 
481 281 0.0025001 11 0.0025001 
335 260 0.000625024 11 0.000625024 
185 379 0.00640025 11 0.00640025 
55 433 0.0156256 11 0.0156256 
401 225 0.00510224 11 0.00510224 
411 389 0.00694471 11 0.00694471 
97 429 0.00907064 11 0.00907064 
471 373 0.00694471 11 0.00694471 
302 398 0.0204089 11 0.0204089 
396 265 0.0330591 11 0.0330591 
432 413 0.00127556 11 0.00127556 
49 432 0.00114914 11 0.00114914 
409 405 0.0156256 11 0.0156256 
550 316 0.0156256 11 0.0156256 
246 285 0.0277788 11 0.0277788 
392 413 0.0039064 11 0.0039064 
376 398 0.00416249 11 0.00416249 
348 216 0.00694471 11 0.00694471 
349 238 0.00694471 11 0.00694471 
52 381 0.00114914 11 0.00114914 
152 274 0.0110808 11 0.0110808 
255 233 0.00416249 11 0.00416249 
551 252 0.00756173 11 0.00756173 
85 284 0.000918309 11 0.000918309 
117 228 0.00756173 11 0.00756173 
421 264 0.00510224 11 0.00510224 
51 431 0.0138414 11 0.0138414 
348 428 0.0138414 11 0.0138414 
485 412 0.00226766 11 0.00226766 
130 332 0.0236695 11 0.0236695 
221 229 0.00111115 10 0.00111115 
458 374 0.0330591 10 0.0330591 
369 190 0.0177785 10 0.0177785 
570 206 0.0277788 10 0.0277788 
12 405 0.0204089 10 0.0204089 
555 299 0.0110808 10 0.0110808 
586 373 0.00826478 10 0.00826478 
308 398 0.0204089 10 0.0204089 
426 432 0.0204089 10 0.0204089 
100 382 0.00548718 10 0.00548718 
69 196 0.0204089 10 0.0204089 
359 388 0.00591739 10 0.00591739 
566 178 0.0236695 10 0.0236695 
263 328 0.00475643 10 0.00475643 
554 268 0.00197538 10 0.00197538 
513 268 0.0156256 10 0.0156256 
124 423 0.00346034 10 0.00346034 
361 110 0.0177785 10 0.0177785 
178 374 0.00591739 10 0.00591739 
53 396 0.0204089 10 0.0204089 
527 229 0.00197538 10 0.00197538 
593 393 0.00308654 10 0.00308654 
595 286 0.0277788 10 0.0277788 
563 390 0.0156256 10 0.0156256 
66 322 0.0277788 10 0.0277788 
547 187 0.0039064 10 0.0039064 
389 272 0.0330591 10 0.0330591 
186 319 0.00548718 10 0.00548718 
513 286 0.0236695 10 0.0236695 
534 271 0.00160006 10 0.00160006 
255 340 0.00153793 10 0.00153793 
399 415 0.00367324 10 0.00367324 
421 223 0.00510224 10 0.00510224 
506 180 0.00367324 10 0.00367324 
63 375 0.0177785 10 0.0177785 
334 384 0.0110808 10 0.0110808 
138 264 0.0123462 10 0.0123462 
514 265 0.0123462 10 0.0123462 
548 422 0.00237963 10 0.00237963 
341 364 0.0177785 10 0.0177785 
17 350 0.0204089 10 0.0204089 
604 356 0.0177785 10 0.0177785 
397 423 0.0100004 10 0.0100004 
260 240 0.0123462 10 0.0123462 
515 188 0.00907064 10 0.00907064 
483 201 0.000226138 10 0.000226138 
61 286 0.00444461 10 0.00444461 
65 245 0.0025001 10 0.0025001 
591 308 0.0204089 10 0.0204089 
256 336 0.0204089 10 0.0204089 
588 234 0.00416249 10 0.00416249 
121 259 0.00189043 10 0.00189043 
438 278 0.00756173 10 0.00756173 
71 212 0.00694471 10 0.00694471 
223 394 0.00367324 10 0.00367324 
457 189 0.00181084 10 0.00181084 
219 340 0.0156256 10 0.0156256 
244 388 0.00444461 10 0.00444461 
310 363 0.000540854 10 0.000540854 
406 255 0.0236695 10 0.0236695 
371 356 0.00173618 10 0.00173618 
598 348 0.0138414 10 0.0138414 
172 230 0.0012312 10 0.0012312 
120 231 0.0156256 10 0.0156256 
74 260 0.0177785 10 0.0177785 
512 270 0.0177785 10 0.0177785 
134 407 0.000356012 10 0.000356012 
53 453 0.0236695 10 0.0236695 
275 381 0.00118911 10 0.00118911 
529 269 0.0236695 10 0.0236695 
251 298 0.0156256 10 0.0156256 
84 436 0.0277788 10 0.0277788 
159 244 0.0039064 10 0.0039064 
511 438 0.0277788 10 0.0277788 
411 442 0.0236695 10 0.0236695 
121 306 0.0177785 10 0.0177785 
235 313 0.00591739 10 0.00591739 
520 303 0.00510224 10 0.00510224 
354 432 0.00160006 10 0.00160006 
270 277 0.0123462 10 0.0123462 
15 322 0.0100004 10 0.0100004 
290 302 0.00510224 10 0.00510224 
286 440 0.00510224 10 0.00510224 
590 299 0.0110808 10 0.0110808 
254 294 0.0156256 9 0.0156256 
272 452 0.0330591 9 0.0330591 
28 317 0.00206619 9 0.00206619 
154 373 0.00475643 9 0.00475643 
426 201 0.00907064 9 0.00907064 
56 407 0.0204089 9 0.0204089 
352 203 0.0138414 9 0.0138414 
97 414 0.00907064 9 0.00907064 
511 275 0.000528492 9 0.000528492 
345 433 0.00137179 9 0.00137179 
168 410 0.0330591 9 0.0330591 
99 416 0.0123462 9 0.0123462 
503 369 0.00416249 9 0.00416249 
302 435 0.00166604 9 0.00166604 
569 180 0.00907064 9 0.00907064 
230 401 0.00907064 9 0.00907064 
21 350 0.0204089 9 0.0204089 
55 325 0.0277788 9 0.0277788 
270 360 0.000192909 9 0.000192909 
225 385 0.00475643 9 0.00475643 
416 269 0.00206619 9 0.00206619 
79 203 0.00826478 9 0.00826478 
393 270 0.0204089 9 0.0204089 
390 289 0.00826478 9 0.00826478 
467 154 0.00907064 9 0.00907064 
114 189 0.0277788 9 0.0277788 
61 322 0.00444461 9 0.00444461 
61 384 0.000793524 9 0.000793524 
547 324 0.00756173 9 0.00756173 
115 320 0.00756173 9 0.00756173 
535 407 0.000891101 9 0.000891101 
226 298 0.00756173 9 0.00756173 
39 303 0.0236695 9 0.0236695 
424 285 0.0039064 9 0.0039064 
428 273 0.00510224 9 0.00510224 
460 146 0.00756173 9 0.00756173 
256 350 0.00292195 9 0.00292195 
389 422 0.0138414 9 0.0138414 
48 435 0.00237963 9 0.00237963 
522 160 0.00262995 9 0.00262995 
36 244 0.00416249 9 0.00416249 
539 423 0.000793524 9 0.000793524 
580 269 0.0330591 9 0.0330591 
105 400 0.0177785 9 0.0177785 
549 393 0.0177785 9 0.0177785 
43 405 0.0138414 9 0.0138414 
562 209 0.0156256 9 0.0156256 
376 287 0.0330591 9 0.0330591 
457 303 0.00591739 9 0.00591739 
586 349 0.0177785 9 0.0177785 
209 307 0.00591739 9 0.00591739 
381 434 0.00277019 9 0.00277019 
40 321 0.00367324 9 0.00367324 
252 409 0.00640025 9 0.00640025 
547 299 0.0110808 9 0.0110808 
469 373 0.00277019 9 0.00277019 
582 255 0.00137179 9 0.00137179 
117 319 0.00640025 9 0.00640025 
342 305 0.00640025 9 0.00640025 
387 180 0.00591739 9 0.00591739 
465 439 0.00694471 9 0.00694471 
302 254 0.0039064 9 0.0039064 
449 363 0.000730488 9 0.000730488 
254 328 0.00510224 9 0.00510224 
587 286 0.0277788 9 0.0277788 
233 200 0.0330591 9 0.0330591 
559 343 0.00277019 9 0.00277019 
486 407 0.00100785 9 0.00100785 
156 381 0.000640948 9 0.000640948 
521 318 0.0025001 9 0.0025001 
268 355 0.000362826 9 0.000362826 
541 256 0.0236695 9 0.0236695 
208 305 0.00510224 9 0.00510224 
35 328 0.0025001 9 0.0025001 
317 243 0.000264403 9 0.000264403 
133 382 0.000408137 9 0.000408137 
202 239 0.0330591 9 0.0330591 
482 199 0.000219487 9 0.000219487 
220 274 0.00181084 9 0.00181084 
586 332 0.00197538 9 0.00197538 
96 231 0.00907064 9 0.00907064 
345 195 0.0177785 9 0.0177785 
423 244 0.0156256 9 0.0156256 
90 289 0.0009766 9 0.0009766 
133 134 0.0177785 9 0.0177785 
468 389 0.0277788 9 0.0277788 
278 322 0.00416249 9 0.00416249 
360 121 0.0177785 9 0.0177785 
431 317 0.000528492 9 0.000528492 
446 352 0.00444461 9 0.00444461 
282 447 0.0204089 9 0.0204089 
535 147 0.0204089 9 0.0204089 
249 379 0.0330591 9 0.0330591 
292 278 0.0138414 9 0.0138414 
141 238 0.00826478 9 0.00826478 
573 380 0.0123462 9 0.0123462 
458 381 0.0330591 9 0.0330591 
517 387 0.0330591 9 0.0330591 
242 286 0.00142405 9 0.00142405 
538 286 0.0277788 9 0.0277788 
113 438 0.00197538 9 0.00197538 
582 445 0.0236695 9 0.0236695 
29 291 0.0177785 9 0.0177785 
121 232 0.00475643 9 0.00475643 
583 282 0.00416249 9 0.00416249 
406 299 0.0100004 9 0.0100004 
560 282 0.0100004 9 0.0100004 
472 310 0.0177785 9 0.0177785 
412 396 0.000277788 9 0.000277788 
277 352 0.00308654 9 0.00308654 
394 203 0.0110808 9 0.0110808 
278 283 0.00104062 9 0.00104062 
311 214 0.00826478 9 0.00826478 
576 299 0.0110808 8 0.0110808 
122 400 0.00346034 8 0.00346034 
322 428 0.00104062 8 0.00104062 
454 302 0.00475643 8 0.00475643 
538 423 0.00181084 8 0.00181084 
399 407 0.0110808 8 0.0110808 
421 436 0.0156256 8 0.0156256 
339 352 0.00160006 8 0.00160006 
419 168 0.0277788 8 0.0277788 
41 330 0.0012312 8 0.0012312 
458 204 0.00826478 8 0.00826478 
572 160 0.0138414 8 0.0138414 
400 263 0.0204089 8 0.0204089 
409 395 0.0156256 8 0.0156256 
531 267 0.0204089 8 0.0204089 
84 242 0.0204089 8 0.0204089 
314 372 0.00548718 8 0.00548718 
231 389 0.00444461 8 0.00444461 
258 375 0.00160006 8 0.00160006 
546 161 0.0110808 8 0.0110808 
101 236 0.00326543 8 0.00326543 
545 262 0.0277788 8 0.0277788 
43 382 0.000946782 8 0.000946782 
324 358 0.0138414 8 0.0138414 
462 305 0.00756173 8 0.00756173 
79 262 0.00756173 8 0.00756173 
501 363 0.000516549 8 0.000516549 
414 420 0.0138414 8 0.0138414 
601 451 0.0177785 8 0.0177785 
223 406 0.0138414 8 0.0138414 
497 200 0.0156256 8 0.0156256 
155 329 0.0100004 8 0.0100004 
340 379 0.0138414 8 0.0138414 
554 275 0.00416249 8 0.00416249 
497 335 0.00308654 8 0.00308654 
570 444 0.0236695 8 0.0236695 
59 339 0.00756173 8 0.00756173 
429 294 0.0123462 8 0.0123462 
574 278 0.0177785 8 0.0177785 
34 398 0.00548718 8 0.00548718 
472 358 0.00308654 8 0.00308654 
406 325 0.0330591 8 0.0330591 
560 268 0.0100004 8 0.0100004 
427 236 0.00907064 8 0.00907064 
52 225 0.0177785 8 0.0177785 
414 366 0.000240379 8 0.000240379 
546 321 0.00197538 8 0.00197538 
375 125 0.00510224 8 0.00510224 
393 160 0.00694471 8 0.00694471 
485 175 0.0236695 8 0.0236695 
366 106 0.00591739 8 0.00591739 
539 385 0.00640025 8 0.00640025 
154 357 0.000287285 8 0.000287285 
40 239 0.000793524 8 0.000793524 
350 214 0.00153793 8 0.00153793 
63 208 0.0236695 8 0.0236695 
247 370 0.000124845 8 0.000124845 
609 213 0.0236695 8 0.0236695 
211 235 0.00189043 8 0.00189043 
381 301 0.00153793 8 0.00153793 
552 286 0.000918309 8 0.000918309 
285 322 0.0330591 8 0.0330591 
543 253 0.0236695 8 0.0236695 
549 304 0.00510224 8 0.00510224 
533 264 0.0236695 8 0.0236695 
59 452 0.00756173 8 0.00756173 
252 439 0.00756173 8 0.00756173 
54 434 0.00756173 8 0.00756173 
85 390 0.00756173 8 0.00756173 
357 372 0.00756173 8 0.00756173 
229 454 0.0138414 8 0.0138414 
268 239 0.0330591 8 0.0330591 
15 344 0.00756173 8 0.00756173 
289 309 0.0156256 8 0.0156256 
580 390 0.00826478 8 0.00826478 
519 283 0.0138414 8 0.0138414 
411 373 0.00826478 8 0.00826478 
96 381 0.0330591 8 0.0330591 
83 385 0.0123462 8 0.0123462 
464 446 0.00326543 8 0.00326543 
61 407 0.0204089 8 0.0204089 
312 398 0.0204089 8 0.0204089 
34 295 0.0156256 8 0.0156256 
587 341 0.00826478 8 0.00826478 
253 212 0.0204089 8 0.0204089 
27 240 0.0100004 8 0.0100004 
213 384 0.00416249 8 0.00416249 
493 418 0.000816358 8 0.000816358 
224 390 0.00416249 8 0.00416249 
383 313 0.00137179 8 0.00137179 
565 287 0.00826478 8 0.00826478 
472 403 0.00111115 8 0.00111115 
144 285 0.00826478 8 0.00826478 
470 433 0.00292195 8 0.00292195 
160 220 0.0138414 8 0.0138414 
309 428 0.00292195 8 0.00292195 
52 457 0.0330591 8 0.0330591 
282 346 0.0123462 8 0.0123462 
59 424 0.00826478 8 0.00826478 
544 331 0.00475643 8 0.00475643 
320 191 0.0100004 8 0.0100004 
405 442 0.00826478 8 0.00826478 
385 263 0.00197538 8 0.00197538 
52 343 0.0204089 7 0.0204089 
525 262 0.000918309 7 0.000918309 
181 443 0.0330591 7 0.0330591 
459 160 0.00694471 7 0.00694471 
399 144 0.0277788 7 0.0277788 
409 357 0.00160006 7 0.00160006 
85 382 0.00444461 7 0.00444461 
414 294 0.00444461 7 0.00444461 
260 303 0.000793524 7 0.000793524 
309 337 0.00197538 7 0.00197538 
546 422 0.0012312 7 0.0012312 
536 302 0.000918309 7 0.000918309 
508 305 0.0156256 7 0.0156256 
34 205 0.0330591 7 0.0330591 
515 263 0.0100004 7 0.0100004 
53 384 0.0204089 7 0.0204089 
323 404 0.00694471 7 0.00694471 
584 188 0.0330591 7 0.0330591 
309 423 0.000625024 7 0.000625024 
241 328 0.00132236 7 0.00132236 
386 132 0.00326543 7 0.00326543 
430 300 0.0110808 7 0.0110808 
63 446 0.0156256 7 0.0156256 
536 163 0.0177785 7 0.0177785 
92 428 0.00444461 7 0.00444461 
454 208 0.0177785 7 0.0177785 
458 294 0.0204089 7 0.0204089 
434 292 0.0204089 7 0.0204089 
265 313 0.000307799 7 0.000307799 
96 390 0.0330591 7 0.0330591 
413 412 0.0110808 7 0.0110808 
537 284 0.0177785 7 0.0177785 
444 291 0.0100004 7 0.0100004 
390 333 0.0177785 7 0.0177785 
99 451 0.0110808 7 0.0110808 
335 338 0.0177785 7 0.0177785 
278 424 0.0204089 7 0.0204089 
44 356 0.0177785 7 0.0177785 
484 370 0.0177785 7 0.0177785 
445 375 0.0100004 7 0.0100004 
460 238 0.0177785 7 0.0177785 
467 210 0.00826478 7 0.00826478 
423 411 0.000793524 7 0.000793524 
189 447 0.0100004 7 0.0100004 
566 451 0.0177785 7 0.0177785 
221 176 0.0156256 7 0.0156256 
77 270 0.00591739 7 0.00591739 
432 254 0.00326543 7 0.00326543 
81 391 0.00107502 7 0.00107502 
243 402 0.0204089 7 0.0204089 
432 172 0.0277788 7 0.0277788 
247 280 0.00756173 7 0.00756173 
242 352 0.00153793 7 0.00153793 
413 282 0.00104062 7 0.00104062 
436 421 0.00326543 7 0.00326543 
293 347 0.00826478 7 0.00826478 
20 362 0.0110808 7 0.0110808 
428 234 0.0177785 7 0.0177785 
414 234 0.0177785 7 0.0177785 
279 347 0.00025601 7 0.00025601 
584 404 0.00826478 7 0.00826478 
59 379 0.00367324 7 0.00367324 
217 347 0.000108511 7 0.000108511 
184 382 0.0236695 7 0.0236695 
56 448 0.0123462 7 0.0123462 
127 371 0.00166604 7 0.00166604 
525 379 0.000816358 7 0.000816358 
39 291 0.0236695 7 0.0236695 
129 206 0.0236695 7 0.0236695 
450 294 0.00237963 7 0.00237963 
99 437 0.0123462 7 0.0123462 
595 320 0.0277788 7 0.0277788 
127 225 0.0138414 7 0.0138414 
45 332 0.00367324 7 0.00367324 
516 261 0.00907064 7 0.00907064 
110 197 0.00475643 7 0.00475643 
486 209 0.0123462 7 0.0123462 
32 312 0.00166604 7 0.00166604 
356 235 0.0138414 7 0.0138414 
354 200 0.00475643 7 0.00475643 
330 441 0.00226766 7 0.00226766 
168 372 0.00111115 7 0.00111115 
309 255 0.0025001 7 0.0025001 
224 231 0.00262995 7 0.00262995 
63 346 0.00142405 7 0.00142405 
425 238 0.0138414 7 0.0138414 
531 314 0.00367324 7 0.00367324 
286 419 0.0277788 7 0.0277788 
519 176 0.0025001 7 0.0025001 
70 235 0.00907064 7 0.00907064 
435 365 0.00548718 7 0.00548718 
50 289 0.000692547 7 0.000692547 
418 308 0.0138414 7 0.0138414 
250 313 0.000750639 7 0.000750639 
80 231 0.0138414 7 0.0138414 
69 438 0.0138414 7 0.0138414 
381 289 0.00160006 7 0.00160006 
362 431 0.00104062 7 0.00104062 
523 409 0.0236695 7 0.0236695 
313 415 0.000865085 7 0.000865085 
583 208 0.00226766 7 0.00226766 
561 255 0.00277019 7 0.00277019 
520 183 0.0110808 7 0.0110808 
42 266 0.00907064 7 0.00907064 
441 360 0.0123462 7 0.0123462 
258 282 0.00114914 7 0.00114914 
128 238 0.00756173 6 0.00756173 
460 184 0.0025001 6 0.0025001 
117 366 0.000472608 6 0.000472608 
267 290 0.000692547 6 0.000692547 
104 232 0.00756173 6 0.00756173 
347 448 0.0156256 6 0.0156256 
85 370 0.00826478 6 0.00826478 
430 127 0.00137179 6 0.00137179 
388 277 0.0156256 6 0.0156256 
268 278 0.0138414 6 0.0138414 
257 253 0.00346034 6 0.00346034 
262 359 0.0039064 6 0.0039064 
517 258 0.00756173 6 0.00756173 
463 360 0.0012312 6 0.0012312 
364 93 0.0100004 6 0.0100004 
566 240 0.00226766 6 0.00226766 
515 261 0.00100785 6 0.00100785 
228 303 0.0177785 6 0.0177785 
544 280 0.00346034 6 0.00346034 
307 403 0.00206619 6 0.00206619 
371 367 0.0100004 6 0.0100004 
571 443 0.00548718 6 0.00548718 
201 256 0.000730488 6 0.000730488 
463 158 0.0236695 6 0.0236695 
536 261 0.0204089 6 0.0204089 
151 354 0.0039064 6 0.0039064 
518 256 0.00694471 6 0.00694471 
18 325 0.00826478 6 0.00826478 
288 458 0.0177785 6 0.0177785 
143 371 0.00111115 6 0.00111115 
317 404 0.0330591 6 0.0330591 
173 361 0.00416249 6 0.00416249 
594 165 0.00367324 6 0.00367324 
583 303 0.00591739 6 0.00591739 
27 390 0.00444461 6 0.00444461 
548 406 0.00444461 6 0.00444461 
275 450 0.00548718 6 0.00548718 
551 158 0.00548718 6 0.00548718 
40 344 0.0277788 6 0.0277788 
552 338 0.000416509 6 0.000416509 
585 381 0.00326543 6 0.00326543 
303 198 0.00756173 6 0.00756173 
570 434 0.0156256 6 0.0156256 
180 358 0.00137179 6 0.00137179 
48 197 0.00510224 6 0.00510224 
290 208 0.00756173 6 0.00756173 
552 348 0.000472608 6 0.000472608 
372 378 0.00548718 6 0.00548718 
152 314 0.000216271 6 0.000216271 
242 418 0.0025001 6 0.0025001 
18 260 0.0110808 6 0.0110808 
245 318 0.0138414 6 0.0138414 
79 189 0.0177785 6 0.0177785 
331 283 0.00100785 6 0.00100785 
267 396 0.00142405 6 0.00142405 
115 274 0.00166604 6 0.00166604 
111 407 0.00640025 6 0.00640025 
327 452 0.0330591 6 0.0330591 
388 259 0.00237963 6 0.00237963 
233 408 0.00756173 6 0.00756173 
327 424 0.00548718 6 0.00548718 
210 397 0.00756173 6 0.00756173 
521 277 0.0236695 6 0.0236695 
578 343 0.0110808 6 0.0110808 
83 256 0.00367324 6 0.00367324 
164 318 0.00262995 6 0.00262995 
379 285 0.0236695 6 0.0236695 
309 350 0.00308654 6 0.00308654 
470 359 0.00591739 6 0.00591739 
355 212 0.0277788 6 0.0277788 
514 321 0.0123462 6 0.0123462 
446 231 0.0177785 6 0.0177785 
276 253 0.0236695 6 0.0236695 
557 227 0.0330591 6 0.0330591 
371 356 0.00104062 6 0.00104062 
64 388 0.000505006 6 0.000505006 
274 281 0.00444461 6 0.00444461 
212 210 0.0277788 6 0.0277788 
75 453 0.0204089 6 0.0204089 
429 295 0.00127556 6 0.00127556 
21 404 0.0177785 6 0.0177785 
306 326 0.0330591 6 0.0330591 
59 445 0.00756173 6 0.00756173 
421 406 0.0177785 6 0.0177785 
535 357 0.00160006 6 0.00160006 
16 404 0.0177785 6 0.0177785 
249 220 0.00153793 6 0.00153793 
72 348 0.00277019 6 0.00277019 
54 192 0.0123462 6 0.0123462 
563 394 0.0236695 6 0.0236695 
497 379 0.0100004 6 0.0100004 
56 324 0.00173618 6 0.00173618 
603 218 0.00694471 6 0.00694471 
316 332 0.00346034 6 0.00346034 
591 331 0.00416249 6 0.00416249 
180 373 0.00277019 6 0.00277019 
458 158 0.0277788 6 0.0277788 
147 276 0.0177785 6 0.0177785 
561 344 0.000594907 6 0.000594907 
550 443 0.00826478 6 0.00826478 
425 181 0.0123462 6 0.0123462 
306 339 0.00367324 6 0.00367324 
421 335 0.0204089 6 0.0204089 
396 198 0.0012312 6 0.0012312 
274 283 0.0039064 6 0.0039064 
228 285 0.00160006 6 0.00160006 
135 314 0.00475643 6 0.00475643 
523 352 0.0156256 6 0.0156256 
372 292 0.0236695 6 0.0236695 
593 310 0.0330591 6 0.0330591 
492 187 0.0236695 6 0.0236695 
410 303 0.0204089 6 0.0204089 
141 361 0.000384482 5 0.000384482 
231 352 0.00907064 5 0.00907064 
21 439 0.0123462 5 0.0123462 
22 189 0.00907064 5 0.00907064 
283 308 0.00346034 5 0.00346034 
301 400 0.000342949 5 0.000342949 
326 326 0.000434044 5 0.000434044 
381 188 0.00147935 5 0.00147935 
597 400 0.00416249 5 0.00416249 
490 212 0.00640025 5 0.00640025 
233 375 0.00206619 5 0.00206619 
226 420 0.0330591 5 0.0330591 
84 331 0.0204089 5 0.0204089 
400 419 0.000816358 5 0.000816358 
523 383 0.0177785 5 0.0177785 
309 307 0.00308654 5 0.00308654 
105 228 0.00510224 5 0.00510224 
470 269 0.000816358 5 0.000816358 
17 313 0.00694471 5 0.00694471 
528 357 0.0138414 5 0.0138414 
570 209 0.0100004 5 0.0100004 
590 218 0.00907064 5 0.00907064 
237 318 0.00475643 5 0.00475643 
479 393 0.00197538 5 0.00197538 
121 317 0.00475643 5 0.00475643 
386 308 0.0138414 5 0.0138414 
35 381 0.00694471 5 0.00694471 
409 254 0.0156256 5 0.0156256 
396 134 0.0123462 5 0.0123462 
217 353 0.0138414 5 0.0138414 
546 406 0.00197538 5 0.00197538 
373 350 0.0138414 5 0.0138414 
15 213 0.0330591 5 0.0330591 
348 359 0.00118911 5 0.00118911 
305 230 0.0236695 5 0.0236695 
386 305 0.00197538 5 0.00197538 
563 348 0.00197538 5 0.00197538 
133 344 0.0138414 5 0.0138414 
557 313 0.00197538 5 0.00197538 
81 212 0.00111115 5 0.00111115 
188 330 0.00197538 5 0.00197538 
284 326 0.0330591 5 0.0330591 
169 275 0.00475643 5 0.00475643 
63 231 0.0177785 5 0.0177785 
59 231 0.00591739 5 0.00591739 
365 410 0.0330591 5 0.0330591 
530 286 0.0330591 5 0.0330591 
139 403 0.00326543 5 0.00326543 
377 327 0.00308654 5 0.00308654 
44 280 0.00100785 5 0.00100785 
426 176 0.0330591 5 0.0330591 
401 412 0.000750639 5 0.000750639 
589 284 0.0156256 5 0.0156256 
177 296 0.0330591 5 0.0330591 
506 426 0.00308654 5 0.00308654 
459 397 0.00591739 5 0.00591739 
373 398 0.0039064 5 0.0039064 
169 387 0.000711138 5 0.000711138 
259 417 0.00308654 5 0.00308654 
160 321 0.0177785 5 0.0177785 
217 449 0.0204089 5 0.0204089 
417 301 0.0330591 5 0.0330591 
301 422 0.00142405 5 0.00142405 
398 217 0.0330591 5 0.0330591 
152 441 0.0236695 5 0.0236695 
481 244 0.000566915 5 0.000566915 
265 436 0.00197538 5 0.00197538 
236 443 0.0277788 5 0.0277788 
86 397 0.00826478 5 0.00826478 
241 306 0.000516549 5 0.000516549 
379 150 0.0277788 5 0.0277788 
500 362 0.000840192 5 0.000840192 
367 151 0.0330591 5 0.0330591 
78 229 0.00326543 5 0.00326543 
121 244 0.00756173 5 0.00756173 
340 200 0.00694471 5 0.00694471 
267 338 0.00044323 5 0.00044323 
547 349 0.00181084 5 0.00181084 
413 160 0.0110808 5 0.0110808 
223 240 0.00181084 5 0.00181084 
367 328 0.0110808 5 0.0110808 
575 192 0.000946782 5 0.000946782 
135 276 0.000452711 5 0.000452711 
278 257 0.0330591 5 0.0330591 
410 456 0.0110808 5 0.0110808 
16 315 0.00640025 5 0.00640025 
93 243 0.00510224 5 0.00510224 
414 220 0.0123462 5 0.0123462 
447 404 0.00907064 5 0.00907064 
544 265 0.0204089 5 0.0204089 
250 314 0.00147935 5 0.00147935 
524 275 0.0204089 5 0.0204089 
203 353 0.000946782 5 0.000946782 
108 306 0.000408137 5 0.000408137 
40 179 0.0277788 5 0.0277788 
489 231 0.0277788 5 0.0277788 
589 365 0.0110808 5 0.0110808 
21 181 0.0123462 5 0.0123462 
392 237 0.0110808 5 0.0110808 
360 131 0.0236695 5 0.0236695 
519 253 0.00591739 5 0.00591739 
100 322 0.000273216 5 0.000273216 
90 259 0.00548718 5 0.00548718 
271 312 0.000516549 5 0.000516549 
560 354 0.00292195 5 0.00292195 
32 302 0.0236695 5 0.0236695 
155 294 0.00756173 5 0.00756173 
259 340 0.00024415 5 0.00024415 
428 373 0.00756173 5 0.00756173 
262 320 0.00237963 5 0.00237963 
174 415 0.0110808 5 0.0110808 
541 202 0.0110808 5 0.0110808 
270 371 0.000528492 5 0.000528492 
506 346 0.00181084 5 0.00181084 
271 307 0.0277788 5 0.0277788 
403 296 0.00640025 5 0.00640025 
326 440 0.00444461 5 0.00444461 
132 229 0.0330591 5 0.0330591 
488 301 0.00640025 5 0.00640025 
487 298 0.00548718 5 0.00548718 
317 377 0.00907064 5 0.00907064 
268 347 0.000138414 5 0.000138414 
397 221 0.0138414 5 0.0138414 
28 298 0.0277788 5 0.0277788 
434 286 0.0204089 5 0.0204089 
382 107 0.0123462 5 0.0123462 
353 369 0.0156256 5 0.0156256 
326 440 0.0123462 5 0.0123462 
82 236 0.00510224 5 0.00510224 
138 247 0.000349389 5 0.000349389 
65 450 0.0204089 4 0.0204089 
448 365 0.00548718 4 0.00548718 
22 316 0.0177785 4 0.0177785 
73 237 0.00308654 4 0.00308654 
588 390 0.0100004 4 0.0100004 
21 342 0.0204089 4 0.0204089 
503 434 0.00416249 4 0.00416249 
21 318 0.0138414 4 0.0138414 
81 247 0.0039064 4 0.0039064 
478 438 0.00216341 4 0.00216341 
44 171 0.0123462 4 0.0123462 
52 427 0.0110808 4 0.0110808 
18 212 0.0330591 4 0.0330591 
91 443 0.00416249 4 0.00416249 
456 415 0.00111115 4 0.00111115 
236 437 0.0277788 4 0.0277788 
336 312 0.0236695 4 0.0236695 
261 300 0.0330591 4 0.0330591 
62 327 0.0177785 4 0.0177785 
394 280 0.0138414 4 0.0138414 
386 280 0.0138414 4 0.0138414 
311 220 0.00826478 4 0.00826478 
314 390 0.0236695 4 0.0236695 
428 324 0.000462499 4 0.000462499 
107 219 0.0156256 4 0.0156256 
33 302 0.00326543 4 0.00326543 
249 325 0.0330591 4 0.0330591 
215 401 0.0177785 4 0.0177785 
444 172 0.00826478 4 0.00826478 
71 386 0.0236695 4 0.0236695 
401 270 0.00640025 4 0.00640025 
438 325 0.00756173 4 0.00756173 
247 327 0.00444461 4 0.00444461 
78 226 0.0156256 4 0.0156256 
306 380 0.00216341 4 0.00216341 
26 218 0.0138414 4 0.0138414 
493 208 0.00444461 4 0.00444461 
94 346 0.0123462 4 0.0123462 
549 271 0.0177785 4 0.0177785 
370 153 0.00226766 4 0.00226766 
365 116 0.00826478 4 0.00826478 
581 275 0.0177785 4 0.0177785 
379 352 0.00548718 4 0.00548718 
556 277 0.0177785 4 0.0177785 
250 233 0.00475643 4 0.00475643 
442 373 0.0025001 4 0.0025001 
435 351 0.00444461 4 0.00444461 
492 415 0.00826478 4 0.00826478 
366 348 0.00153793 4 0.00153793 
407 400 0.0177785 4 0.0177785 
135 233 0.00346034 4 0.00346034 
59 434 0.00416249 4 0.00416249 
95 260 0.0330591 4 0.0330591 
300 299 0.0138414 4 0.0138414 
194 316 0.0330591 4 0.0330591 
446 402 0.00826478 4 0.00826478 
41 380 0.00153793 4 0.00153793 
528 396 0.00475643 4 0.00475643 
69 206 0.0156256 4 0.0156256 
439 415 0.0138414 4 0.0138414 
146 409 0.0236695 4 0.0236695 
344 403 0.00326543 4 0.00326543 
421 370 0.0177785 4 0.0177785 
48 208 0.000840192 4 0.000840192 
20 216 0.0123462 4 0.0123462 
572 359 0.000657487 4 0.000657487 
270 346 0.00510224 4 0.00510224 
315 242 0.0138414 4 0.0138414 
12 214 0.0277788 4 0.0277788 
464 254 0.00166604 4 0.00166604 
382 142 0.00160006 4 0.00160006 
369 407 0.0123462 4 0.0123462 
338 408 0.00444461 4 0.00444461 
391 273 0.0009766 4 0.0009766 
227 212 0.0123462 4 0.0123462 
485 369 0.00416249 4 0.00416249 
543 390 0.0156256 4 0.0156256 
434 235 0.0039064 4 0.0039064 
108 440 0.0177785 4 0.0177785 
47 428 0.00444461 4 0.00444461 
57 243 0.00444461 4 0.00444461 
20 267 0.00694471 4 0.00694471 
205 398 0.00907064 4 0.00907064 
34 225 0.0204089 4 0.0204089 
423 404 0.00262995 4 0.00262995 
52 407 0.0236695 4 0.0236695 
108 450 0.0177785 4 0.0177785 
30 355 0.0204089 4 0.0204089 
88 407 0.0236695 4 0.0236695 
82 220 0.0204089 4 0.0204089 
178 411 0.0330591 4 0.0330591 
504 222 0.0123462 4 0.0123462 
596 429 0.00907064 4 0.00907064 
128 433 0.00226766 4 0.00226766 
147 322 0.00907064 4 0.00907064 
85 397 0.00444461 4 0.00444461 
140 424 0.0025001 4 0.0025001 
525 187 0.0330591 4 0.0330591 
375 420 0.000594907 4 0.000594907 
371 206 0.00756173 4 0.00756173 
81 333 0.0110808 4 0.0110808 
416 289 0.000793524 4 0.000793524 
63 252 0.000674676 4 0.000674676 
408 319 0.0100004 4 0.0100004 
229 382 0.0138414 4 0.0138414 
540 284 0.0156256 4 0.0156256 
62 384 0.0138414 4 0.0138414 
408 402 0.00548718 4 0.00548718 
22 252 0.00326543 4 0.00326543 
226 424 0.0330591 4 0.0330591 
319 396 0.00262995 4 0.00262995 
522 331 0.000730488 4 0.000730488 
294 422 0.00907064 4 0.00907064 
332 358 0.00416249 4 0.00416249 
347 212 0.00510224 4 0.00510224 
509 221 0.000674676 4 0.000674676 
534 419 0.00237963 3 0.00237963 
276 266 0.0236695 3 0.0236695 
544 336 0.00153793 3 0.00153793 
568 318 0.000609687 3 0.000609687 
339 228 0.000313271 3 0.000313271 
479 210 0.00166604 3 0.00166604 
236 421 0.0277788 3 0.0277788 
50 370 0.00173618 3 0.00173618 
53 426 0.0277788 3 0.0277788 
47 305 0.0123462 3 0.0123462 
551 327 0.00510224 3 0.00510224 
398 174 0.0156256 3 0.0156256 
236 427 0.0277788 3 0.0277788 
433 308 0.0123462 3 0.0123462 
139 382 0.00173618 3 0.00173618 
415 390 0.000408137 3 0.000408137 
83 374 0.000640948 3 0.000640948 
278 435 0.0177785 3 0.0177785 
151 323 0.0100004 3 0.0100004 
160 211 0.000493846 3 0.000493846 
484 352 0.0177785 3 0.0177785 
78 389 0.0138414 3 0.0138414 
373 337 0.0100004 3 0.0100004 
142 319 0.00107502 3 0.00107502 
492 140 0.000148727 3 0.000148727 
549 207 0.00367324 3 0.00367324 
340 191 0.0156256 3 0.0156256 
443 191 0.000553654 3 0.000553654 
570 257 0.0330591 3 0.0330591 
17 220 0.0330591 3 0.0330591 
146 240 0.00510224 3 0.00510224 
564 399 0.00153793 3 0.00153793 
506 300 0.00907064 3 0.00907064 
386 183 0.00475643 3 0.00475643 
430 437 0.0100004 3 0.0100004 
307 375 0.000609687 3 0.000609687 
201 225 0.0330591 3 0.0330591 
520 202 0.00173618 3 0.00173618 
316 419 0.0177785 3 0.0177785 
297 389 0.0236695 3 0.0236695 
347 444 0.0138414 3 0.0138414 
75 354 0.0138414 3 0.0138414 
236 434 0.0277788 3 0.0277788 
527 288 0.0100004 3 0.0100004 
343 186 0.00694471 3 0.00694471 
157 323 0.00510224 3 0.00510224 
108 225 0.0156256 3 0.0156256 
143 389 0.00118911 3 0.00118911 
316 223 0.00475643 3 0.00475643 
269 389 0.000793524 3 0.000793524 
425 304 0.0236695 3 0.0236695 
583 280 0.00226766 3 0.00226766 
363 439 0.00367324 3 0.00367324 
142 229 0.00591739 3 0.00591739 
596 311 0.00591739 3 0.00591739 
559 402 0.00118911 3 0.00118911 
318 360 0.00044323 3 0.00044323 
53 442 0.00367324 3 0.00367324 
462 209 0.00475643 3 0.00475643 
403 295 0.00114914 3 0.00114914 
589 438 0.0138414 3 0.0138414 
463 323 0.0236695 3 0.0236695 
218 170 0.0330591 3 0.0330591 
341 215 0.00826478 3 0.00826478 
154 357 0.0009766 3 0.0009766 
251 239 0.00826478 3 0.00826478 
320 411 0.00107502 3 0.00107502 
588 207 0.0110808 3 0.0110808 
116 177 0.0204089 3 0.0204089 
366 365 0.00326543 3 0.00326543 
360 285 0.000840192 3 0.000840192 
575 420 0.00277019 3 0.00277019 
283 368 0.000594907 3 0.000594907 
61 344 0.0204089 3 0.0204089 
384 222 0.00292195 3 0.00292195 
383 349 0.000946782 3 0.000946782 
380 299 0.0039064 3 0.0039064 
381 189 0.00326543 3 0.00326543 
449 368 0.0277788 3 0.0277788 
342 432 0.00277019 3 0.00277019 
382 285 0.0138414 3 0.0138414 
430 403 0.00181084 3 0.00181084 
491 189 0.0330591 3 0.0330591 
261 337 0.00416249 3 0.00416249 
45 247 0.00548718 3 0.00548718 
529 243 0.000566915 3 0.000566915 
122 363 0.000105198 3 0.000105198 
99 292 0.000711138 3 0.000711138 
175 410 0.0330591 3 0.0330591 
98 264 0.000273216 3 0.000273216 
373 440 0.00694471 3 0.00694471 
539 339 0.0039064 3 0.0039064 
277 247 0.0204089 3 0.0204089 
506 436 0.0156256 3 0.0156256 
34 410 0.0123462 3 0.0123462 
461 413 0.00262995 3 0.00262995 
517 438 0.00907064 3 0.00907064 
346 110 0.0100004 3 0.0100004 
539 258 0.0204089 3 0.0204089 
169 381 0.00147935 3 0.00147935 
87 450 0.00907064 3 0.00907064 
218 400 0.0330591 3 0.0330591 
25 227 0.00826478 3 0.00826478 
34 344 0.0277788 3 0.0277788 
573 248 0.0204089 3 0.0204089 
589 181 0.0110808 3 0.0110808 
346 327 0.0039064 3 0.0039064 
80 440 0.0110808 3 0.0110808 
72 435 0.00137179 3 0.00137179 
407 198 0.00640025 3 0.00640025 
462 371 0.0156256 3 0.0156256 
226 442 0.0330591 3 0.0330591 
395 177 0.0100004 3 0.0100004 
341 218 0.0277788 3 0.0277788 
128 225 0.00197538 3 0.00197538 
103 332 0.00262995 3 0.00262995 
333 198 0.0277788 3 0.0277788 
514 361 0.00160006 3 0.00160006 
543 348 0.00142405 3 0.00142405 
406 367 0.00907064 3 0.00907064 
338 305 0.00416249 3 0.00416249 
269 337 0.000302469 3 0.000302469 
278 334 0.0330591 3 0.0330591 
380 225 0.00346034 3 0.00346034 
51 250 0.0100004 3 0.0100004 
282 337 0.00132236 3 0.00132236 
590 311 0.00262995 3 0.00262995 
156 328 0.0330591 3 0.0330591 
564 453 0.0330591 3 0.0330591 
307 217 0.00142405 3 0.00142405 
590 197 0.0177785 3 0.0177785 
503 336 0.000771635 3 0.000771635 
254 304 0.0025001 3 0.0025001 
594 207 0.0330591 3 0.0330591 
271 326 0.0330591 3 0.0330591 
366 165 0.0236695 3 0.0236695 
172 333 0.0204089 3 0.0204089 
108 191 0.0100004 3 0.0100004 
470 407 0.00216341 3 0.00216341 
579 313 0.00444461 3 0.00444461 
68 311 0.000816358 3 0.000816358 
284 306 0.000816358 3 0.000816358 
507 439 0.00292195 3 0.00292195 
33 363 0.00510224 3 0.00510224 
571 256 0.00548718 3 0.00548718 
105 384 0.00907064 3 0.00907064 
310 193 0.0330591 3 0.0330591 
226 429 0.0330591 3 0.0330591 
161 199 0.0138414 3 0.0138414 
354 392 0.0156256 3 0.0156256 
537 384 0.00591739 3 0.00591739 
242 443 0.0025001 2 0.0025001 
82 245 0.00206619 2 0.00206619 
432 401 0.0156256 2 0.0156256 
323 198 0.00694471 2 0.00694471 
203 287 0.00107502 2 0.00107502 
588 210 0.00181084 2 0.00181084 
293 227 0.0330591 2 0.0330591 
155 293 0.0204089 2 0.0204089 
172 291 0.0277788 2 0.0277788 
405 288 0.00147935 2 0.00147935 
446 270 0.000840192 2 0.000840192 
88 269 0.000528492 2 0.000528492 
180 360 0.000580658 2 0.000580658 
332 189 0.0156256 2 0.0156256 
146 368 0.000452711 2 0.000452711 
74 345 0.00147935 2 0.00147935 
263 321 0.000750639 2 0.000750639 
58 335 0.0110808 2 0.0110808 
84 449 0.0138414 2 0.0138414 
304 289 0.0236695 2 0.0236695 
149 307 0.00444461 2 0.00444461 
68 279 0.00189043 2 0.00189043 
461 425 0.00237963 2 0.00237963 
510 395 0.00640025 2 0.00640025 
282 236 0.00444461 2 0.00444461 
572 412 0.00216341 2 0.00216341 
64 401 0.00640025 2 0.00640025 
99 223 0.0277788 2 0.0277788 
288 340 0.000324661 2 0.000324661 
129 330 0.000730488 2 0.000730488 
55 327 0.0110808 2 0.0110808 
194 233 0.0330591 2 0.0330591 
265 212 0.000750639 2 0.000750639 
316 433 0.00640025 2 0.00640025 
279 402 0.000313271 2 0.000313271 
588 264 0.0236695 2 0.0236695 
243 206 0.0277788 2 0.0277788 
346 284 0.000946782 2 0.000946782 
553 396 0.0100004 2 0.0100004 
559 251 0.0330591 2 0.0330591 
278 327 0.0236695 2 0.0236695 
145 217 0.00756173 2 0.00756173 
38 337 0.00640025 2 0.00640025 
373 147 0.0277788 2 0.0277788 
512 405 0.000840192 2 0.000840192 
25 171 0.0138414 2 0.0138414 
27 211 0.00826478 2 0.00826478 
56 392 0.0025001 2 0.0025001 
153 362 0.00444461 2 0.00444461 
369 330 0.0236695 2 0.0236695 
100 198 0.00694471 2 0.00694471 
226 161 0.0138414 2 0.0138414 
264 309 0.0039064 2 0.0039064 
337 245 0.000434044 2 0.000434044 
52 394 0.000840192 2 0.000840192 
17 365 0.00640025 2 0.00640025 
227 338 0.00444461 2 0.00444461 
125 361 0.00100785 2 0.00100785 
216 332 0.00756173 2 0.00756173 
205 424 0.0204089 2 0.0204089 
543 268 0.0156256 2 0.0156256 
441 177 0.00510224 2 0.00510224 
105 191 0.0330591 2 0.0330591 
353 366 0.0138414 2 0.0138414 
401 288 0.0138414 2 0.0138414 
145 369 0.000213126 2 0.000213126 
568 415 0.00308654 2 0.00308654 
281 400 0.000711138 2 0.000711138 
437 159 0.0100004 2 0.0100004 
494 350 0.00237963 2 0.00237963 
368 146 0.0236695 2 0.0236695 
417 276 0.00137179 2 0.00137179 
545 239 0.00346034 2 0.00346034 
422 423 0.00308654 2 0.00308654 
361 368 0.00475643 2 0.00475643 
156 333 0.00308654 2 0.00308654 
130 404 0.00591739 2 0.00591739 
406 369 0.00475643 2 0.00475643 
569 409 0.0204089 2 0.0204089 
305 372 0.00475643 2 0.00475643 
523 254 0.00147935 2 0.00147935 
258 316 0.00173618 2 0.00173618 
582 180 0.0330591 2 0.0330591 
85 260 0.00907064 2 0.00907064 
146 370 0.000692547 2 0.000692547 
581 407 0.00189043 2 0.00189043 
56 228 0.0177785 2 0.0177785 
294 326 0.0330591 2 0.0330591 
465 242 0.0009766 2 0.0009766 
20 328 0.0330591 2 0.0330591 
62 337 0.00591739 2 0.00591739 
375 324 0.0330591 2 0.0330591 
63 271 0.00166604 2 0.00166604 
429 183 0.0177785 2 0.0177785 
494 417 0.00127556 2 0.00127556 
89 226 0.00100785 2 0.00100785 
406 300 0.00475643 2 0.00475643 
468 140 0.000133655 2 0.000133655 
578 203 0.00510224 2 0.00510224 
479 213 0.00197538 2 0.00197538 
45 332 0.00142405 2 0.00142405 
379 121 0.0204089 2 0.0204089 
412 376 0.00367324 2 0.00367324 
320 209 0.0100004 2 0.0100004 
387 401 0.00308654 2 0.00308654 
367 293 0.000566915 2 0.000566915 
313 324 0.00475643 2 0.00475643 
248 250 0.000313271 2 0.000313271 
212 329 0.00475643 2 0.00475643 
295 309 0.0330591 2 0.0330591 
560 282 0.000771635 2 0.000771635 
72 207 0.0156256 2 0.0156256 
548 371 0.00416249 2 0.00416249 
436 172 0.0330591 2 0.0330591 
332 384 0.00367324 2 0.00367324 
466 408 0.000816358 2 0.000816358 
56 421 0.0123462 2 0.0123462 
345 396 0.0330591 2 0.0330591 
279 344 0.0204089 2 0.0204089 
14 342 0.0204089 2 0.0204089 
77 212 0.00640025 2 0.00640025 
448 393 0.0100004 2 0.0100004 
302 390 0.0236695 2 0.0236695 
146 224 0.0138414 2 0.0138414 
226 433 0.0330591 2 0.0330591 
590 388 0.00510224 2 0.00510224 
157 355 0.00907064 2 0.00907064 
426 307 0.000384482 2 0.000384482 
204 450 0.0123462 2 0.0123462 
52 222 0.00694471 2 0.00694471 
435 288 0.0156256 2 0.0156256 
521 344 0.000711138 2 0.000711138 
99 369 0.00127556 2 0.00127556 
367 412 0.00262995 2 0.00262995 
55 191 0.00475643 2 0.00475643 
86 242 0.0138414 2 0.0138414 
31 206 0.0204089 2 0.0204089 
38 354 0.0100004 2 0.0100004 
86 207 0.0204089 2 0.0204089 
260 337 0.0277788 2 0.0277788 
385 164 0.00591739 1 0.00591739 
239 341 0.00640025 1 0.00640025 
263 440 0.00510224 1 0.00510224 
587 292 0.00153793 1 0.00153793 
172 348 0.00277019 1 0.00277019 
166 241 0.00640025 1 0.00640025 
141 331 0.00277019 1 0.00277019 
148 246 0.00640025 1 0.00640025 
427 160 0.0330591 1 0.0330591 
470 453 0.00640025 1 0.00640025 
107 261 0.00640025 1 0.00640025 
362 297 0.0110808 1 0.0110808 
385 396 0.00510224 1 0.00510224 
215 218 0.0330591 1 0.0330591 
163 309 0.00510224 1 0.00510224 
230 220 0.00127556 1 0.00127556 
203 377 0.00277019 1 0.00277019 
133 330 0.00510224 1 0.00510224 
205 391 0.00367324 1 0.00367324 
60 361 0.00367324 1 0.00367324 
586 202 0.00694471 1 0.00694471 
369 129 0.000625024 1 0.000625024 
90 246 0.00694471 1 0.00694471 
546 310 0.00640025 1 0.00640025 
592 302 0.00694471 1 0.00694471 
225 172 0.0330591 1 0.0330591 
370 121 0.0330591 1 0.0330591 
433 145 0.00127556 1 0.00127556 
475 224 0.00640025 1 0.00640025 
375 152 0.0330591 1 0.0330591 
261 348 0.00100785 1 0.00100785 
511 147 0.0330591 1 0.0330591 
262 325 0.0277788 1 0.0277788 
280 452 0.0123462 1 0.0123462 
98 254 0.00147935 1 0.00147935 
522 370 0.0039064 1 0.0039064 
140 327 0.00346034 1 0.00346034 
101 357 0.00907064 1 0.00907064 
372 186 0.00907064 1 0.00907064 
272 442 0.0330591 1 0.0330591 
300 327 0.0204089 1 0.0204089 
67 339 0.00206619 1 0.00206619 
244 336 0.0204089 1 0.0204089 
428 422 0.00475643 1 0.00475643 
17 315 0.0156256 1 0.0156256 
389 279 0.000771635 1 0.000771635 
169 424 0.0123462 1 0.0123462 
85 239 0.000282477 1 0.000282477 
226 442 0.00444461 1 0.00444461 
523 199 0.00147935 1 0.00147935 
32 428 0.00166604 1 0.00166604 
63 327 0.00826478 1 0.00826478 
166 338 0.000222775 1 0.000222775 
467 422 0.00591739 1 0.00591739 
315 422 0.00591739 1 0.00591739 
395 416 0.00166604 1 0.00166604 
601 215 0.0204089 1 0.0204089 
509 339 0.00826478 1 0.00826478 
83 399 0.0123462 1 0.0123462 
570 247 0.0138414 1 0.0138414 
45 344 0.0277788 1 0.0277788 
404 317 0.000540854 1 0.000540854 
402 446 0.00326543 1 0.00326543 
20 183 0.00826478 1 0.00826478 
475 345 0.00160006 1 0.00160006 
295 247 0.00444461 1 0.00444461 
291 312 0.00292195 1 0.00292195 
489 361 0.00160006 1 0.00160006 
20 241 0.00444461 1 0.00444461 
37 198 0.0277788 1 0.0277788 
138 298 0.00444461 1 0.00444461 
56 335 0.0025001 1 0.0025001 
434 365 0.00132236 1 0.00132236 
245 261 0.0025001 1 0.0025001 
461 378 0.00160006 1 0.00160006 
146 242 0.0110808 1 0.0110808 
389 375 0.0110808 1 0.0110808 
286 213 0.00444461 1 0.00444461 
158 278 0.0156256 1 0.0156256 
463 207 0.00444461 1 0.00444461 
184 251 0.0277788 1 0.0277788 
104 356 0.00548718 1 0.00548718 
547 157 0.0277788 1 0.0277788 
461 370 0.00444461 1 0.00444461 
384 363 0.000891101 1 0.000891101 
360 226 0.00826478 1 0.00826478 
507 382 0.00292195 1 0.00292195 
268 364 0.000260156 1 0.000260156 
552 261 0.00326543 1 0.00326543 
391 135 0.00548718 1 0.00548718 
24 404 0.0156256 1 0.0156256 
383 349 0.0039064 1 0.0039064 
313 398 0.00907064 1 0.00907064 
434 430 0.0177785 1 0.0177785 
568 195 0.00510224 1 0.00510224 
371 222 0.00277019 1 0.00277019 
69 352 0.0177785 1 0.0177785 
81 408 0.0236695 1 0.0236695 
449 378 0.0177785 1 0.0177785 
219 369 0.0100004 1 0.0100004 
174 381 0.0177785 1 0.0177785 
110 379 0.000692547 1 0.000692547 
308 390 0.0236695 1 0.0236695 
427 393 0.0100004 1 0.0100004 
154 228 0.00510224 1 0.00510224 
80 242 0.0123462 1 0.0123462 
426 152 0.00226766 1 0.00226766 
454 437 0.0100004 1 0.0100004 
173 318 0.0100004 1 0.0100004 
205 441 0.0177785 1 0.0177785 
549 257 0.0330591 1 0.0330591 
235 378 0.000516549 1 0.000516549 
131 438 0.00173618 1 0.00173618 
134 423 0.000840192 1 0.000840192 
501 188 0.00756173 1 0.00756173 
304 237 0.00756173 1 0.00756173 
334 306 0.0236695 1 0.0236695 
402 278 0.00308654 1 0.00308654 
412 420 0.000692547 1 0.000692547 
429 364 0.00114914 1 0.00114914 
315 317 0.000730488 1 0.000730488 
526 372 0.000793524 1 0.000793524 
364 229 0.000640948 1 0.000640948 
121 242 0.0100004 1 0.0100004 
393 303 0.00142405 1 0.00142405 
78 376 0.0123462 1 0.0123462 
457 364 0.00262995 1 0.00262995 
266 427 0.00189043 1 0.00189043 
171 408 0.000711138 1 0.000711138 
20 341 0.00475643 1 0.00475643 
537 176 0.0100004 1 0.0100004 
600 182 0.0100004 1 0.0100004 
498 436 0.00826478 1 0.00826478 
312 228 0.0100004 1 0.0100004 
217 257 0.0156256 1 0.0156256 
359 140 0.0177785 1 0.0177785 
266 437 0.00127556 1 0.00127556 
308 260 0.00197538 1 0.00197538 
80 216 0.000580658 1 0.000580658 
391 335 0.0123462 1 0.0123462 
316 327 0.0330591 1 0.0330591 
247 317 0.0123462 1 0.0123462 
464 345 0.00197538 1 0.00197538 
170 237 0.0177785 1 0.0177785 
278 322 0.0330591 1 0.0330591 
260 357 0.00189043 1 0.00189043 
167 292 0.0100004 1 0.0100004 
80 448 0.0236695 1 0.0236695 
257 213 0.0009766 1 0.0009766 
579 338 0.00308654 1 0.00308654 
223 318 0.0177785 1 0.0177785 
24 323 0.0177785 1 0.0177785 
351 332 0.0177785 1 0.0177785 
