1
2295
240 379 0.0330591 128 0.0330591 
162 389 0.00510224 112 0.00510224 
275 322 0.0330591 100 0.0330591 
135 247 0.0204089 98 0.0204089 
446 403 0.00591739 96 0.00591739 
59 375 0.0330591 95 0.0330591 
307 323 0.0156256 92 0.0156256 
134 293 0.00548718 90 0.00548718 
273 264 0.0138414 87 0.0138414 
165 272 0.00173618 86 0.00173618 
551 221 0.0330591 85 0.0330591 
382 284 0.0236695 85 0.0236695 
10 391 0.0138414 84 0.0138414 
165 393 0.00907064 83 0.00907064 
140 374 0.0204089 83 0.0204089 
134 325 0.00100785 79 0.00100785 
416 334 0.0330591 79 0.0330591 
550 357 0.00367324 77 0.00367324 
11 260 0.0177785 77 0.0177785 
550 371 0.0039064 77 0.0039064 
74 336 0.0204089 77 0.0204089 
15 400 0.0156256 76 0.0156256 
476 278 0.0138414 75 0.0138414 
530 354 0.0204089 75 0.0204089 
208 296 0.0204089 75 0.0204089 
122 344 0.00510224 74 0.00510224 
305 249 0.0236695 74 0.0236695 
496 232 0.00826478 72 0.00826478 
23 202 0.0236695 72 0.0236695 
205 274 0.0236695 72 0.0236695 
259 353 0.0277788 72 0.0277788 
530 345 0.0236695 71 0.0236695 
188 265 0.000553654 70 0.000553654 
257 250 0.00591739 69 0.00591739 
218 253 0.0123462 69 0.0123462 
251 247 0.00326543 69 0.00326543 
134 282 0.0236695 68 0.0236695 
59 346 0.0277788 68 0.0277788 
138 301 0.0204089 68 0.0204089 
290 272 0.00756173 66 0.00756173 
557 355 0.00226766 66 0.00226766 
243 280 0.00292195 66 0.00292195 
164 285 0.00367324 66 0.00367324 
492 313 0.0100004 65 0.0100004 
135 300 0.0177785 65 0.0177785 
157 263 0.0330591 64 0.0330591 
162 398 0.0204089 64 0.0204089 
17 319 0.00826478 64 0.00826478 
337 406 0.0138414 63 0.0138414 
143 385 0.0236695 63 0.0236695 
21 386 0.0138414 62 0.0138414 
350 234 0.0156256 61 0.0156256 
485 246 0.0277788 61 0.0277788 
18 213 0.0236695 60 0.0236695 
290 279 0.0039064 60 0.0039064 
380 266 0.00756173 60 0.00756173 
57 320 0.0100004 60 0.0100004 
422 269 0.00262995 59 0.00262995 
13 315 0.0236695 59 0.0236695 
259 259 0.0330591 59 0.0330591 
145 244 0.0177785 59 0.0177785 
166 385 0.00346034 59 0.00346034 
138 246 0.0123462 58 0.0123462 
276 292 0.0277788 58 0.0277788 
357 347 0.00640025 58 0.00640025 
459 364 0.00237963 58 0.00237963 
189 377 0.0236695 58 0.0236695 
545 364 0.00756173 58 0.00756173 
140 371 0.0110808 58 0.0110808 
123 316 0.00206619 57 0.00206619 
40 217 0.0123462 56 0.0123462 
501 235 0.0204089 56 0.0204089 
610 353 0.0330591 56 0.0330591 
59 334 0.0277788 56 0.0277788 
244 271 0.00181084 55 0.00181084 
251 277 0.00444461 55 0.00444461 
205 281 0.00756173 55 0.00756173 
189 370 0.0236695 55 0.0236695 
139 337 0.0236695 54 0.0236695 
529 330 0.0277788 54 0.0277788 
290 266 0.0177785 54 0.0177785 
425 238 0.00826478 54 0.00826478 
269 382 0.00640025 54 0.00640025 
192 271 0.0204089 54 0.0204089 
264 302 0.00640025 54 0.00640025 
315 330 0.00475643 54 0.00475643 
29 396 0.0156256 54 0.0156256 
165 337 0.0277788 54 0.0277788 
81 231 0.00826478 54 0.00826478 
257 300 0.0204089 54 0.0204089 
40 240 0.00475643 54 0.00475643 
265 254 0.0330591 54 0.0330591 
199 375 0.0330591 54 0.0330591 
161 264 0.0156256 54 0.0156256 
180 393 0.0236695 53 0.0236695 
494 250 0.0110808 53 0.0110808 
8 374 0.0236695 53 0.0236695 
475 259 0.00694471 53 0.00694471 
270 287 0.0204089 53 0.0204089 
564 366 0.00132236 53 0.00132236 
97 340 0.00640025 53 0.00640025 
57 341 0.00132236 53 0.00132236 
231 252 0.0330591 53 0.0330591 
417 318 0.0330591 52 0.0330591 
25 212 0.0277788 52 0.0277788 
97 232 0.0123462 52 0.0123462 
539 348 0.0330591 52 0.0330591 
74 346 0.0204089 52 0.0204089 
157 379 0.00189043 52 0.00189043 
93 325 0.0123462 52 0.0123462 
103 314 0.0277788 52 0.0277788 
172 337 0.000168669 51 0.000168669 
97 271 0.00118911 51 0.00118911 
110 316 0.00756173 51 0.00756173 
558 362 0.00173618 50 0.00173618 
314 290 0.0330591 50 0.0330591 
23 255 0.0330591 50 0.0330591 
109 308 0.0330591 50 0.0330591 
254 234 0.00142405 50 0.00142405 
530 322 0.0277788 50 0.0277788 
331 261 0.00132236 50 0.00132236 
145 258 0.0123462 49 0.0123462 
428 296 0.0277788 49 0.0277788 
496 251 0.00907064 49 0.00907064 
593 151 0.0277788 49 0.0277788 
243 265 0.00137179 49 0.00137179 
571 344 0.000865085 49 0.000865085 
255 240 0.00206619 49 0.00206619 
176 333 0.00025601 49 0.00025601 
106 322 0.0277788 49 0.0277788 
354 324 0.00444461 48 0.00444461 
367 233 0.0330591 48 0.0330591 
253 321 0.0177785 48 0.0177785 
115 302 0.0277788 48 0.0277788 
242 259 0.0204089 48 0.0204089 
492 249 0.0123462 47 0.0123462 
308 298 0.0236695 47 0.0236695 
256 362 0.0277788 47 0.0277788 
87 275 0.000918309 47 0.000918309 
291 293 0.00153793 47 0.00153793 
74 263 0.00044323 47 0.00044323 
320 306 0.00640025 47 0.00640025 
138 322 0.000865085 47 0.000865085 
279 304 0.00166604 47 0.00166604 
359 369 0.0138414 47 0.0138414 
141 368 0.00756173 46 0.00756173 
269 333 0.00367324 46 0.00367324 
243 297 0.0156256 46 0.0156256 
143 300 0.00826478 46 0.00826478 
278 256 0.0110808 46 0.0110808 
293 330 0.00237963 46 0.00237963 
206 289 0.00346034 46 0.00346034 
10 376 0.0138414 46 0.0138414 
85 276 0.000891101 46 0.000891101 
128 233 0.00826478 46 0.00826478 
380 243 0.00826478 46 0.00826478 
262 242 0.0138414 46 0.0138414 
489 232 0.00826478 46 0.00826478 
142 298 0.00907064 45 0.00907064 
252 260 0.0236695 45 0.0236695 
230 286 0.00153793 45 0.00153793 
583 381 0.00756173 45 0.00756173 
495 355 0.0204089 45 0.0204089 
256 285 0.00189043 45 0.00189043 
233 273 0.00416249 45 0.00416249 
534 323 0.00907064 45 0.00907064 
545 225 0.0110808 45 0.0110808 
184 340 0.000297277 45 0.000297277 
583 371 0.00756173 45 0.00756173 
126 243 0.0156256 45 0.0156256 
23 381 0.00262995 45 0.00262995 
309 196 0.0156256 44 0.0156256 
191 296 0.00826478 44 0.00826478 
538 375 0.0330591 44 0.0330591 
427 234 0.00510224 44 0.00510224 
67 341 0.00640025 44 0.00640025 
153 280 0.00756173 44 0.00756173 
144 325 0.000674676 44 0.000674676 
222 330 0.0123462 44 0.0123462 
332 279 0.0039064 44 0.0039064 
86 243 0.0236695 44 0.0236695 
230 260 0.0277788 44 0.0277788 
292 301 0.000516549 44 0.000516549 
492 325 0.0100004 44 0.0100004 
215 266 0.0156256 44 0.0156256 
212 306 0.000114391 43 0.000114391 
111 307 0.0236695 43 0.0236695 
95 213 0.0236695 43 0.0236695 
90 232 0.0156256 43 0.0156256 
251 362 0.0177785 43 0.0177785 
331 408 0.0277788 43 0.0277788 
139 305 0.0204089 43 0.0204089 
328 365 0.00694471 43 0.00694471 
89 337 0.00292195 43 0.00292195 
558 370 0.0110808 43 0.0110808 
18 384 0.00907064 43 0.00907064 
156 306 0.00694471 43 0.00694471 
241 378 0.00907064 42 0.00907064 
528 304 0.0156256 42 0.0156256 
352 374 0.00475643 42 0.00475643 
262 367 0.0330591 42 0.0330591 
29 376 0.0204089 42 0.0204089 
242 393 0.0110808 42 0.0110808 
179 380 0.0123462 42 0.0123462 
515 297 0.0156256 42 0.0156256 
553 317 0.0138414 42 0.0138414 
580 159 0.0330591 42 0.0330591 
34 372 0.00694471 42 0.00694471 
330 232 0.0204089 42 0.0204089 
235 312 0.00756173 42 0.00756173 
361 252 0.00548718 42 0.00548718 
473 318 0.000452711 42 0.000452711 
96 219 0.0204089 42 0.0204089 
301 296 0.00277019 42 0.00277019 
144 311 0.00346034 42 0.00346034 
241 364 0.00907064 41 0.00907064 
514 356 0.00640025 41 0.00640025 
58 332 0.00826478 41 0.00826478 
443 399 0.00367324 41 0.00367324 
205 346 0.0236695 41 0.0236695 
9 223 0.0236695 41 0.0236695 
63 325 0.0330591 41 0.0330591 
591 353 0.0100004 41 0.0100004 
15 373 0.0156256 41 0.0156256 
12 211 0.0156256 41 0.0156256 
590 354 0.00367324 41 0.00367324 
349 296 0.0100004 40 0.0100004 
542 352 0.0123462 40 0.0123462 
205 324 0.000692547 40 0.000692547 
354 329 0.0277788 40 0.0277788 
255 253 0.00142405 40 0.00142405 
526 355 0.00826478 40 0.00826478 
291 325 0.000540854 40 0.000540854 
223 299 0.0110808 40 0.0110808 
588 377 0.00416249 40 0.00416249 
425 399 0.0110808 40 0.0110808 
446 254 0.00548718 40 0.00548718 
444 291 0.00694471 40 0.00694471 
528 293 0.0177785 40 0.0177785 
485 236 0.0177785 40 0.0177785 
344 295 0.0277788 40 0.0277788 
52 374 0.0039064 39 0.0039064 
543 284 0.0100004 39 0.0100004 
519 401 0.0330591 39 0.0330591 
268 302 0.00416249 39 0.00416249 
175 210 0.0277788 39 0.0277788 
22 199 0.0123462 39 0.0123462 
179 204 0.0156256 39 0.0156256 
246 377 0.00907064 39 0.00907064 
206 298 0.00189043 39 0.00189043 
244 299 0.0177785 39 0.0177785 
457 249 0.0123462 39 0.0123462 
45 390 0.0110808 39 0.0110808 
243 227 0.0123462 39 0.0123462 
127 350 0.0123462 39 0.0123462 
125 218 0.0277788 39 0.0277788 
397 244 0.0236695 39 0.0236695 
22 197 0.00907064 39 0.00907064 
92 207 0.0204089 38 0.0204089 
223 344 0.0123462 38 0.0123462 
335 331 0.00475643 38 0.00475643 
492 236 0.0204089 38 0.0204089 
43 348 0.000674676 38 0.000674676 
154 305 0.0277788 38 0.0277788 
131 229 0.00206619 38 0.00206619 
289 241 0.00510224 38 0.00510224 
386 239 0.0177785 38 0.0177785 
352 222 0.0330591 38 0.0330591 
181 245 0.0330591 38 0.0330591 
155 281 0.00640025 38 0.00640025 
140 351 0.0277788 38 0.0277788 
34 339 0.0039064 38 0.0039064 
141 246 0.00907064 38 0.00907064 
108 328 0.0204089 37 0.0204089 
162 245 0.0330591 37 0.0330591 
60 242 0.0330591 37 0.0330591 
143 337 0.0138414 37 0.0138414 
522 253 0.00147935 37 0.00147935 
509 356 0.00153793 37 0.00153793 
264 354 0.0110808 37 0.0110808 
243 255 0.0110808 37 0.0110808 
244 255 0.000891101 37 0.000891101 
292 308 0.00189043 37 0.00189043 
425 326 0.00548718 37 0.00548718 
549 369 0.0204089 36 0.0204089 
265 339 0.0277788 36 0.0277788 
454 401 0.0138414 36 0.0138414 
31 396 0.0039064 36 0.0039064 
513 325 0.00591739 36 0.00591739 
314 259 0.0039064 36 0.0039064 
33 388 0.0277788 36 0.0277788 
42 397 0.0204089 36 0.0204089 
245 369 0.0204089 36 0.0204089 
46 211 0.00510224 36 0.00510224 
266 326 0.0204089 36 0.0204089 
135 303 0.0123462 36 0.0123462 
64 360 0.00756173 36 0.00756173 
277 386 0.0277788 36 0.0277788 
15 252 0.00907064 36 0.00907064 
336 305 0.0204089 36 0.0204089 
217 252 0.00326543 36 0.00326543 
474 252 0.0177785 36 0.0177785 
36 366 0.00444461 35 0.00444461 
223 374 0.0156256 35 0.0156256 
353 320 0.0277788 35 0.0277788 
364 354 0.0204089 35 0.0204089 
508 360 0.0204089 35 0.0204089 
567 386 0.0100004 35 0.0100004 
47 340 0.0039064 35 0.0039064 
20 323 0.00510224 35 0.00510224 
245 302 0.0204089 35 0.0204089 
389 208 0.0277788 35 0.0277788 
291 332 0.00127556 35 0.00127556 
83 344 0.00173618 35 0.00173618 
406 325 0.00444461 35 0.00444461 
290 303 0.000918309 35 0.000918309 
35 340 0.00104062 35 0.00104062 
38 315 0.0236695 35 0.0236695 
551 386 0.0277788 35 0.0277788 
262 270 0.00694471 35 0.00694471 
475 254 0.0138414 35 0.0138414 
580 268 0.0156256 34 0.0156256 
558 372 0.0123462 34 0.0123462 
411 380 0.00826478 34 0.00826478 
455 250 0.0100004 34 0.0100004 
540 361 0.0236695 34 0.0236695 
514 360 0.00216341 34 0.00216341 
206 217 0.0156256 34 0.0156256 
574 288 0.000816358 34 0.000816358 
344 331 0.0204089 34 0.0204089 
349 393 0.0277788 34 0.0277788 
127 367 0.0123462 34 0.0123462 
22 217 0.0100004 34 0.0100004 
394 246 0.00510224 34 0.00510224 
124 291 0.0330591 34 0.0330591 
278 372 0.00237963 34 0.00237963 
238 365 0.00292195 34 0.00292195 
162 219 0.0236695 33 0.0236695 
242 366 0.0039064 33 0.0039064 
515 354 0.00237963 33 0.00237963 
300 337 0.000793524 33 0.000793524 
249 312 0.0277788 33 0.0277788 
292 247 0.0138414 33 0.0138414 
248 329 0.00591739 33 0.00591739 
349 374 0.0277788 33 0.0277788 
331 389 0.00189043 33 0.00189043 
205 371 0.0204089 33 0.0204089 
257 385 0.00756173 33 0.00756173 
325 330 0.00197538 33 0.00197538 
349 379 0.0277788 33 0.0277788 
507 209 0.00907064 33 0.00907064 
476 285 0.0156256 33 0.0156256 
417 380 0.0204089 33 0.0204089 
270 251 0.0177785 32 0.0177785 
290 228 0.0236695 32 0.0236695 
513 321 0.00756173 32 0.00756173 
434 325 0.000164372 32 0.000164372 
497 221 0.00237963 32 0.00237963 
579 255 0.0236695 32 0.0236695 
399 317 0.0204089 32 0.0204089 
272 245 0.00694471 32 0.00694471 
240 313 0.0123462 32 0.0123462 
359 379 0.0156256 32 0.0156256 
590 357 0.00907064 32 0.00907064 
35 210 0.00416249 32 0.00416249 
219 257 0.0039064 32 0.0039064 
555 365 0.00640025 32 0.00640025 
265 336 0.0236695 31 0.0236695 
336 253 0.000891101 31 0.000891101 
321 369 0.0236695 31 0.0236695 
421 241 0.000730488 31 0.000730488 
524 350 0.00640025 31 0.00640025 
237 369 0.0236695 31 0.0236695 
175 252 0.00118911 31 0.00118911 
498 289 0.00475643 31 0.00475643 
120 221 0.0138414 31 0.0138414 
422 261 0.00173618 31 0.00173618 
169 367 0.000946782 31 0.000946782 
521 329 0.00548718 31 0.00548718 
256 375 0.00173618 31 0.00173618 
549 349 0.00326543 31 0.00326543 
179 301 0.0330591 31 0.0330591 
98 213 0.00142405 31 0.00142405 
245 310 0.0330591 31 0.0330591 
239 280 0.00237963 31 0.00237963 
117 218 0.0330591 31 0.0330591 
168 375 0.0277788 31 0.0277788 
179 267 0.00308654 31 0.00308654 
275 296 0.0177785 31 0.0177785 
187 253 0.00591739 31 0.00591739 
528 193 0.0123462 31 0.0123462 
269 394 0.00591739 31 0.00591739 
327 302 0.0277788 31 0.0277788 
492 226 0.0039064 31 0.0039064 
416 327 0.0330591 31 0.0330591 
143 348 0.0138414 31 0.0138414 
186 372 0.0138414 31 0.0138414 
399 333 0.0177785 31 0.0177785 
62 388 0.0138414 30 0.0138414 
361 346 0.0123462 30 0.0123462 
147 361 0.000692547 30 0.000692547 
399 345 0.000182622 30 0.000182622 
129 312 0.00132236 30 0.00132236 
127 344 0.0110808 30 0.0110808 
381 271 0.0177785 30 0.0177785 
427 397 0.0138414 30 0.0138414 
110 232 0.0138414 30 0.0138414 
60 375 0.0123462 30 0.0123462 
576 376 0.0330591 30 0.0330591 
120 310 0.0204089 30 0.0204089 
172 283 0.00591739 30 0.00591739 
19 205 0.00591739 30 0.00591739 
365 223 0.00475643 29 0.00475643 
436 328 0.00197538 29 0.00197538 
67 329 0.00326543 29 0.00326543 
43 337 0.00277019 29 0.00277019 
17 247 0.0156256 29 0.0156256 
301 327 0.000793524 29 0.000793524 
98 220 0.0025001 29 0.0025001 
127 338 0.0110808 29 0.0110808 
251 341 0.0110808 29 0.0110808 
352 296 0.00640025 29 0.00640025 
550 318 0.00181084 29 0.00181084 
322 261 0.00216341 29 0.00216341 
281 295 0.00237963 29 0.00237963 
27 370 0.0110808 29 0.0110808 
165 334 0.0156256 29 0.0156256 
79 327 0.0204089 29 0.0204089 
308 364 0.0138414 29 0.0138414 
503 225 0.0039064 29 0.0039064 
308 335 0.0123462 29 0.0123462 
385 269 0.0110808 29 0.0110808 
123 215 0.00694471 29 0.00694471 
47 393 0.00756173 29 0.00756173 
492 222 0.0123462 29 0.0123462 
125 308 0.0123462 29 0.0123462 
306 237 0.0204089 29 0.0204089 
31 333 0.00173618 28 0.00173618 
205 213 0.0330591 28 0.0330591 
68 337 0.00173618 28 0.00173618 
95 204 0.000946782 28 0.000946782 
389 219 0.00510224 28 0.00510224 
420 360 0.00756173 28 0.00756173 
174 290 0.0025001 28 0.0025001 
34 379 0.00237963 28 0.00237963 
12 222 0.0330591 28 0.0330591 
57 379 0.00694471 28 0.00694471 
12 340 0.0277788 28 0.0277788 
455 328 0.0277788 28 0.0277788 
273 293 0.00548718 28 0.00548718 
54 340 0.00907064 28 0.00907064 
17 376 0.0330591 28 0.0330591 
173 212 0.0177785 28 0.0177785 
513 257 0.00308654 28 0.00308654 
275 290 0.0177785 28 0.0177785 
39 324 0.00510224 28 0.00510224 
329 325 0.00548718 28 0.00548718 
581 355 0.00181084 28 0.00181084 
569 324 0.000865085 28 0.000865085 
166 349 0.0177785 28 0.0177785 
298 293 0.00826478 28 0.00826478 
244 334 0.00346034 28 0.00346034 
35 204 0.0277788 28 0.0277788 
332 247 0.000793524 28 0.000793524 
51 317 0.0236695 28 0.0236695 
500 318 0.00346034 27 0.00346034 
290 323 0.00907064 27 0.00907064 
512 330 0.0277788 27 0.0277788 
419 381 0.0330591 27 0.0330591 
122 307 0.0277788 27 0.0277788 
439 257 0.0039064 27 0.0039064 
363 320 0.0138414 27 0.0138414 
242 311 0.0204089 27 0.0204089 
165 344 0.000143431 27 0.000143431 
264 313 0.00907064 27 0.00907064 
426 327 0.0204089 27 0.0204089 
61 346 0.00189043 27 0.00189043 
120 352 0.0204089 27 0.0204089 
221 261 0.00475643 27 0.00475643 
449 216 0.0330591 27 0.0330591 
363 372 0.00756173 27 0.00756173 
568 379 0.0330591 27 0.0330591 
356 225 0.00416249 27 0.00416249 
349 407 0.0123462 27 0.0123462 
56 363 0.0177785 27 0.0177785 
385 226 0.0123462 27 0.0123462 
382 237 0.0236695 27 0.0236695 
548 312 0.00591739 27 0.00591739 
7 151 0.0330591 27 0.0330591 
57 371 0.00640025 27 0.00640025 
324 359 0.00444461 27 0.00444461 
460 272 0.0100004 27 0.0100004 
208 297 0.00181084 27 0.00181084 
390 328 0.000711138 27 0.000711138 
355 138 0.00756173 27 0.00756173 
474 280 0.00147935 27 0.00147935 
503 358 0.00107502 26 0.00107502 
54 269 0.000674676 26 0.000674676 
58 345 0.00826478 26 0.00826478 
216 234 0.00166604 26 0.00166604 
138 363 0.0204089 26 0.0204089 
223 382 0.00142405 26 0.00142405 
283 353 0.00166604 26 0.00166604 
381 227 0.0138414 26 0.0138414 
127 309 0.00137179 26 0.00137179 
260 213 0.0123462 26 0.0123462 
353 299 0.00548718 26 0.00548718 
188 328 0.0138414 26 0.0138414 
300 251 0.00756173 26 0.00756173 
286 238 0.0277788 26 0.0277788 
204 205 0.0277788 26 0.0277788 
303 329 0.00591739 26 0.00591739 
403 195 0.00756173 26 0.00756173 
120 368 0.00510224 26 0.00510224 
207 318 0.000816358 26 0.000816358 
255 321 0.0123462 26 0.0123462 
46 224 0.0236695 26 0.0236695 
11 411 0.0204089 26 0.0204089 
10 404 0.0277788 26 0.0277788 
411 301 0.00640025 25 0.00640025 
587 391 0.0330591 25 0.0330591 
300 368 0.0277788 25 0.0277788 
96 207 0.00346034 25 0.00346034 
424 230 0.000553654 25 0.000553654 
381 323 0.00114914 25 0.00114914 
282 377 0.00173618 25 0.00173618 
204 233 0.000204089 25 0.000204089 
19 227 0.00907064 25 0.00907064 
157 218 0.0330591 25 0.0330591 
272 377 0.0330591 25 0.0330591 
343 358 0.0236695 25 0.0236695 
520 205 0.00262995 25 0.00262995 
358 127 0.0138414 25 0.0138414 
466 324 0.000349389 25 0.000349389 
311 328 0.00127556 25 0.00127556 
435 324 0.000110808 25 0.000110808 
8 314 0.0236695 25 0.0236695 
457 277 0.00694471 25 0.00694471 
399 318 0.00118911 25 0.00118911 
355 131 0.0330591 25 0.0330591 
137 264 0.00444461 25 0.00444461 
347 226 0.0156256 25 0.0156256 
249 383 0.00277019 25 0.00277019 
308 299 0.00416249 25 0.00416249 
108 325 0.0156256 25 0.0156256 
123 294 0.0204089 25 0.0204089 
393 226 0.0156256 25 0.0156256 
309 200 0.00907064 25 0.00907064 
60 324 0.00591739 25 0.00591739 
537 235 0.00132236 25 0.00132236 
71 376 0.0156256 24 0.0156256 
272 385 0.0110808 24 0.0110808 
297 198 0.0330591 24 0.0330591 
492 273 0.0123462 24 0.0123462 
426 271 0.00216341 24 0.00216341 
72 323 0.00640025 24 0.00640025 
583 253 0.0138414 24 0.0138414 
449 363 0.00640025 24 0.00640025 
182 307 0.00591739 24 0.00591739 
365 356 0.0277788 24 0.0277788 
142 339 0.0110808 24 0.0110808 
261 397 0.0277788 24 0.0277788 
165 318 0.000135213 24 0.000135213 
507 190 0.00160006 24 0.00160006 
135 292 0.0277788 24 0.0277788 
155 412 0.00694471 24 0.00694471 
306 313 0.000483052 24 0.000483052 
603 229 0.0177785 24 0.0177785 
266 372 0.00216341 24 0.00216341 
197 279 0.000229577 24 0.000229577 
92 209 0.00118911 24 0.00118911 
409 189 0.0330591 24 0.0330591 
191 255 0.0100004 24 0.0100004 
281 334 0.000369837 23 0.000369837 
52 327 0.0039064 23 0.0039064 
264 371 0.00591739 23 0.00591739 
187 241 0.00756173 23 0.00756173 
238 334 0.00216341 23 0.00216341 
404 189 0.0277788 23 0.0277788 
465 243 0.0177785 23 0.0177785 
259 229 0.0156256 23 0.0156256 
291 328 0.00118911 23 0.00118911 
591 366 0.00907064 23 0.00907064 
351 370 0.00416249 23 0.00416249 
578 362 0.0236695 23 0.0236695 
494 278 0.00907064 23 0.00907064 
211 284 0.0123462 23 0.0123462 
380 275 0.00326543 23 0.00326543 
167 215 0.00756173 23 0.00756173 
195 335 0.00444461 23 0.00444461 
168 301 0.0100004 23 0.0100004 
276 268 0.00640025 23 0.00640025 
245 131 0.0330591 23 0.0330591 
138 224 0.00137179 23 0.00137179 
116 213 0.0236695 23 0.0236695 
509 320 0.00181084 23 0.00181084 
491 216 0.0204089 23 0.0204089 
180 241 0.0204089 23 0.0204089 
32 300 0.00826478 23 0.00826478 
427 301 0.0177785 23 0.0177785 
566 325 0.00694471 23 0.00694471 
274 336 0.000302469 23 0.000302469 
308 374 0.0123462 23 0.0123462 
536 360 0.0012312 23 0.0012312 
240 318 0.0330591 23 0.0330591 
292 370 0.0138414 23 0.0138414 
452 293 0.00292195 22 0.00292195 
283 327 0.00694471 22 0.00694471 
424 290 0.0138414 22 0.0138414 
310 295 0.00694471 22 0.00694471 
184 299 0.0156256 22 0.0156256 
413 222 0.00142405 22 0.00142405 
249 378 0.00640025 22 0.00640025 
497 236 0.0025001 22 0.0025001 
330 191 0.0236695 22 0.0236695 
223 343 0.00132236 22 0.00132236 
258 226 0.000946782 22 0.000946782 
192 245 0.0236695 22 0.0236695 
503 410 0.000640948 22 0.000640948 
286 293 0.00756173 22 0.00756173 
607 164 0.0138414 22 0.0138414 
184 265 0.0039064 22 0.0039064 
75 351 0.00756173 22 0.00756173 
124 355 0.000324661 22 0.000324661 
249 230 0.0330591 22 0.0330591 
268 325 0.00756173 22 0.00756173 
399 247 0.00346034 22 0.00346034 
591 242 0.0204089 22 0.0204089 
86 283 0.0012312 22 0.0012312 
328 406 0.0156256 22 0.0156256 
45 377 0.0277788 22 0.0277788 
105 245 0.0138414 22 0.0138414 
32 212 0.0123462 22 0.0123462 
42 364 0.0204089 22 0.0204089 
555 218 0.0123462 22 0.0123462 
176 212 0.0177785 22 0.0177785 
188 226 0.00226766 22 0.00226766 
386 291 0.000392133 22 0.000392133 
514 358 0.00197538 22 0.00197538 
185 294 0.0330591 22 0.0330591 
125 311 0.00907064 22 0.00907064 
189 290 0.0330591 22 0.0330591 
426 366 0.000472608 22 0.000472608 
58 361 0.0110808 22 0.0110808 
540 224 0.00548718 22 0.00548718 
432 315 0.0156256 22 0.0156256 
50 378 0.0330591 21 0.0330591 
513 336 0.0156256 21 0.0156256 
448 205 0.0110808 21 0.0110808 
48 252 0.00147935 21 0.00147935 
163 349 0.0177785 21 0.0177785 
410 233 0.00907064 21 0.00907064 
208 292 0.0236695 21 0.0236695 
185 219 0.0138414 21 0.0138414 
222 263 0.00510224 21 0.00510224 
382 368 0.0156256 21 0.0156256 
519 300 0.0177785 21 0.0177785 
271 363 0.0277788 21 0.0277788 
380 317 0.000540854 21 0.000540854 
279 274 0.0330591 21 0.0330591 
316 319 0.000141729 21 0.000141729 
216 288 0.0177785 21 0.0177785 
17 301 0.0110808 21 0.0110808 
279 233 0.0204089 21 0.0204089 
104 216 0.00189043 21 0.00189043 
339 233 0.0204089 21 0.0204089 
430 311 0.000201205 21 0.000201205 
297 365 0.000730488 21 0.000730488 
233 249 0.0177785 21 0.0177785 
69 240 0.0204089 21 0.0204089 
494 409 0.0156256 21 0.0156256 
118 338 0.00326543 21 0.00326543 
156 309 0.0204089 21 0.0204089 
382 326 0.00197538 21 0.00197538 
263 319 0.0123462 21 0.0123462 
44 315 0.0236695 21 0.0236695 
415 210 0.000771635 21 0.000771635 
37 325 0.00416249 21 0.00416249 
229 302 0.0204089 21 0.0204089 
165 346 0.00137179 21 0.00137179 
20 258 0.00548718 21 0.00548718 
20 226 0.00367324 21 0.00367324 
501 323 0.00292195 21 0.00292195 
455 233 0.0025001 21 0.0025001 
204 372 0.00907064 21 0.00907064 
492 334 0.0110808 21 0.0110808 
261 368 0.00907064 21 0.00907064 
304 296 0.0138414 21 0.0138414 
20 266 0.0236695 21 0.0236695 
498 362 0.000793524 21 0.000793524 
364 284 0.00694471 21 0.00694471 
508 294 0.00694471 21 0.00694471 
19 371 0.0277788 21 0.0277788 
505 275 0.0009766 21 0.0009766 
526 210 0.0110808 21 0.0110808 
40 370 0.00147935 20 0.00147935 
147 310 0.0156256 20 0.0156256 
352 371 0.0138414 20 0.0138414 
223 376 0.00640025 20 0.00640025 
186 194 0.0330591 20 0.0330591 
362 288 0.00548718 20 0.00548718 
454 272 0.0236695 20 0.0236695 
196 251 0.0236695 20 0.0236695 
481 331 0.000609687 20 0.000609687 
561 268 0.00694471 20 0.00694471 
513 365 0.00694471 20 0.00694471 
542 293 0.0138414 20 0.0138414 
480 282 0.00826478 20 0.00826478 
289 387 0.0123462 20 0.0123462 
184 317 0.0236695 20 0.0236695 
196 260 0.0330591 20 0.0330591 
216 337 0.00444461 20 0.00444461 
127 303 0.00444461 20 0.00444461 
42 326 0.00367324 20 0.00367324 
244 244 0.000640948 20 0.000640948 
566 309 0.0177785 20 0.0177785 
357 241 0.000356012 20 0.000356012 
180 377 0.00548718 20 0.00548718 
183 333 0.00237963 20 0.00237963 
224 382 0.0156256 20 0.0156256 
125 222 0.0277788 20 0.0277788 
161 322 0.000126252 20 0.000126252 
307 310 0.0236695 20 0.0236695 
190 202 0.0123462 20 0.0123462 
265 247 0.0330591 20 0.0330591 
577 350 0.0330591 20 0.0330591 
36 352 0.0330591 20 0.0330591 
142 305 0.00510224 20 0.00510224 
593 243 0.0156256 20 0.0156256 
231 373 0.00262995 19 0.00262995 
468 426 0.00226766 19 0.00226766 
152 260 0.000692547 19 0.000692547 
391 322 0.00226766 19 0.00226766 
352 253 0.00277019 19 0.00277019 
381 287 0.00147935 19 0.00147935 
30 301 0.00907064 19 0.00907064 
467 278 0.0138414 19 0.0138414 
145 324 0.00160006 19 0.00160006 
269 255 0.0236695 19 0.0236695 
533 361 0.0110808 19 0.0110808 
512 226 0.0236695 19 0.0236695 
30 263 0.00548718 19 0.00548718 
449 236 0.00206619 19 0.00206619 
147 158 0.0330591 19 0.0330591 
317 364 0.00237963 19 0.00237963 
552 287 0.00326543 19 0.00326543 
490 214 0.00147935 19 0.00147935 
310 188 0.0110808 19 0.0110808 
141 275 0.0277788 19 0.0277788 
232 214 0.0330591 19 0.0330591 
288 368 0.00756173 19 0.00756173 
240 347 0.0277788 19 0.0277788 
133 217 0.00104062 19 0.00104062 
426 227 0.0156256 19 0.0156256 
106 332 0.000356012 19 0.000356012 
436 353 0.0277788 19 0.0277788 
523 247 0.00111115 19 0.00111115 
432 326 0.0204089 19 0.0204089 
230 336 0.00226766 19 0.00226766 
538 223 0.0156256 19 0.0156256 
570 361 0.000918309 19 0.000918309 
356 270 0.0236695 19 0.0236695 
148 343 0.00510224 19 0.00510224 
520 407 0.00907064 19 0.00907064 
469 203 0.0204089 19 0.0204089 
197 377 0.00591739 19 0.00591739 
471 336 0.0156256 19 0.0156256 
275 368 0.0123462 19 0.0123462 
69 247 0.0277788 19 0.0277788 
501 204 0.000840192 18 0.000840192 
20 234 0.0236695 18 0.0236695 
75 207 0.0236695 18 0.0236695 
217 336 0.00216341 18 0.00216341 
236 245 0.00907064 18 0.00907064 
354 133 0.0204089 18 0.0204089 
184 282 0.00114914 18 0.00114914 
240 229 0.000816358 18 0.000816358 
502 332 0.00216341 18 0.00216341 
237 391 0.0236695 18 0.0236695 
55 356 0.0204089 18 0.0204089 
212 318 0.0236695 18 0.0236695 
379 386 0.0277788 18 0.0277788 
591 367 0.0277788 18 0.0277788 
444 319 0.0204089 18 0.0204089 
342 367 0.0330591 18 0.0330591 
83 220 0.00277019 18 0.00277019 
488 266 0.0177785 18 0.0177785 
325 339 0.0330591 18 0.0330591 
100 226 0.0156256 18 0.0156256 
208 319 0.0177785 18 0.0177785 
374 370 0.0177785 18 0.0177785 
274 333 0.00262995 18 0.00262995 
366 331 0.0156256 18 0.0156256 
282 296 0.000730488 18 0.000730488 
346 239 0.00591739 18 0.00591739 
37 298 0.00591739 18 0.00591739 
601 246 0.00826478 18 0.00826478 
275 288 0.00756173 18 0.00756173 
350 254 0.0025001 18 0.0025001 
40 328 0.00308654 18 0.00308654 
227 301 0.0156256 18 0.0156256 
348 305 0.0204089 18 0.0204089 
288 365 0.00548718 18 0.00548718 
473 281 0.00826478 18 0.00826478 
447 288 0.00444461 18 0.00444461 
527 212 0.00147935 18 0.00147935 
483 322 0.00277019 18 0.00277019 
273 241 0.00416249 18 0.00416249 
226 313 0.00277019 18 0.00277019 
141 212 0.000771635 18 0.000771635 
39 330 0.0100004 18 0.0100004 
342 382 0.0330591 18 0.0330591 
211 293 0.00475643 18 0.00475643 
49 362 0.00640025 18 0.00640025 
485 194 0.0177785 18 0.0177785 
58 193 0.0177785 18 0.0177785 
46 203 0.0156256 18 0.0156256 
508 203 0.00444461 17 0.00444461 
167 256 0.000891101 17 0.000891101 
80 341 0.0039064 17 0.0039064 
465 283 0.0100004 17 0.0100004 
34 328 0.00277019 17 0.00277019 
95 203 0.0100004 17 0.0100004 
502 202 0.00444461 17 0.00444461 
399 286 0.00826478 17 0.00826478 
418 388 0.00262995 17 0.00262995 
190 225 0.00475643 17 0.00475643 
492 213 0.0123462 17 0.0123462 
510 349 0.0236695 17 0.0236695 
34 378 0.00826478 17 0.00826478 
91 190 0.00206619 17 0.00206619 
210 215 0.00907064 17 0.00907064 
76 357 0.0236695 17 0.0236695 
339 343 0.000114391 17 0.000114391 
152 329 0.000493846 17 0.000493846 
227 222 0.00548718 17 0.00548718 
308 339 0.0156256 17 0.0156256 
138 379 0.0204089 17 0.0204089 
303 245 0.0177785 17 0.0177785 
410 223 0.0138414 17 0.0138414 
231 318 0.0330591 17 0.0330591 
222 324 0.000297277 17 0.000297277 
55 289 0.00206619 17 0.00206619 
598 342 0.0204089 17 0.0204089 
321 396 0.00694471 17 0.00694471 
417 199 0.0236695 17 0.0236695 
342 266 0.00111115 17 0.00111115 
255 208 0.0330591 17 0.0330591 
257 268 0.00367324 17 0.00367324 
360 222 0.00292195 17 0.00292195 
493 234 0.00591739 17 0.00591739 
363 367 0.00694471 17 0.00694471 
381 289 0.0110808 17 0.0110808 
526 285 0.0110808 17 0.0110808 
277 282 0.0110808 17 0.0110808 
200 282 0.0138414 17 0.0138414 
496 268 0.00160006 17 0.00160006 
191 196 0.0156256 17 0.0156256 
134 352 0.00160006 17 0.00160006 
306 256 0.00640025 17 0.00640025 
498 171 0.0204089 17 0.0204089 
537 210 0.00181084 17 0.00181084 
591 157 0.0204089 17 0.0204089 
448 221 0.0110808 17 0.0110808 
371 227 0.0110808 17 0.0110808 
533 356 0.0123462 17 0.0123462 
389 244 0.00826478 17 0.00826478 
218 232 0.0330591 17 0.0330591 
344 403 0.00548718 17 0.00548718 
482 353 0.000434044 17 0.000434044 
157 252 0.0330591 17 0.0330591 
185 215 0.0277788 17 0.0277788 
467 373 0.00127556 17 0.00127556 
430 158 0.0330591 16 0.0330591 
446 278 0.000891101 16 0.000891101 
35 191 0.00237963 16 0.00237963 
142 257 0.000891101 16 0.000891101 
544 365 0.00216341 16 0.00216341 
306 307 0.0123462 16 0.0123462 
143 335 0.0009766 16 0.0009766 
342 321 0.0123462 16 0.0123462 
354 262 0.00640025 16 0.00640025 
30 198 0.00475643 16 0.00475643 
462 244 0.0123462 16 0.0123462 
181 211 0.00640025 16 0.00640025 
290 214 0.00591739 16 0.00591739 
374 135 0.0156256 16 0.0156256 
259 340 0.0156256 16 0.0156256 
337 310 0.0330591 16 0.0330591 
344 338 0.0177785 16 0.0177785 
295 235 0.0156256 16 0.0156256 
325 226 0.0330591 16 0.0330591 
157 231 0.00694471 16 0.00694471 
298 381 0.000711138 16 0.000711138 
284 373 0.0177785 16 0.0177785 
531 340 0.0156256 16 0.0156256 
388 252 0.0236695 16 0.0236695 
116 227 0.00591739 16 0.00591739 
40 229 0.0330591 16 0.0330591 
92 252 0.0177785 16 0.0177785 
240 384 0.00694471 16 0.00694471 
128 379 0.00262995 16 0.00262995 
442 301 0.0123462 16 0.0123462 
493 286 0.00367324 16 0.00367324 
490 197 0.0236695 16 0.0236695 
61 365 0.0277788 16 0.0277788 
549 352 0.00292195 16 0.00292195 
165 370 0.0110808 16 0.0110808 
78 241 0.00292195 16 0.00292195 
149 370 0.00416249 16 0.00416249 
507 314 0.0204089 16 0.0204089 
213 303 0.00277019 16 0.00277019 
272 256 0.00548718 16 0.00548718 
355 272 0.0277788 16 0.0277788 
304 351 0.0138414 16 0.0138414 
311 232 0.00826478 16 0.00826478 
554 286 0.00277019 16 0.00277019 
315 383 0.000771635 16 0.000771635 
470 299 0.000313271 16 0.000313271 
119 313 0.0138414 16 0.0138414 
444 414 0.0204089 16 0.0204089 
544 386 0.0277788 16 0.0277788 
325 384 0.0012312 16 0.0012312 
597 270 0.00907064 16 0.00907064 
67 326 0.0277788 16 0.0277788 
597 374 0.0277788 16 0.0277788 
444 324 0.00346034 16 0.00346034 
273 331 0.00147935 16 0.00147935 
427 154 0.0138414 16 0.0138414 
312 359 0.000416509 16 0.000416509 
394 182 0.0204089 16 0.0204089 
54 327 0.0204089 16 0.0204089 
51 384 0.0138414 16 0.0138414 
307 386 0.00111115 16 0.00111115 
492 299 0.0277788 16 0.0277788 
480 261 0.0110808 16 0.0110808 
464 265 0.0123462 15 0.0123462 
487 384 0.00444461 15 0.00444461 
186 366 0.0110808 15 0.0110808 
203 317 0.0330591 15 0.0330591 
50 247 0.00181084 15 0.00181084 
383 371 0.0123462 15 0.0123462 
291 256 0.0025001 15 0.0025001 
292 297 0.0204089 15 0.0204089 
282 270 0.0330591 15 0.0330591 
77 394 0.0177785 15 0.0177785 
500 356 0.00548718 15 0.00548718 
328 231 0.0123462 15 0.0123462 
263 317 0.00367324 15 0.00367324 
422 305 0.0156256 15 0.0156256 
578 355 0.0204089 15 0.0204089 
429 349 0.000297277 15 0.000297277 
330 310 0.0156256 15 0.0156256 
491 386 0.00308654 15 0.00308654 
453 383 0.00111115 15 0.00111115 
429 173 0.0156256 15 0.0156256 
499 213 0.00132236 15 0.00132236 
29 171 0.0330591 15 0.0330591 
572 233 0.0110808 15 0.0110808 
526 317 0.00292195 15 0.00292195 
61 199 0.0156256 15 0.0156256 
549 363 0.00292195 15 0.00292195 
45 380 0.00346034 15 0.00346034 
196 406 0.00189043 15 0.00189043 
496 304 0.0236695 15 0.0236695 
603 247 0.00694471 15 0.00694471 
285 298 0.00111115 15 0.00111115 
132 271 0.00237963 15 0.00237963 
498 321 0.00142405 15 0.00142405 
195 220 0.0330591 15 0.0330591 
301 332 0.000730488 15 0.000730488 
19 218 0.00346034 15 0.00346034 
14 326 0.0138414 15 0.0138414 
360 280 0.0204089 15 0.0204089 
160 336 0.0110808 15 0.0110808 
298 299 0.00044323 15 0.00044323 
71 380 0.0039064 15 0.0039064 
599 245 0.00907064 15 0.00907064 
78 278 0.000750639 15 0.000750639 
371 322 0.000384482 15 0.000384482 
223 265 0.00548718 15 0.00548718 
360 224 0.0177785 15 0.0177785 
263 324 0.0039064 15 0.0039064 
464 401 0.0330591 15 0.0330591 
101 407 0.000462499 15 0.000462499 
466 350 0.000108511 15 0.000108511 
333 401 0.0330591 15 0.0330591 
352 387 0.0156256 15 0.0156256 
139 347 0.0012312 15 0.0012312 
305 370 0.0330591 15 0.0330591 
493 324 0.00475643 15 0.00475643 
83 354 0.0330591 15 0.0330591 
247 360 0.00826478 15 0.00826478 
274 280 0.00226766 15 0.00226766 
428 327 0.0039064 15 0.0039064 
229 307 0.00416249 15 0.00416249 
39 227 0.00226766 15 0.00226766 
318 317 0.000330591 15 0.000330591 
398 294 0.00416249 15 0.00416249 
249 345 0.000425141 15 0.000425141 
334 421 0.0110808 15 0.0110808 
255 347 0.000493846 15 0.000493846 
163 215 0.0123462 15 0.0123462 
370 334 0.000104127 15 0.000104127 
300 373 0.0330591 15 0.0330591 
274 277 0.00277019 15 0.00277019 
218 324 0.000472608 15 0.000472608 
137 338 0.0138414 14 0.0138414 
14 337 0.0138414 14 0.0138414 
532 348 0.0123462 14 0.0123462 
242 337 0.00756173 14 0.00756173 
33 284 0.00153793 14 0.00153793 
535 333 0.00756173 14 0.00756173 
463 206 0.00694471 14 0.00694471 
250 322 0.000236695 14 0.000236695 
201 228 0.0330591 14 0.0330591 
393 336 0.00277019 14 0.00277019 
63 215 0.00548718 14 0.00548718 
334 425 0.00640025 14 0.00640025 
40 281 0.0012312 14 0.0012312 
205 328 0.0277788 14 0.0277788 
294 161 0.0330591 14 0.0330591 
399 370 0.00118911 14 0.00118911 
183 239 0.0110808 14 0.0110808 
192 207 0.0110808 14 0.0110808 
70 249 0.0177785 14 0.0177785 
461 314 0.00216341 14 0.00216341 
39 326 0.0100004 14 0.0100004 
296 222 0.0236695 14 0.0236695 
405 388 0.00292195 14 0.00292195 
214 301 0.00694471 14 0.00694471 
144 254 0.00367324 14 0.00367324 
508 375 0.00166604 14 0.00166604 
267 261 0.00510224 14 0.00510224 
469 365 0.00591739 14 0.00591739 
576 318 0.00118911 14 0.00118911 
233 315 0.00510224 14 0.00510224 
538 316 0.00510224 14 0.00510224 
34 391 0.0012312 14 0.0012312 
500 277 0.0330591 14 0.0330591 
366 325 0.00756173 14 0.00756173 
476 323 0.00181084 14 0.00181084 
453 397 0.00262995 14 0.00262995 
289 371 0.00114914 14 0.00114914 
512 350 0.00510224 14 0.00510224 
201 336 0.000493846 14 0.000493846 
464 329 0.00548718 14 0.00548718 
398 315 0.000750639 14 0.000750639 
380 178 0.0277788 14 0.0277788 
229 386 0.00226766 14 0.00226766 
398 374 0.000657487 14 0.000657487 
46 395 0.00216341 14 0.00216341 
19 323 0.0330591 14 0.0330591 
417 390 0.0110808 14 0.0110808 
98 196 0.00416249 14 0.00416249 
288 390 0.00475643 14 0.00475643 
282 280 0.00756173 14 0.00756173 
464 377 0.0100004 14 0.0100004 
342 372 0.0330591 14 0.0330591 
53 354 0.0330591 14 0.0330591 
318 247 0.000516549 14 0.000516549 
47 334 0.000771635 14 0.000771635 
377 288 0.00756173 14 0.00756173 
186 303 0.00367324 14 0.00367324 
154 245 0.0277788 14 0.0277788 
243 302 0.000730488 13 0.000730488 
506 301 0.00367324 13 0.00367324 
538 251 0.00326543 13 0.00326543 
22 296 0.00475643 13 0.00475643 
400 289 0.00640025 13 0.00640025 
418 330 0.00640025 13 0.00640025 
246 244 0.0110808 13 0.0110808 
11 335 0.0204089 13 0.0204089 
456 232 0.0100004 13 0.0100004 
370 115 0.0156256 13 0.0156256 
199 214 0.00907064 13 0.00907064 
43 320 0.00907064 13 0.00907064 
325 402 0.00756173 13 0.00756173 
43 297 0.00444461 13 0.00444461 
129 192 0.00640025 13 0.00640025 
280 250 0.0204089 13 0.0204089 
387 288 0.00826478 13 0.00826478 
577 273 0.00160006 13 0.00160006 
234 213 0.00206619 13 0.00206619 
560 344 0.0110808 13 0.0110808 
504 232 0.0100004 13 0.0100004 
122 297 0.000553654 13 0.000553654 
564 378 0.0123462 13 0.0123462 
316 240 0.0177785 13 0.0177785 
161 333 0.0100004 13 0.0100004 
202 300 0.00694471 13 0.00694471 
129 288 0.0177785 13 0.0177785 
455 316 0.0277788 13 0.0277788 
323 301 0.0123462 13 0.0123462 
379 236 0.0330591 13 0.0330591 
169 199 0.0138414 13 0.0138414 
307 351 0.0138414 13 0.0138414 
435 391 0.0330591 13 0.0330591 
65 217 0.00127556 13 0.00127556 
426 206 0.000640948 13 0.000640948 
339 352 0.000324661 13 0.000324661 
37 332 0.0012312 13 0.0012312 
466 201 0.0138414 13 0.0138414 
80 337 0.0330591 13 0.0330591 
431 339 0.0277788 13 0.0277788 
458 208 0.0138414 13 0.0138414 
120 228 0.0156256 13 0.0156256 
381 395 0.0138414 13 0.0138414 
148 313 0.000313271 13 0.000313271 
217 279 0.000164372 13 0.000164372 
422 365 0.000425141 13 0.000425141 
552 272 0.0156256 13 0.0156256 
469 377 0.0277788 13 0.0277788 
149 208 0.0156256 13 0.0156256 
419 319 0.00591739 13 0.00591739 
590 343 0.0277788 13 0.0277788 
41 342 0.00226766 13 0.00226766 
127 301 0.0330591 13 0.0330591 
317 340 0.000210048 13 0.000210048 
195 283 0.0277788 13 0.0277788 
430 142 0.0330591 13 0.0330591 
10 371 0.0156256 13 0.0156256 
94 196 0.000674676 13 0.000674676 
177 362 0.0156256 13 0.0156256 
490 254 0.00548718 12 0.00548718 
78 340 0.00907064 12 0.00907064 
360 298 0.00137179 12 0.00137179 
220 207 0.0330591 12 0.0330591 
410 327 0.0330591 12 0.0330591 
482 383 0.00756173 12 0.00756173 
99 197 0.00907064 12 0.00907064 
79 384 0.000400015 12 0.000400015 
40 347 0.00907064 12 0.00907064 
504 202 0.00416249 12 0.00416249 
501 227 0.0277788 12 0.0277788 
380 280 0.00226766 12 0.00226766 
507 326 0.0236695 12 0.0236695 
413 226 0.0277788 12 0.0277788 
140 286 0.000918309 12 0.000918309 
376 122 0.0177785 12 0.0177785 
46 195 0.0100004 12 0.0100004 
227 244 0.0123462 12 0.0123462 
281 323 0.00118911 12 0.00118911 
349 363 0.0277788 12 0.0277788 
339 334 0.000173137 12 0.000173137 
553 241 0.00475643 12 0.00475643 
513 315 0.00591739 12 0.00591739 
486 282 0.0025001 12 0.0025001 
504 384 0.00292195 12 0.00292195 
69 380 0.0236695 12 0.0236695 
500 299 0.0025001 12 0.0025001 
359 363 0.0138414 12 0.0138414 
365 396 0.0277788 12 0.0277788 
514 303 0.00591739 12 0.00591739 
448 335 0.000213126 12 0.000213126 
306 377 0.000516549 12 0.000516549 
450 231 0.00756173 12 0.00756173 
380 392 0.0236695 12 0.0236695 
418 302 0.0110808 12 0.0110808 
498 220 0.0204089 12 0.0204089 
105 234 0.00907064 12 0.00907064 
515 325 0.00292195 12 0.00292195 
17 330 0.00756173 12 0.00756173 
540 338 0.0138414 12 0.0138414 
238 307 0.000594907 12 0.000594907 
504 331 0.00132236 12 0.00132236 
480 206 0.0204089 12 0.0204089 
200 340 0.00756173 12 0.00756173 
222 344 0.0330591 12 0.0330591 
356 339 0.000222775 12 0.000222775 
419 350 0.00756173 12 0.00756173 
332 349 0.000104127 12 0.000104127 
95 359 0.000175438 12 0.000175438 
382 322 0.00444461 12 0.00444461 
500 329 0.00416249 12 0.00416249 
491 246 0.0100004 12 0.0100004 
222 306 0.00510224 12 0.00510224 
89 247 0.0138414 12 0.0138414 
163 201 0.00237963 12 0.00237963 
393 179 0.0330591 12 0.0330591 
326 393 0.0110808 12 0.0110808 
138 185 0.0236695 12 0.0236695 
486 297 0.000330591 12 0.000330591 
117 215 0.00591739 12 0.00591739 
494 295 0.0123462 12 0.0123462 
300 293 0.0330591 12 0.0330591 
377 215 0.00277019 12 0.00277019 
164 189 0.0236695 12 0.0236695 
518 349 0.0177785 12 0.0177785 
513 336 0.00640025 12 0.00640025 
60 213 0.0236695 12 0.0236695 
209 249 0.0039064 12 0.0039064 
581 147 0.00444461 12 0.00444461 
65 351 0.000580658 12 0.000580658 
14 352 0.0123462 12 0.0123462 
319 391 0.00416249 12 0.00416249 
98 248 0.00197538 12 0.00197538 
69 237 0.00640025 12 0.00640025 
123 267 0.00367324 12 0.00367324 
416 355 0.0177785 12 0.0177785 
380 354 0.0204089 12 0.0204089 
238 304 0.0236695 12 0.0236695 
609 322 0.0277788 12 0.0277788 
140 345 0.0277788 12 0.0277788 
443 330 0.0177785 12 0.0177785 
551 135 0.0277788 12 0.0277788 
543 242 0.00237963 12 0.00237963 
199 331 0.00826478 12 0.00826478 
129 342 0.00826478 12 0.00826478 
26 378 0.00694471 12 0.00694471 
248 249 0.0277788 11 0.0277788 
100 223 0.00907064 11 0.00907064 
309 319 0.00142405 11 0.00142405 
170 257 0.00346034 11 0.00346034 
442 248 0.0177785 11 0.0177785 
292 287 0.0100004 11 0.0100004 
94 243 0.00292195 11 0.00292195 
79 240 0.0236695 11 0.0236695 
504 210 0.00104062 11 0.00104062 
361 169 0.0330591 11 0.0330591 
453 328 0.000156256 11 0.000156256 
590 317 0.0039064 11 0.0039064 
314 267 0.00756173 11 0.00756173 
538 379 0.0330591 11 0.0330591 
571 258 0.00756173 11 0.00756173 
334 383 0.0204089 11 0.0204089 
560 230 0.0138414 11 0.0138414 
197 299 0.0330591 11 0.0330591 
272 394 0.00416249 11 0.00416249 
141 343 0.00640025 11 0.00640025 
48 341 0.0025001 11 0.0025001 
401 179 0.0156256 11 0.0156256 
596 313 0.00756173 11 0.00756173 
247 373 0.0330591 11 0.0330591 
74 377 0.00292195 11 0.00292195 
455 320 0.0277788 11 0.0277788 
256 317 0.00826478 11 0.00826478 
26 335 0.0123462 11 0.0123462 
392 324 0.0123462 11 0.0123462 
189 303 0.0123462 11 0.0123462 
227 396 0.00416249 11 0.00416249 
542 265 0.0236695 11 0.0236695 
524 240 0.000816358 11 0.000816358 
238 339 0.00216341 11 0.00216341 
356 155 0.0123462 11 0.0123462 
21 338 0.00475643 11 0.00475643 
413 240 0.00107502 11 0.00107502 
593 297 0.00694471 11 0.00694471 
361 196 0.00640025 11 0.00640025 
40 385 0.00475643 11 0.00475643 
179 328 0.0236695 11 0.0236695 
221 295 0.00308654 11 0.00308654 
496 272 0.0330591 11 0.0330591 
181 331 0.000553654 11 0.000553654 
356 182 0.0277788 11 0.0277788 
19 227 0.0277788 11 0.0277788 
315 303 0.0039064 11 0.0039064 
538 216 0.0100004 11 0.0100004 
215 299 0.000711138 11 0.000711138 
345 325 0.00206619 11 0.00206619 
204 250 0.00591739 11 0.00591739 
580 136 0.0236695 11 0.0236695 
243 219 0.00444461 11 0.00444461 
590 268 0.0138414 11 0.0138414 
189 338 0.00166604 11 0.00166604 
312 270 0.0138414 11 0.0138414 
85 215 0.0277788 11 0.0277788 
238 321 0.0156256 11 0.0156256 
383 205 0.00907064 11 0.00907064 
198 232 0.0156256 11 0.0156256 
134 307 0.00444461 11 0.00444461 
314 232 0.00640025 11 0.00640025 
186 347 0.00181084 11 0.00181084 
230 337 0.00416249 11 0.00416249 
156 312 0.0138414 11 0.0138414 
450 237 0.0277788 11 0.0277788 
162 256 0.00591739 11 0.00591739 
488 410 0.0204089 11 0.0204089 
112 310 0.0138414 11 0.0138414 
424 390 0.00475643 11 0.00475643 
595 339 0.0110808 11 0.0110808 
468 174 0.00308654 11 0.00308654 
343 421 0.0138414 11 0.0138414 
389 348 0.00147935 11 0.00147935 
590 329 0.00326543 11 0.00326543 
106 337 0.00142405 10 0.00142405 
349 238 0.00756173 10 0.00756173 
247 219 0.000609687 10 0.000609687 
18 395 0.00907064 10 0.00907064 
232 376 0.000918309 10 0.000918309 
159 302 0.000313271 10 0.000313271 
38 238 0.00262995 10 0.00262995 
37 246 0.00262995 10 0.00262995 
512 226 0.00346034 10 0.00346034 
80 343 0.0330591 10 0.0330591 
293 250 0.0039064 10 0.0039064 
33 383 0.00127556 10 0.00127556 
77 334 0.00591739 10 0.00591739 
263 293 0.00107502 10 0.00107502 
230 353 0.00118911 10 0.00118911 
173 286 0.00206619 10 0.00206619 
189 261 0.000362826 10 0.000362826 
124 333 0.000553654 10 0.000553654 
218 370 0.00591739 10 0.00591739 
604 357 0.0330591 10 0.0330591 
218 349 0.000657487 10 0.000657487 
432 240 0.00104062 10 0.00104062 
155 255 0.0177785 10 0.0177785 
521 298 0.00475643 10 0.00475643 
292 287 0.0277788 10 0.0277788 
468 406 0.0100004 10 0.0100004 
119 197 0.00694471 10 0.00694471 
378 210 0.0156256 10 0.0156256 
436 371 0.00416249 10 0.00416249 
515 266 0.00153793 10 0.00153793 
30 359 0.0110808 10 0.0110808 
144 198 0.0330591 10 0.0330591 
158 325 0.00367324 10 0.00367324 
249 374 0.00548718 10 0.00548718 
133 394 0.00444461 10 0.00444461 
577 262 0.00326543 10 0.00326543 
112 210 0.0100004 10 0.0100004 
193 215 0.0100004 10 0.0100004 
322 379 0.000946782 10 0.000946782 
498 338 0.00147935 10 0.00147935 
155 214 0.0123462 10 0.0123462 
96 223 0.0100004 10 0.0100004 
86 375 0.00367324 10 0.00367324 
495 345 0.000674676 10 0.000674676 
243 308 0.00826478 10 0.00826478 
249 241 0.0236695 10 0.0236695 
356 394 0.00640025 10 0.00640025 
245 359 0.0204089 10 0.0204089 
435 225 0.0236695 10 0.0236695 
155 298 0.000219487 10 0.000219487 
467 414 0.00510224 10 0.00510224 
310 215 0.00308654 10 0.00308654 
299 297 0.00640025 10 0.00640025 
326 377 0.00548718 10 0.00548718 
104 187 0.0236695 10 0.0236695 
380 331 0.00114914 10 0.00114914 
571 253 0.0138414 10 0.0138414 
178 285 0.00160006 10 0.00160006 
450 285 0.00308654 10 0.00308654 
562 316 0.00226766 10 0.00226766 
424 338 0.00694471 10 0.00694471 
64 341 0.00137179 10 0.00137179 
526 282 0.00756173 10 0.00756173 
222 321 0.00173618 10 0.00173618 
253 275 0.0012312 10 0.0012312 
191 290 0.00237963 10 0.00237963 
191 348 0.00153793 10 0.00153793 
568 232 0.0177785 10 0.0177785 
185 331 0.00756173 10 0.00756173 
149 240 0.00826478 10 0.00826478 
356 372 0.00326543 10 0.00326543 
253 211 0.0177785 10 0.0177785 
322 244 0.0204089 10 0.0204089 
118 277 0.00756173 10 0.00756173 
382 211 0.00206619 10 0.00206619 
361 278 0.0204089 10 0.0204089 
376 291 0.00591739 10 0.00591739 
263 383 0.00367324 10 0.00367324 
330 397 0.0330591 9 0.0330591 
30 173 0.0277788 9 0.0277788 
222 386 0.00826478 9 0.00826478 
322 202 0.0138414 9 0.0138414 
295 269 0.0277788 9 0.0277788 
417 385 0.00226766 9 0.00226766 
247 355 0.0156256 9 0.0156256 
337 289 0.000493846 9 0.000493846 
555 314 0.00826478 9 0.00826478 
548 390 0.0110808 9 0.0110808 
188 343 0.0156256 9 0.0156256 
188 365 0.00826478 9 0.00826478 
325 329 0.00111115 9 0.00111115 
251 330 0.00262995 9 0.00262995 
490 360 0.00826478 9 0.00826478 
83 323 0.00826478 9 0.00826478 
217 292 0.0110808 9 0.0110808 
257 373 0.0204089 9 0.0204089 
160 221 0.0138414 9 0.0138414 
364 340 0.0100004 9 0.0100004 
225 295 0.0277788 9 0.0277788 
566 301 0.0177785 9 0.0177785 
111 357 0.000236695 9 0.000236695 
364 338 0.0110808 9 0.0110808 
253 244 0.00826478 9 0.00826478 
404 294 0.00147935 9 0.00147935 
262 329 0.00308654 9 0.00308654 
352 384 0.0138414 9 0.0138414 
168 316 0.0277788 9 0.0277788 
279 219 0.0138414 9 0.0138414 
43 189 0.0177785 9 0.0177785 
605 355 0.0110808 9 0.0110808 
466 282 0.00226766 9 0.00226766 
576 354 0.000674676 9 0.000674676 
541 267 0.0277788 9 0.0277788 
324 401 0.0156256 9 0.0156256 
512 322 0.0330591 9 0.0330591 
492 377 0.00100785 9 0.00100785 
589 305 0.00308654 9 0.00308654 
460 282 0.00326543 9 0.00326543 
346 266 0.00416249 9 0.00416249 
569 312 0.0110808 9 0.0110808 
173 317 0.0204089 9 0.0204089 
149 397 0.00197538 9 0.00197538 
325 330 0.0330591 9 0.0330591 
410 324 0.0277788 9 0.0277788 
64 356 0.0156256 9 0.0156256 
212 251 0.0204089 9 0.0204089 
465 340 0.000342949 9 0.000342949 
178 277 0.00591739 9 0.00591739 
532 342 0.0009766 9 0.0009766 
114 376 0.0025001 9 0.0025001 
398 329 0.00510224 9 0.00510224 
241 373 0.00907064 9 0.00907064 
240 330 0.0236695 9 0.0236695 
256 244 0.0236695 9 0.0236695 
185 325 0.00137179 9 0.00137179 
246 363 0.0236695 9 0.0236695 
491 329 0.000918309 9 0.000918309 
441 233 0.00591739 9 0.00591739 
176 300 0.0156256 9 0.0156256 
432 167 0.0156256 9 0.0156256 
438 429 0.00510224 9 0.00510224 
250 332 0.00444461 9 0.00444461 
471 398 0.00694471 9 0.00694471 
470 255 0.0236695 9 0.0236695 
254 262 0.0156256 9 0.0156256 
243 239 0.0330591 9 0.0330591 
54 339 0.00444461 9 0.00444461 
601 228 0.0123462 9 0.0123462 
198 260 0.00907064 9 0.00907064 
369 221 0.0156256 9 0.0156256 
382 292 0.0156256 9 0.0156256 
164 251 0.000730488 9 0.000730488 
257 385 0.0236695 9 0.0236695 
419 205 0.000625024 9 0.000625024 
143 240 0.0025001 9 0.0025001 
64 356 0.00510224 9 0.00510224 
271 356 0.00444461 9 0.00444461 
318 307 0.00216341 9 0.00216341 
129 359 0.0277788 9 0.0277788 
396 280 0.0123462 9 0.0123462 
395 360 0.00262995 9 0.00262995 
20 378 0.00756173 9 0.00756173 
364 196 0.0236695 9 0.0236695 
448 377 0.00756173 9 0.00756173 
359 155 0.0110808 9 0.0110808 
140 289 0.0236695 9 0.0236695 
346 394 0.00262995 9 0.00262995 
242 207 0.00907064 9 0.00907064 
336 323 0.0156256 9 0.0156256 
471 325 0.00640025 9 0.00640025 
232 372 0.00160006 9 0.00160006 
117 188 0.0123462 9 0.0123462 
182 272 0.00591739 9 0.00591739 
505 282 0.0330591 9 0.0330591 
507 333 0.0236695 9 0.0236695 
257 389 0.00756173 9 0.00756173 
225 312 0.00153793 9 0.00153793 
231 238 0.00153793 9 0.00153793 
291 238 0.0236695 9 0.0236695 
236 343 0.0236695 8 0.0236695 
511 336 0.00510224 8 0.00510224 
439 219 0.0236695 8 0.0236695 
301 325 0.00237963 8 0.00237963 
187 363 0.000483052 8 0.000483052 
594 229 0.0156256 8 0.0156256 
487 194 0.0123462 8 0.0123462 
129 215 0.00907064 8 0.00907064 
527 329 0.00308654 8 0.00308654 
230 341 0.000260156 8 0.000260156 
40 203 0.00226766 8 0.00226766 
209 254 0.00367324 8 0.00367324 
477 236 0.0277788 8 0.0277788 
471 189 0.0177785 8 0.0177785 
411 373 0.0330591 8 0.0330591 
517 365 0.0138414 8 0.0138414 
138 243 0.00206619 8 0.00206619 
325 212 0.00153793 8 0.00153793 
131 226 0.00416249 8 0.00416249 
513 388 0.00189043 8 0.00189043 
214 212 0.0177785 8 0.0177785 
297 363 0.000516549 8 0.000516549 
269 243 0.00475643 8 0.00475643 
529 205 0.0330591 8 0.0330591 
284 250 0.0204089 8 0.0204089 
43 226 0.0123462 8 0.0123462 
21 233 0.00907064 8 0.00907064 
203 323 0.00826478 8 0.00826478 
38 185 0.00694471 8 0.00694471 
217 369 0.0236695 8 0.0236695 
273 294 0.0123462 8 0.0123462 
205 338 0.0236695 8 0.0236695 
233 216 0.0177785 8 0.0177785 
224 327 0.000891101 8 0.000891101 
506 300 0.0204089 8 0.0204089 
227 406 0.0330591 8 0.0330591 
216 226 0.0123462 8 0.0123462 
553 139 0.0123462 8 0.0123462 
436 332 0.0100004 8 0.0100004 
567 306 0.00237963 8 0.00237963 
520 318 0.00475643 8 0.00475643 
430 222 0.0138414 8 0.0138414 
598 168 0.00416249 8 0.00416249 
591 268 0.00640025 8 0.00640025 
570 290 0.0277788 8 0.0277788 
186 354 0.000416509 8 0.000416509 
421 289 0.00826478 8 0.00826478 
52 383 0.00640025 8 0.00640025 
237 311 0.0039064 8 0.0039064 
448 391 0.00181084 8 0.00181084 
22 267 0.0138414 8 0.0138414 
340 359 0.0156256 8 0.0156256 
57 202 0.00444461 8 0.00444461 
312 275 0.0330591 8 0.0330591 
197 301 0.00292195 8 0.00292195 
354 198 0.0156256 8 0.0156256 
29 168 0.0204089 8 0.0204089 
316 268 0.00640025 8 0.00640025 
554 271 0.0123462 8 0.0123462 
452 328 0.00181084 8 0.00181084 
484 317 0.00346034 8 0.00346034 
514 396 0.00907064 8 0.00907064 
449 340 0.000580658 8 0.000580658 
432 354 0.0156256 8 0.0156256 
300 323 0.00142405 8 0.00142405 
24 354 0.0177785 8 0.0177785 
113 354 0.00024415 8 0.00024415 
351 173 0.0277788 8 0.0277788 
67 378 0.00591739 8 0.00591739 
271 231 0.00181084 8 0.00181084 
269 398 0.0177785 8 0.0177785 
328 271 0.00111115 8 0.00111115 
104 242 0.00346034 8 0.00346034 
353 287 0.0177785 8 0.0177785 
87 217 0.0204089 8 0.0204089 
455 311 0.0236695 8 0.0236695 
243 303 0.0123462 8 0.0123462 
173 242 0.0138414 8 0.0138414 
20 157 0.0236695 8 0.0236695 
480 357 0.00510224 8 0.00510224 
357 169 0.0330591 8 0.0330591 
339 189 0.0330591 8 0.0330591 
359 388 0.0277788 8 0.0277788 
489 282 0.00826478 8 0.00826478 
235 390 0.0156256 8 0.0156256 
469 261 0.0110808 8 0.0110808 
145 388 0.0110808 8 0.0110808 
213 374 0.0123462 8 0.0123462 
200 299 0.00548718 8 0.00548718 
18 243 0.0123462 8 0.0123462 
106 203 0.0039064 8 0.0039064 
28 197 0.0025001 8 0.0025001 
270 356 0.0204089 8 0.0204089 
472 198 0.0330591 8 0.0330591 
223 349 0.00826478 8 0.00826478 
192 232 0.00640025 7 0.00640025 
102 328 0.000138414 7 0.000138414 
302 287 0.000640948 7 0.000640948 
283 320 0.00756173 7 0.00756173 
278 238 0.0138414 7 0.0138414 
311 326 0.000840192 7 0.000840192 
234 312 0.0236695 7 0.0236695 
550 212 0.00591739 7 0.00591739 
308 304 0.000330591 7 0.000330591 
401 375 0.00277019 7 0.00277019 
413 285 0.000918309 7 0.000918309 
40 363 0.00114914 7 0.00114914 
29 240 0.00326543 7 0.00326543 
66 207 0.0330591 7 0.0330591 
515 402 0.00756173 7 0.00756173 
246 213 0.0236695 7 0.0236695 
526 383 0.00694471 7 0.00694471 
358 292 0.00308654 7 0.00308654 
210 245 0.00166604 7 0.00166604 
252 307 0.00640025 7 0.00640025 
157 338 0.00694471 7 0.00694471 
593 207 0.0204089 7 0.0204089 
184 183 0.0204089 7 0.0204089 
182 248 0.00142405 7 0.00142405 
171 336 0.00907064 7 0.00907064 
307 365 0.00640025 7 0.00640025 
275 336 0.0330591 7 0.0330591 
485 356 0.0204089 7 0.0204089 
250 341 0.0330591 7 0.0330591 
98 261 0.00206619 7 0.00206619 
83 237 0.00444461 7 0.00444461 
365 308 0.000493846 7 0.000493846 
483 279 0.00548718 7 0.00548718 
233 355 0.0330591 7 0.0330591 
359 215 0.0204089 7 0.0204089 
371 221 0.00756173 7 0.00756173 
282 293 0.00907064 7 0.00907064 
107 221 0.0025001 7 0.0025001 
232 336 0.00147935 7 0.00147935 
100 241 0.0039064 7 0.0039064 
322 382 0.00206619 7 0.00206619 
376 200 0.0110808 7 0.0110808 
18 342 0.0156256 7 0.0156256 
146 228 0.00216341 7 0.00216341 
15 140 0.0204089 7 0.0204089 
463 209 0.0110808 7 0.0110808 
143 313 0.00181084 7 0.00181084 
78 328 0.00206619 7 0.00206619 
10 369 0.0138414 7 0.0138414 
511 365 0.00044323 7 0.00044323 
518 189 0.00104062 7 0.00104062 
398 240 0.00262995 7 0.00262995 
487 322 0.0330591 7 0.0330591 
242 390 0.00475643 7 0.00475643 
236 226 0.00444461 7 0.00444461 
98 308 0.000282477 7 0.000282477 
134 342 0.00173618 7 0.00173618 
145 266 0.00416249 7 0.00416249 
566 224 0.0236695 7 0.0236695 
523 216 0.00127556 7 0.00127556 
589 156 0.0277788 7 0.0277788 
507 267 0.00147935 7 0.00147935 
364 318 0.0110808 7 0.0110808 
215 373 0.0025001 7 0.0025001 
492 302 0.000674676 7 0.000674676 
416 207 0.00206619 7 0.00206619 
492 350 0.00756173 7 0.00756173 
27 297 0.00510224 7 0.00510224 
436 169 0.0177785 7 0.0177785 
308 222 0.0236695 7 0.0236695 
395 313 0.000434044 7 0.000434044 
521 314 0.00510224 7 0.00510224 
577 251 0.00826478 7 0.00826478 
369 239 0.00907064 7 0.00907064 
461 242 0.00907064 7 0.00907064 
545 249 0.00475643 7 0.00475643 
388 225 0.00756173 7 0.00756173 
553 331 0.000400015 7 0.000400015 
265 247 0.00189043 7 0.00189043 
146 191 0.000816358 7 0.000816358 
114 364 0.0138414 7 0.0138414 
177 298 0.00104062 7 0.00104062 
27 322 0.00591739 7 0.00591739 
155 310 0.00591739 7 0.00591739 
418 313 0.00591739 7 0.00591739 
117 244 0.0177785 7 0.0177785 
131 245 0.00756173 7 0.00756173 
572 307 0.00640025 6 0.00640025 
231 400 0.00826478 6 0.00826478 
125 314 0.00640025 6 0.00640025 
265 210 0.000483052 6 0.000483052 
156 404 0.0204089 6 0.0204089 
171 190 0.0156256 6 0.0156256 
595 176 0.00237963 6 0.00237963 
38 197 0.00756173 6 0.00756173 
585 264 0.00416249 6 0.00416249 
567 265 0.00475643 6 0.00475643 
504 369 0.0330591 6 0.0330591 
113 360 0.0330591 6 0.0330591 
206 262 0.0177785 6 0.0177785 
45 368 0.0100004 6 0.0100004 
344 325 0.00475643 6 0.00475643 
554 266 0.0330591 6 0.0330591 
310 344 0.00475643 6 0.00475643 
162 330 0.00756173 6 0.00756173 
429 390 0.0100004 6 0.0100004 
552 268 0.0330591 6 0.0330591 
194 299 0.0156256 6 0.0156256 
36 333 0.00591739 6 0.00591739 
341 206 0.00262995 6 0.00262995 
328 335 0.00591739 6 0.00591739 
471 328 0.0177785 6 0.0177785 
502 338 0.0009766 6 0.0009766 
545 289 0.0330591 6 0.0330591 
97 203 0.0330591 6 0.0330591 
277 321 0.00226766 6 0.00226766 
170 185 0.0330591 6 0.0330591 
294 364 0.00694471 6 0.00694471 
351 224 0.000750639 6 0.000750639 
79 245 0.00237963 6 0.00237963 
378 261 0.00153793 6 0.00153793 
345 267 0.000750639 6 0.000750639 
358 162 0.0138414 6 0.0138414 
593 198 0.0330591 6 0.0330591 
312 369 0.00160006 6 0.00160006 
418 348 0.00025601 6 0.00025601 
329 350 0.00025601 6 0.00025601 
342 217 0.0100004 6 0.0100004 
324 389 0.00756173 6 0.00756173 
263 227 0.0100004 6 0.0100004 
522 230 0.0100004 6 0.0100004 
380 165 0.0177785 6 0.0177785 
464 294 0.00127556 6 0.00127556 
180 224 0.0330591 6 0.0330591 
98 215 0.00132236 6 0.00132236 
116 331 0.000462499 6 0.000462499 
478 311 0.0236695 6 0.0236695 
405 247 0.00206619 6 0.00206619 
207 366 0.00510224 6 0.00510224 
276 250 0.00206619 6 0.00206619 
442 220 0.00206619 6 0.00206619 
408 167 0.0236695 6 0.0236695 
168 365 0.00548718 6 0.00548718 
381 144 0.0236695 6 0.0236695 
257 354 0.0110808 6 0.0110808 
307 182 0.00510224 6 0.00510224 
582 154 0.0110808 6 0.0110808 
132 188 0.0039064 6 0.0039064 
544 317 0.0277788 6 0.0277788 
218 268 0.000594907 6 0.000594907 
68 170 0.0277788 6 0.0277788 
74 330 0.00907064 6 0.00907064 
606 275 0.0204089 6 0.0204089 
595 384 0.0236695 6 0.0236695 
76 196 0.0277788 6 0.0277788 
11 323 0.0277788 6 0.0277788 
53 340 0.0236695 6 0.0236695 
474 401 0.0277788 6 0.0277788 
405 213 0.0277788 6 0.0277788 
471 338 0.0138414 6 0.0138414 
579 169 0.0204089 6 0.0204089 
114 283 0.00826478 6 0.00826478 
590 362 0.00308654 6 0.00308654 
294 337 0.000307799 6 0.000307799 
187 242 0.000771635 6 0.000771635 
594 162 0.00907064 6 0.00907064 
343 409 0.00548718 6 0.00548718 
33 365 0.0277788 6 0.0277788 
246 311 0.0138414 6 0.0138414 
508 187 0.00132236 6 0.00132236 
282 227 0.0138414 6 0.0138414 
236 374 0.0277788 6 0.0277788 
276 238 0.00308654 6 0.00308654 
220 372 0.0277788 6 0.0277788 
318 229 0.0277788 6 0.0277788 
197 257 0.000865085 6 0.000865085 
499 306 0.000865085 6 0.000865085 
201 251 0.00111115 6 0.00111115 
188 254 0.0236695 6 0.0236695 
423 386 0.0039064 6 0.0039064 
587 362 0.0204089 6 0.0204089 
510 309 0.0123462 6 0.0123462 
154 238 0.0236695 6 0.0236695 
399 338 0.0110808 6 0.0110808 
263 339 0.00826478 6 0.00826478 
462 176 0.00216341 6 0.00216341 
147 386 0.00308654 6 0.00308654 
404 225 0.0277788 6 0.0277788 
122 196 0.0204089 6 0.0204089 
91 346 0.0204089 6 0.0204089 
66 367 0.0236695 6 0.0236695 
440 234 0.000369837 6 0.000369837 
478 326 0.0277788 6 0.0277788 
451 244 0.0039064 6 0.0039064 
141 394 0.00548718 6 0.00548718 
172 200 0.00197538 6 0.00197538 
204 246 0.000260156 6 0.000260156 
159 213 0.00137179 6 0.00137179 
392 275 0.0110808 5 0.0110808 
36 399 0.00548718 5 0.00548718 
64 374 0.0236695 5 0.0236695 
229 403 0.00142405 5 0.00142405 
275 246 0.0277788 5 0.0277788 
279 252 0.00826478 5 0.00826478 
561 215 0.00475643 5 0.00475643 
520 379 0.0039064 5 0.0039064 
572 264 0.0039064 5 0.0039064 
510 360 0.0039064 5 0.0039064 
288 273 0.000594907 5 0.000594907 
169 195 0.00756173 5 0.00756173 
220 305 0.000566915 5 0.000566915 
156 339 0.000356012 5 0.000356012 
560 224 0.0177785 5 0.0177785 
192 398 0.00346034 5 0.00346034 
586 153 0.00756173 5 0.00756173 
513 327 0.0156256 5 0.0156256 
368 132 0.00346034 5 0.00346034 
493 255 0.000816358 5 0.000816358 
293 389 0.00292195 5 0.00292195 
170 392 0.00237963 5 0.00237963 
207 224 0.000891101 5 0.000891101 
332 353 0.000625024 5 0.000625024 
464 283 0.0277788 5 0.0277788 
215 267 0.000553654 5 0.000553654 
200 352 0.0277788 5 0.0277788 
64 256 0.0330591 5 0.0330591 
263 210 0.00756173 5 0.00756173 
557 263 0.0330591 5 0.0330591 
182 265 0.0277788 5 0.0277788 
343 286 0.0330591 5 0.0330591 
337 372 0.000692547 5 0.000692547 
200 285 0.00907064 5 0.00907064 
147 313 0.0100004 5 0.0100004 
300 333 0.0039064 5 0.0039064 
336 282 0.00346034 5 0.00346034 
485 344 0.000198381 5 0.000198381 
76 314 0.000207037 5 0.000207037 
222 335 0.0138414 5 0.0138414 
203 235 0.00756173 5 0.00756173 
477 357 0.0330591 5 0.0330591 
368 339 0.00237963 5 0.00237963 
394 325 0.00548718 5 0.00548718 
361 229 0.00262995 5 0.00262995 
158 196 0.00160006 5 0.00160006 
336 327 0.00226766 5 0.00226766 
134 384 0.00510224 5 0.00510224 
196 301 0.0236695 5 0.0236695 
399 320 0.00548718 5 0.00548718 
357 179 0.0236695 5 0.0236695 
569 268 0.0123462 5 0.0123462 
564 370 0.0123462 5 0.0123462 
586 273 0.00548718 5 0.00548718 
293 373 0.0123462 5 0.0123462 
522 183 0.000750639 5 0.000750639 
239 301 0.00694471 5 0.00694471 
460 290 0.000434044 5 0.000434044 
595 265 0.0138414 5 0.0138414 
221 198 0.0330591 5 0.0330591 
158 288 0.00277019 5 0.00277019 
366 324 0.00346034 5 0.00346034 
198 194 0.0204089 5 0.0204089 
355 403 0.00640025 5 0.00640025 
516 224 0.0138414 5 0.0138414 
191 305 0.0177785 5 0.0177785 
597 344 0.00346034 5 0.00346034 
203 346 0.00826478 5 0.00826478 
187 344 0.00640025 5 0.00640025 
146 226 0.00367324 5 0.00367324 
191 220 0.0236695 5 0.0236695 
243 233 0.000483052 5 0.000483052 
27 263 0.00262995 5 0.00262995 
88 170 0.0330591 5 0.0330591 
179 347 0.0123462 5 0.0123462 
151 274 0.00548718 5 0.00548718 
177 358 0.000580658 5 0.000580658 
372 401 0.0204089 5 0.0204089 
246 266 0.00640025 5 0.00640025 
241 216 0.000516549 5 0.000516549 
149 232 0.00640025 5 0.00640025 
500 359 0.00189043 5 0.00189043 
466 287 0.00173618 5 0.00173618 
352 383 0.00548718 5 0.00548718 
472 319 0.00756173 5 0.00756173 
499 305 0.00173618 5 0.00173618 
125 326 0.00137179 5 0.00137179 
373 335 0.00173618 5 0.00173618 
86 374 0.00216341 5 0.00216341 
496 308 0.00137179 5 0.00137179 
305 307 0.000946782 5 0.000946782 
287 284 0.00237963 5 0.00237963 
396 213 0.0330591 5 0.0330591 
208 201 0.00907064 5 0.00907064 
476 331 0.0177785 5 0.0177785 
412 386 0.00173618 5 0.00173618 
473 336 0.000452711 5 0.000452711 
223 327 0.00510224 5 0.00510224 
279 225 0.00118911 5 0.00118911 
299 312 0.000594907 5 0.000594907 
561 219 0.0156256 5 0.0156256 
435 235 0.0123462 5 0.0123462 
382 207 0.0277788 5 0.0277788 
236 331 0.00367324 5 0.00367324 
252 202 0.000349389 5 0.000349389 
346 278 0.0138414 5 0.0138414 
401 342 0.00166604 5 0.00166604 
266 353 0.00346034 5 0.00346034 
455 306 0.0277788 4 0.0277788 
222 225 0.00346034 4 0.00346034 
101 200 0.00367324 4 0.00367324 
347 218 0.0110808 4 0.0110808 
99 256 0.00292195 4 0.00292195 
569 233 0.00346034 4 0.00346034 
439 160 0.0204089 4 0.0204089 
18 333 0.0156256 4 0.0156256 
66 317 0.0277788 4 0.0277788 
90 210 0.0110808 4 0.0110808 
70 339 0.000865085 4 0.000865085 
272 356 0.0177785 4 0.0177785 
255 388 0.00591739 4 0.00591739 
194 366 0.000416509 4 0.000416509 
432 236 0.0039064 4 0.0039064 
121 204 0.0110808 4 0.0110808 
25 241 0.0123462 4 0.0123462 
38 220 0.00907064 4 0.00907064 
339 352 0.0236695 4 0.0236695 
130 207 0.0123462 4 0.0123462 
197 341 0.0236695 4 0.0236695 
375 391 0.00756173 4 0.00756173 
597 360 0.00367324 4 0.00367324 
90 186 0.00166604 4 0.00166604 
406 335 0.00510224 4 0.00510224 
509 307 0.00166604 4 0.00166604 
219 328 0.000711138 4 0.000711138 
225 330 0.00367324 4 0.00367324 
501 353 0.000307799 4 0.000307799 
426 163 0.0123462 4 0.0123462 
80 370 0.00694471 4 0.00694471 
596 291 0.0236695 4 0.0236695 
27 187 0.0236695 4 0.0236695 
235 397 0.00510224 4 0.00510224 
249 192 0.0156256 4 0.0156256 
355 287 0.0123462 4 0.0123462 
446 258 0.00367324 4 0.00367324 
173 313 0.00024415 4 0.00024415 
16 198 0.00591739 4 0.00591739 
177 224 0.0236695 4 0.0236695 
592 232 0.0236695 4 0.0236695 
173 240 0.0025001 4 0.0025001 
375 207 0.00346034 4 0.00346034 
465 280 0.0330591 4 0.0330591 
123 338 0.00142405 4 0.00142405 
338 351 0.00142405 4 0.00142405 
40 356 0.00907064 4 0.00907064 
241 348 0.00907064 4 0.00907064 
161 341 0.00907064 4 0.00907064 
536 308 0.00444461 4 0.00444461 
387 378 0.000692547 4 0.000692547 
76 373 0.00137179 4 0.00137179 
513 396 0.0236695 4 0.0236695 
165 231 0.00756173 4 0.00756173 
345 375 0.00237963 4 0.00237963 
362 326 0.000292217 4 0.000292217 
195 370 0.00444461 4 0.00444461 
342 279 0.00907064 4 0.00907064 
355 216 0.00173618 4 0.00173618 
218 250 0.000730488 4 0.000730488 
148 383 0.0236695 4 0.0236695 
506 381 0.00118911 4 0.00118911 
164 376 0.0236695 4 0.0236695 
338 294 0.000292217 4 0.000292217 
419 274 0.00173618 4 0.00173618 
532 253 0.000946782 4 0.000946782 
385 374 0.00826478 4 0.00826478 
341 311 0.0100004 4 0.0100004 
435 321 0.00475643 4 0.00475643 
222 328 0.00132236 4 0.00132236 
80 370 0.00346034 4 0.00346034 
98 211 0.0138414 4 0.0138414 
392 186 0.0277788 4 0.0277788 
507 369 0.0012312 4 0.0012312 
502 245 0.000540854 4 0.000540854 
252 337 0.000182622 4 0.000182622 
176 319 0.0138414 4 0.0138414 
291 312 0.000362826 4 0.000362826 
216 363 0.00197538 4 0.00197538 
236 376 0.0110808 4 0.0110808 
441 239 0.00147935 4 0.00147935 
255 402 0.0156256 4 0.0156256 
127 221 0.0177785 4 0.0177785 
279 376 0.0330591 4 0.0330591 
519 418 0.0330591 4 0.0330591 
66 210 0.00326543 4 0.00326543 
59 392 0.00826478 4 0.00826478 
249 204 0.0138414 4 0.0138414 
171 259 0.000865085 4 0.000865085 
222 307 0.0204089 4 0.0204089 
361 301 0.00132236 4 0.00132236 
264 344 0.000173137 4 0.000173137 
230 331 0.00308654 4 0.00308654 
559 228 0.00548718 4 0.00548718 
92 240 0.0177785 4 0.0177785 
438 172 0.0100004 4 0.0100004 
183 198 0.0138414 4 0.0138414 
151 208 0.00475643 4 0.00475643 
529 286 0.000356012 4 0.000356012 
540 328 0.00416249 4 0.00416249 
512 216 0.0138414 4 0.0138414 
458 218 0.00197538 4 0.00197538 
229 207 0.0277788 4 0.0277788 
493 259 0.00326543 4 0.00326543 
162 252 0.0277788 4 0.0277788 
67 353 0.00346034 4 0.00346034 
522 340 0.00475643 4 0.00475643 
180 245 0.000416509 4 0.000416509 
281 303 0.000540854 4 0.000540854 
563 349 0.0330591 4 0.0330591 
197 353 0.0330591 4 0.0330591 
23 246 0.00907064 3 0.00907064 
236 185 0.000204089 3 0.000204089 
283 187 0.00548718 3 0.00548718 
191 340 0.00277019 3 0.00277019 
110 176 0.0236695 3 0.0236695 
152 241 0.000400015 3 0.000400015 
332 219 0.0156256 3 0.0156256 
169 210 0.00475643 3 0.00475643 
498 313 0.000566915 3 0.000566915 
424 273 0.00189043 3 0.00189043 
487 210 0.00694471 3 0.00694471 
348 219 0.00591739 3 0.00591739 
390 261 0.00137179 3 0.00137179 
322 344 0.0039064 3 0.0039064 
109 231 0.00444461 3 0.00444461 
474 399 0.00444461 3 0.00444461 
123 184 0.00475643 3 0.00475643 
148 316 0.000292217 3 0.000292217 
33 196 0.0156256 3 0.0156256 
65 242 0.00024801 3 0.00024801 
363 215 0.0177785 3 0.0177785 
15 344 0.0138414 3 0.0138414 
570 165 0.0138414 3 0.0138414 
478 212 0.0177785 3 0.0177785 
175 342 0.00591739 3 0.00591739 
166 346 0.000400015 3 0.000400015 
313 372 0.0236695 3 0.0236695 
62 378 0.00153793 3 0.00153793 
495 280 0.0204089 3 0.0204089 
483 258 0.0330591 3 0.0330591 
535 316 0.00444461 3 0.00444461 
259 328 0.0138414 3 0.0138414 
185 229 0.0100004 3 0.0100004 
173 239 0.0100004 3 0.0100004 
492 293 0.00826478 3 0.00826478 
434 188 0.00173618 3 0.00173618 
355 316 0.000192909 3 0.000192909 
266 325 0.00104062 3 0.00104062 
488 191 0.00907064 3 0.00907064 
304 371 0.00694471 3 0.00694471 
408 361 0.00216341 3 0.00216341 
599 291 0.0277788 3 0.0277788 
495 349 0.0204089 3 0.0204089 
379 168 0.0330591 3 0.0330591 
497 338 0.0277788 3 0.0277788 
364 206 0.00237963 3 0.00237963 
349 355 0.0330591 3 0.0330591 
173 184 0.0156256 3 0.0156256 
375 210 0.0110808 3 0.0110808 
223 348 0.0156256 3 0.0156256 
81 282 0.000204089 3 0.000204089 
333 315 0.0330591 3 0.0330591 
363 320 0.000946782 3 0.000946782 
291 315 0.00640025 3 0.00640025 
57 235 0.00367324 3 0.00367324 
175 350 0.0204089 3 0.0204089 
268 290 0.00640025 3 0.00640025 
438 364 0.00216341 3 0.00216341 
604 274 0.0156256 3 0.0156256 
385 234 0.0039064 3 0.0039064 
585 292 0.0177785 3 0.0177785 
184 305 0.0204089 3 0.0204089 
56 388 0.0100004 3 0.0100004 
599 346 0.0110808 3 0.0110808 
237 245 0.0236695 3 0.0236695 
245 210 0.000434044 3 0.000434044 
252 248 0.0156256 3 0.0156256 
250 332 0.0330591 3 0.0330591 
18 342 0.00826478 3 0.00826478 
164 175 0.0123462 3 0.0123462 
349 251 0.000528492 3 0.000528492 
207 379 0.00216341 3 0.00216341 
85 367 0.00907064 3 0.00907064 
410 277 0.00137179 3 0.00137179 
77 383 0.00226766 3 0.00226766 
330 378 0.00907064 3 0.00907064 
82 362 0.0277788 3 0.0277788 
463 234 0.0204089 3 0.0204089 
453 203 0.00640025 3 0.00640025 
574 173 0.00694471 3 0.00694471 
562 294 0.00132236 3 0.00132236 
362 181 0.000349389 3 0.000349389 
171 230 0.00640025 3 0.00640025 
387 404 0.0204089 3 0.0204089 
93 230 0.00216341 3 0.00216341 
324 232 0.0204089 3 0.0204089 
407 358 0.00907064 3 0.00907064 
421 370 0.0330591 3 0.0330591 
538 179 0.00189043 3 0.00189043 
216 229 0.0204089 3 0.0204089 
570 315 0.000840192 3 0.000840192 
207 223 0.0204089 3 0.0204089 
304 244 0.00640025 3 0.00640025 
158 255 0.0156256 3 0.0156256 
368 371 0.00206619 3 0.00206619 
373 187 0.00826478 3 0.00826478 
282 336 0.00226766 3 0.00226766 
466 269 0.00640025 3 0.00640025 
238 376 0.00591739 3 0.00591739 
588 237 0.0156256 3 0.0156256 
369 332 0.000324661 3 0.000324661 
430 210 0.0330591 2 0.0330591 
216 364 0.00367324 2 0.00367324 
119 363 0.000946782 2 0.000946782 
142 294 0.00137179 2 0.00137179 
260 379 0.00132236 2 0.00132236 
471 249 0.000400015 2 0.000400015 
88 361 0.000452711 2 0.000452711 
207 306 0.0204089 2 0.0204089 
13 219 0.0330591 2 0.0330591 
498 414 0.0123462 2 0.0123462 
205 366 0.0156256 2 0.0156256 
499 330 0.0123462 2 0.0123462 
331 388 0.00510224 2 0.00510224 
346 214 0.00640025 2 0.00640025 
317 373 0.00226766 2 0.00226766 
375 401 0.00510224 2 0.00510224 
52 373 0.00826478 2 0.00826478 
343 348 0.0204089 2 0.0204089 
469 237 0.0138414 2 0.0138414 
299 293 0.00114914 2 0.00114914 
186 389 0.0204089 2 0.0204089 
588 157 0.00640025 2 0.00640025 
316 226 0.0138414 2 0.0138414 
187 238 0.00308654 2 0.00308654 
289 225 0.0138414 2 0.0138414 
137 174 0.0156256 2 0.0156256 
92 190 0.00367324 2 0.00367324 
181 157 0.0156256 2 0.0156256 
101 236 0.0236695 2 0.0236695 
358 137 0.0277788 2 0.0277788 
328 299 0.000233096 2 0.000233096 
188 387 0.0123462 2 0.0123462 
314 303 0.00166604 2 0.00166604 
399 307 0.00166604 2 0.00166604 
388 373 0.000674676 2 0.000674676 
62 224 0.0156256 2 0.0156256 
67 347 0.000330591 2 0.000330591 
178 372 0.00416249 2 0.00416249 
374 250 0.00025601 2 0.00025601 
109 237 0.00100785 2 0.00100785 
388 362 0.00510224 2 0.00510224 
472 305 0.00694471 2 0.00694471 
444 316 0.00367324 2 0.00367324 
237 204 0.0138414 2 0.0138414 
35 178 0.0236695 2 0.0236695 
304 305 0.00160006 2 0.00160006 
362 217 0.00591739 2 0.00591739 
475 410 0.0204089 2 0.0204089 
103 340 0.000425141 2 0.000425141 
478 330 0.00591739 2 0.00591739 
59 227 0.00826478 2 0.00826478 
317 224 0.0110808 2 0.0110808 
223 369 0.0277788 2 0.0277788 
171 255 0.0100004 2 0.0100004 
440 373 0.00292195 2 0.00292195 
395 212 0.00826478 2 0.00826478 
347 197 0.00548718 2 0.00548718 
277 354 0.0330591 2 0.0330591 
181 277 0.0009766 2 0.0009766 
204 396 0.00137179 2 0.00137179 
563 263 0.0100004 2 0.0100004 
226 368 0.00444461 2 0.00444461 
292 382 0.0236695 2 0.0236695 
230 357 0.00292195 2 0.00292195 
372 346 0.0330591 2 0.0330591 
52 374 0.0177785 2 0.0177785 
15 379 0.0177785 2 0.0177785 
302 323 0.000416509 2 0.000416509 
405 374 0.00346034 2 0.00346034 
479 253 0.0330591 2 0.0330591 
407 240 0.000462499 2 0.000462499 
556 334 0.0138414 2 0.0138414 
492 405 0.00826478 2 0.00826478 
597 241 0.00756173 2 0.00756173 
204 246 0.00475643 2 0.00475643 
284 386 0.0277788 2 0.0277788 
139 359 0.00262995 2 0.00262995 
118 215 0.00292195 2 0.00292195 
18 223 0.0204089 2 0.0204089 
89 282 0.000384482 2 0.000384482 
570 217 0.00826478 2 0.00826478 
103 190 0.0204089 2 0.0204089 
217 268 0.00475643 2 0.00475643 
478 393 0.0330591 2 0.0330591 
572 378 0.0025001 2 0.0025001 
593 375 0.0025001 2 0.0025001 
246 268 0.00510224 2 0.00510224 
335 239 0.0110808 2 0.0110808 
399 305 0.0277788 2 0.0277788 
240 267 0.000793524 2 0.000793524 
81 349 0.0138414 2 0.0138414 
222 354 0.000148727 2 0.000148727 
139 272 0.00107502 2 0.00107502 
411 363 0.0236695 2 0.0236695 
604 225 0.0330591 2 0.0330591 
285 216 0.00826478 2 0.00826478 
153 369 0.00104062 2 0.00104062 
485 381 0.00548718 2 0.00548718 
231 375 0.0330591 2 0.0330591 
501 320 0.00756173 2 0.00756173 
55 251 0.00510224 2 0.00510224 
460 332 0.00907064 2 0.00907064 
195 327 0.0177785 2 0.0177785 
343 389 0.0277788 2 0.0277788 
353 377 0.000793524 2 0.000793524 
543 232 0.0277788 2 0.0277788 
216 268 0.000384482 2 0.000384482 
342 389 0.00181084 2 0.00181084 
170 389 0.00160006 1 0.00160006 
410 192 0.0156256 1 0.0156256 
364 395 0.00907064 1 0.00907064 
600 281 0.00475643 1 0.00475643 
485 376 0.00907064 1 0.00907064 
304 400 0.00160006 1 0.00160006 
351 174 0.00640025 1 0.00640025 
455 266 0.00160006 1 0.00160006 
447 237 0.0204089 1 0.0204089 
364 293 0.0236695 1 0.0236695 
469 278 0.00475643 1 0.00475643 
28 346 0.00907064 1 0.00907064 
196 295 0.0236695 1 0.0236695 
164 276 0.000640948 1 0.000640948 
280 324 0.000793524 1 0.000793524 
472 297 0.0277788 1 0.0277788 
589 141 0.0277788 1 0.0277788 
220 341 0.00826478 1 0.00826478 
194 307 0.0277788 1 0.0277788 
508 330 0.00292195 1 0.00292195 
362 340 0.00044323 1 0.00044323 
292 293 0.0177785 1 0.0177785 
492 346 0.00475643 1 0.00475643 
282 343 0.00226766 1 0.00226766 
75 215 0.0138414 1 0.0138414 
61 350 0.00640025 1 0.00640025 
524 222 0.0236695 1 0.0236695 
376 401 0.0110808 1 0.0110808 
420 166 0.0204089 1 0.0204089 
586 317 0.00181084 1 0.00181084 
279 181 0.0156256 1 0.0156256 
424 375 0.0138414 1 0.0138414 
374 182 0.00262995 1 0.00262995 
44 211 0.0204089 1 0.0204089 
481 371 0.000640948 1 0.000640948 
269 372 0.0138414 1 0.0138414 
372 194 0.00416249 1 0.00416249 
155 239 0.00292195 1 0.00292195 
20 263 0.00367324 1 0.00367324 
317 346 0.00262995 1 0.00262995 
12 346 0.0277788 1 0.0277788 
316 350 0.0100004 1 0.0100004 
529 196 0.00826478 1 0.00826478 
44 327 0.0236695 1 0.0236695 
335 240 0.00510224 1 0.00510224 
22 307 0.00308654 1 0.00308654 
292 290 0.00756173 1 0.00756173 
315 315 0.00237963 1 0.00237963 
57 183 0.00907064 1 0.00907064 
126 218 0.000946782 1 0.000946782 
588 309 0.00147935 1 0.00147935 
492 241 0.00166604 1 0.00166604 
172 342 0.000918309 1 0.000918309 
291 365 0.000434044 1 0.000434044 
527 189 0.00694471 1 0.00694471 
579 356 0.00548718 1 0.00548718 
435 205 0.0330591 1 0.0330591 
463 276 0.0204089 1 0.0204089 
408 178 0.0177785 1 0.0177785 
495 162 0.00907064 1 0.00907064 
144 325 0.00326543 1 0.00326543 
89 335 0.00173618 1 0.00173618 
483 299 0.0204089 1 0.0204089 
396 203 0.0100004 1 0.0100004 
20 171 0.0123462 1 0.0123462 
210 289 0.0138414 1 0.0138414 
82 193 0.0100004 1 0.0100004 
385 359 0.00756173 1 0.00756173 
233 242 0.0156256 1 0.0156256 
595 240 0.00826478 1 0.00826478 
218 257 0.000400015 1 0.000400015 
273 386 0.00367324 1 0.00367324 
441 162 0.0138414 1 0.0138414 
413 177 0.0100004 1 0.0100004 
412 302 0.00237963 1 0.00237963 
403 170 0.0100004 1 0.0100004 
235 380 0.0039064 1 0.0039064 
32 378 0.00142405 1 0.00142405 
551 210 0.0156256 1 0.0156256 
563 276 0.00308654 1 0.00308654 
242 313 0.00694471 1 0.00694471 
51 203 0.00756173 1 0.00756173 
142 162 0.0236695 1 0.0236695 
572 272 0.00510224 1 0.00510224 
353 263 0.000692547 1 0.000692547 
436 172 0.0236695 1 0.0236695 
188 406 0.00292195 1 0.00292195 
332 375 0.000793524 1 0.000793524 
292 307 0.00367324 1 0.00367324 
554 403 0.00137179 1 0.00137179 
61 183 0.0330591 1 0.0330591 
20 394 0.00694471 1 0.00694471 
311 223 0.00591739 1 0.00591739 
298 390 0.00416249 1 0.00416249 
507 243 0.00197538 1 0.00197538 
192 377 0.0123462 1 0.0123462 
504 285 0.00277019 1 0.00277019 
497 381 0.00197538 1 0.00197538 
406 289 0.0156256 1 0.0156256 
459 195 0.0177785 1 0.0177785 
424 298 0.0100004 1 0.0100004 
396 201 0.0330591 1 0.0330591 
474 323 0.000891101 1 0.000891101 
82 333 0.000210048 1 0.000210048 
96 236 0.00694471 1 0.00694471 
28 247 0.00591739 1 0.00591739 
446 224 0.00694471 1 0.00694471 
443 336 0.0039064 1 0.0039064 
513 301 0.000342949 1 0.000342949 
53 215 0.00694471 1 0.00694471 
