1
2317
213 308 0.0177785 127 0.0177785 
338 399 0.0330591 117 0.0330591 
590 374 0.00694471 103 0.00694471 
440 329 0.0236695 96 0.0236695 
419 328 0.0110808 94 0.0110808 
66 398 0.0100004 92 0.0100004 
357 354 0.0330591 91 0.0330591 
299 299 0.0156256 91 0.0156256 
419 295 0.0330591 90 0.0330591 
383 294 0.0277788 90 0.0277788 
147 357 0.0277788 88 0.0277788 
552 336 0.00444461 87 0.00444461 
508 279 0.0138414 87 0.0138414 
199 347 0.0123462 86 0.0123462 
338 430 0.0138414 85 0.0138414 
549 321 0.0277788 85 0.0277788 
221 402 0.0204089 82 0.0204089 
528 336 0.00826478 82 0.00826478 
473 335 0.0177785 81 0.0177785 
296 358 0.0177785 81 0.0177785 
351 376 0.0138414 81 0.0138414 
571 330 0.0277788 79 0.0277788 
348 311 0.0277788 79 0.0277788 
527 320 0.0110808 79 0.0110808 
430 343 0.00147935 79 0.00147935 
565 366 0.0110808 78 0.0110808 
451 300 0.0277788 77 0.0277788 
141 360 0.0177785 77 0.0177785 
389 424 0.0277788 76 0.0277788 
423 332 0.0330591 75 0.0330591 
357 302 0.0156256 75 0.0156256 
47 394 0.0330591 75 0.0330591 
552 421 0.0330591 74 0.0330591 
242 406 0.0138414 74 0.0138414 
123 396 0.0277788 74 0.0277788 
140 358 0.00694471 73 0.00694471 
598 236 0.00907064 73 0.00907064 
138 362 0.0330591 73 0.0330591 
179 352 0.00147935 73 0.00147935 
549 339 0.0204089 73 0.0204089 
480 384 0.00826478 72 0.00826478 
419 330 0.0100004 72 0.0100004 
147 352 0.00548718 72 0.00548718 
170 363 0.0039064 71 0.0039064 
67 416 0.0100004 71 0.0100004 
85 394 0.00907064 70 0.00907064 
353 428 0.0156256 70 0.0156256 
496 332 0.0039064 68 0.0039064 
578 398 0.0277788 67 0.0277788 
358 319 0.0236695 67 0.0236695 
396 387 0.0156256 67 0.0156256 
443 343 0.00444461 67 0.00444461 
440 384 0.0100004 66 0.0100004 
536 331 0.00308654 66 0.00308654 
401 296 0.00591739 66 0.00591739 
539 335 0.00147935 66 0.00147935 
443 424 0.0177785 65 0.0177785 
549 355 0.0123462 64 0.0123462 
560 342 0.0177785 64 0.0177785 
605 416 0.0236695 64 0.0236695 
562 294 0.0204089 63 0.0204089 
134 370 0.00226766 63 0.00226766 
562 281 0.0277788 63 0.0277788 
419 337 0.0100004 63 0.0100004 
173 324 0.0330591 63 0.0330591 
265 405 0.0277788 63 0.0277788 
514 391 0.000462499 62 0.000462499 
463 311 0.0330591 62 0.0330591 
367 307 0.00367324 62 0.00367324 
409 343 0.00262995 62 0.00262995 
66 408 0.0110808 62 0.0110808 
363 421 0.0277788 61 0.0277788 
443 332 0.00416249 61 0.00416249 
353 376 0.0110808 61 0.0110808 
561 288 0.0204089 61 0.0204089 
373 388 0.0100004 61 0.0100004 
560 327 0.00416249 60 0.00416249 
117 345 0.0330591 60 0.0330591 
552 324 0.00416249 60 0.00416249 
244 350 0.0123462 60 0.0123462 
353 385 0.0204089 60 0.0204089 
581 421 0.00756173 60 0.00756173 
485 340 0.0277788 59 0.0277788 
583 324 0.0156256 59 0.0156256 
382 296 0.0204089 59 0.0204089 
463 295 0.0156256 59 0.0156256 
328 351 0.00173618 59 0.00173618 
563 299 0.0204089 58 0.0204089 
200 362 0.0110808 58 0.0110808 
555 298 0.0330591 58 0.0330591 
419 330 0.00416249 58 0.00416249 
473 332 0.00346034 58 0.00346034 
463 340 0.0204089 58 0.0204089 
451 335 0.0204089 58 0.0204089 
495 435 0.0177785 58 0.0177785 
72 412 0.00510224 57 0.00510224 
219 362 0.00756173 57 0.00756173 
508 234 0.0177785 57 0.0177785 
246 314 0.0236695 57 0.0236695 
343 315 0.0236695 57 0.0236695 
77 411 0.00166604 57 0.00166604 
141 346 0.0156256 56 0.0156256 
368 339 0.0177785 56 0.0177785 
246 410 0.00326543 56 0.00326543 
422 292 0.0138414 56 0.0138414 
455 372 0.0123462 56 0.0123462 
123 339 0.00694471 56 0.00694471 
337 428 0.0100004 55 0.0100004 
555 311 0.0277788 55 0.0277788 
78 346 0.0236695 55 0.0236695 
221 403 0.00640025 55 0.00640025 
260 403 0.0100004 55 0.0100004 
574 303 0.0277788 55 0.0277788 
390 337 0.00475643 55 0.00475643 
559 329 0.0123462 55 0.0123462 
397 353 0.0123462 54 0.0123462 
148 372 0.0100004 54 0.0100004 
375 347 0.00548718 54 0.00548718 
606 400 0.0330591 54 0.0330591 
376 418 0.00346034 54 0.00346034 
66 418 0.00444461 53 0.00444461 
506 342 0.0204089 53 0.0204089 
258 415 0.0204089 53 0.0204089 
254 339 0.0236695 53 0.0236695 
592 393 0.00907064 53 0.00907064 
274 390 0.00907064 53 0.00907064 
117 358 0.0277788 53 0.0277788 
528 323 0.00826478 53 0.00826478 
208 311 0.00756173 53 0.00756173 
493 335 0.00160006 53 0.00160006 
338 386 0.0123462 53 0.0123462 
351 253 0.0236695 52 0.0236695 
598 243 0.0236695 52 0.0236695 
440 363 0.0123462 52 0.0123462 
517 336 0.000516549 52 0.000516549 
472 303 0.00181084 52 0.00181084 
248 366 0.0330591 52 0.0330591 
277 396 0.0177785 52 0.0177785 
374 285 0.0138414 52 0.0138414 
474 389 0.00416249 52 0.00416249 
354 254 0.0177785 51 0.0177785 
356 336 0.0277788 51 0.0277788 
396 333 0.0123462 51 0.0123462 
95 351 0.00326543 51 0.00326543 
593 403 0.00907064 51 0.00907064 
549 376 0.0110808 51 0.0110808 
454 313 0.0330591 51 0.0330591 
133 393 0.0330591 51 0.0330591 
477 358 0.00444461 50 0.00444461 
575 423 0.0204089 50 0.0204089 
257 328 0.0236695 50 0.0236695 
579 385 0.0204089 50 0.0204089 
603 364 0.0330591 50 0.0330591 
607 231 0.0177785 50 0.0177785 
182 342 0.0110808 49 0.0110808 
107 370 0.0236695 49 0.0236695 
572 408 0.0277788 49 0.0277788 
63 419 0.0204089 49 0.0204089 
336 383 0.00826478 49 0.00826478 
491 430 0.0330591 49 0.0330591 
163 335 0.0110808 49 0.0110808 
400 286 0.0156256 49 0.0156256 
298 331 0.000528492 48 0.000528492 
219 347 0.0236695 48 0.0236695 
66 386 0.00826478 48 0.00826478 
387 298 0.00160006 48 0.00160006 
409 343 0.000553654 48 0.000553654 
427 325 0.00367324 48 0.00367324 
388 343 0.00153793 47 0.00153793 
408 334 0.0330591 47 0.0330591 
382 331 0.0138414 47 0.0138414 
359 365 0.0277788 47 0.0277788 
337 399 0.0100004 47 0.0100004 
123 346 0.0204089 47 0.0204089 
395 290 0.0156256 47 0.0156256 
73 221 0.00640025 47 0.00640025 
452 351 0.0236695 47 0.0236695 
92 348 0.0110808 47 0.0110808 
493 433 0.0156256 46 0.0156256 
564 416 0.0156256 46 0.0156256 
285 348 0.00308654 46 0.00308654 
50 204 0.0277788 46 0.0277788 
469 391 0.0236695 46 0.0236695 
508 327 0.00137179 46 0.00137179 
377 352 0.00416249 46 0.00416249 
296 388 0.0138414 46 0.0138414 
148 335 0.0330591 46 0.0330591 
371 343 0.00907064 46 0.00907064 
266 338 0.0204089 46 0.0204089 
361 321 0.0138414 46 0.0138414 
422 305 0.0277788 46 0.0277788 
454 303 0.0156256 46 0.0156256 
573 287 0.0156256 46 0.0156256 
561 403 0.0204089 46 0.0204089 
379 342 0.00189043 46 0.00189043 
62 424 0.0100004 45 0.0100004 
177 320 0.0123462 45 0.0123462 
199 348 0.00510224 45 0.00510224 
107 362 0.0236695 45 0.0236695 
132 359 0.00907064 45 0.00907064 
348 317 0.0236695 45 0.0236695 
85 404 0.00100785 45 0.00100785 
226 368 0.00346034 45 0.00346034 
570 317 0.0204089 45 0.0204089 
148 332 0.0177785 45 0.0177785 
508 284 0.0156256 45 0.0156256 
66 397 0.00510224 44 0.00510224 
59 426 0.0156256 44 0.0156256 
37 422 0.00416249 44 0.00416249 
506 326 0.000793524 44 0.000793524 
565 310 0.0236695 44 0.0236695 
439 336 0.00147935 44 0.00147935 
341 388 0.0236695 44 0.0236695 
498 431 0.00826478 44 0.00826478 
391 287 0.00216341 44 0.00216341 
606 424 0.0138414 44 0.0138414 
420 379 0.0100004 44 0.0100004 
414 347 0.00907064 44 0.00907064 
114 358 0.00510224 43 0.00510224 
355 247 0.00694471 43 0.00694471 
107 400 0.0177785 43 0.0177785 
71 403 0.00510224 43 0.00510224 
167 347 0.00308654 43 0.00308654 
367 416 0.0110808 43 0.0110808 
138 315 0.00189043 43 0.00189043 
317 340 0.00907064 43 0.00907064 
522 330 0.0039064 43 0.0039064 
212 350 0.0330591 43 0.0330591 
133 363 0.00292195 43 0.00292195 
514 330 0.0236695 43 0.0236695 
547 328 0.00137179 42 0.00137179 
575 383 0.00153793 42 0.00153793 
114 353 0.00475643 42 0.00475643 
143 324 0.00444461 42 0.00444461 
152 345 0.0177785 42 0.0177785 
83 408 0.0110808 42 0.0110808 
59 403 0.00416249 42 0.00416249 
349 342 0.0277788 42 0.0277788 
458 297 0.00694471 42 0.00694471 
451 334 0.0039064 42 0.0039064 
154 353 0.00292195 42 0.00292195 
402 335 0.00160006 42 0.00160006 
342 401 0.0138414 42 0.0138414 
505 438 0.0330591 42 0.0330591 
503 323 0.0177785 42 0.0177785 
599 230 0.00510224 41 0.00510224 
391 269 0.00907064 41 0.00907064 
386 343 0.00292195 41 0.00292195 
372 262 0.00907064 41 0.00907064 
433 320 0.0236695 41 0.0236695 
580 388 0.0156256 41 0.0156256 
360 392 0.00111115 41 0.00111115 
123 353 0.00756173 41 0.00756173 
160 349 0.00181084 41 0.00181084 
505 380 0.0236695 41 0.0236695 
361 299 0.00826478 41 0.00826478 
541 320 0.0277788 41 0.0277788 
454 367 0.0100004 41 0.0100004 
136 341 0.0100004 41 0.0100004 
248 403 0.0025001 41 0.0025001 
335 321 0.00694471 40 0.00694471 
380 345 0.0110808 40 0.0110808 
585 394 0.00346034 40 0.00346034 
123 361 0.0236695 40 0.0236695 
542 313 0.0236695 40 0.0236695 
175 338 0.0277788 40 0.0277788 
572 307 0.00640025 40 0.00640025 
580 376 0.0025001 40 0.0025001 
207 355 0.0039064 40 0.0039064 
582 291 0.00444461 40 0.00444461 
409 315 0.000416509 40 0.000416509 
413 332 0.0330591 40 0.0330591 
549 378 0.0330591 40 0.0330591 
541 326 0.0236695 40 0.0236695 
571 343 0.0330591 40 0.0330591 
222 338 0.0330591 40 0.0330591 
234 359 0.00292195 40 0.00292195 
591 377 0.00308654 40 0.00308654 
530 298 0.0277788 40 0.0277788 
106 355 0.0177785 40 0.0177785 
599 410 0.0236695 40 0.0236695 
181 343 0.0330591 39 0.0330591 
376 300 0.00181084 39 0.00181084 
511 313 0.0204089 39 0.0204089 
301 298 0.0110808 39 0.0110808 
117 401 0.0177785 39 0.0177785 
39 402 0.00591739 39 0.00591739 
434 309 0.00475643 39 0.00475643 
347 344 0.00444461 39 0.00444461 
445 319 0.0236695 39 0.0236695 
427 337 0.00346034 39 0.00346034 
352 312 0.00475643 39 0.00475643 
224 240 0.0277788 39 0.0277788 
177 339 0.0236695 39 0.0236695 
229 316 0.0277788 39 0.0277788 
441 312 0.00907064 39 0.00907064 
528 342 0.00907064 39 0.00907064 
138 352 0.00147935 39 0.00147935 
145 334 0.0138414 39 0.0138414 
467 316 0.00367324 39 0.00367324 
334 356 0.0177785 39 0.0177785 
218 312 0.00826478 38 0.00826478 
269 417 0.0236695 38 0.0236695 
364 268 0.00694471 38 0.00694471 
75 352 0.00166604 38 0.00166604 
144 375 0.00510224 38 0.00510224 
455 319 0.0277788 38 0.0277788 
210 291 0.00907064 38 0.00907064 
558 400 0.0100004 38 0.0100004 
192 354 0.0039064 38 0.0039064 
219 349 0.0204089 38 0.0204089 
342 329 0.0330591 38 0.0330591 
232 414 0.00292195 38 0.00292195 
85 403 0.00153793 38 0.00153793 
473 300 0.00367324 38 0.00367324 
587 408 0.00189043 38 0.00189043 
239 342 0.00475643 38 0.00475643 
398 332 0.000384482 38 0.000384482 
203 366 0.0277788 38 0.0277788 
553 374 0.0236695 38 0.0236695 
340 383 0.00292195 37 0.00292195 
65 202 0.0177785 37 0.0177785 
18 419 0.0277788 37 0.0277788 
62 404 0.0277788 37 0.0277788 
273 394 0.0110808 37 0.0110808 
361 243 0.0012312 37 0.0012312 
273 358 0.00137179 37 0.00137179 
185 338 0.0277788 37 0.0277788 
449 328 0.0277788 37 0.0277788 
348 380 0.00756173 37 0.00756173 
341 354 0.00510224 37 0.00510224 
473 362 0.00756173 37 0.00756173 
564 361 0.00756173 37 0.00756173 
238 404 0.00147935 37 0.00147935 
581 392 0.0123462 37 0.0123462 
574 335 0.00262995 37 0.00262995 
366 267 0.00756173 37 0.00756173 
576 338 0.0100004 37 0.0100004 
559 284 0.0138414 37 0.0138414 
112 211 0.0330591 36 0.0330591 
527 324 0.00367324 36 0.00367324 
363 395 0.0330591 36 0.0330591 
232 360 0.00173618 36 0.00173618 
66 390 0.0100004 36 0.0100004 
101 214 0.0204089 36 0.0204089 
242 339 0.0277788 36 0.0277788 
145 329 0.00826478 36 0.00826478 
9 336 0.0177785 36 0.0177785 
267 359 0.00510224 36 0.00510224 
476 332 0.00292195 36 0.00292195 
379 290 0.0110808 36 0.0110808 
368 426 0.00756173 36 0.00756173 
123 340 0.0236695 36 0.0236695 
246 271 0.00111115 35 0.00111115 
483 340 0.00153793 35 0.00153793 
560 385 0.0138414 35 0.0138414 
219 346 0.00694471 35 0.00694471 
379 304 0.0277788 35 0.0277788 
529 326 0.000840192 35 0.000840192 
184 327 0.00475643 35 0.00475643 
275 331 0.00416249 35 0.00416249 
72 396 0.00444461 35 0.00444461 
309 349 0.00277019 35 0.00277019 
394 290 0.00591739 35 0.00591739 
95 214 0.0236695 35 0.0236695 
578 415 0.0177785 35 0.0177785 
352 351 0.0100004 35 0.0100004 
456 383 0.0156256 35 0.0156256 
607 251 0.0156256 35 0.0156256 
472 422 0.00826478 35 0.00826478 
211 338 0.0330591 35 0.0330591 
596 277 0.0039064 35 0.0039064 
442 243 0.0277788 35 0.0277788 
338 248 0.00907064 35 0.00907064 
402 318 0.000493846 35 0.000493846 
483 302 0.0009766 34 0.0009766 
550 368 0.00826478 34 0.00826478 
482 324 0.000195616 34 0.000195616 
241 353 0.00694471 34 0.00694471 
537 324 0.00127556 34 0.00127556 
234 417 0.0330591 34 0.0330591 
549 330 0.0236695 34 0.0236695 
338 321 0.0100004 34 0.0100004 
143 365 0.00416249 34 0.00416249 
385 309 0.00107502 34 0.00107502 
234 364 0.0110808 34 0.0110808 
364 329 0.0204089 34 0.0204089 
580 311 0.0204089 34 0.0204089 
233 349 0.0204089 34 0.0204089 
585 380 0.00346034 34 0.00346034 
83 372 0.0156256 34 0.0156256 
267 318 0.0039064 34 0.0039064 
201 359 0.00416249 34 0.00416249 
402 285 0.00591739 34 0.00591739 
523 384 0.000493846 34 0.000493846 
219 365 0.0236695 34 0.0236695 
81 357 0.0025001 34 0.0025001 
241 405 0.00548718 34 0.00548718 
193 314 0.00510224 34 0.00510224 
248 332 0.00591739 34 0.00591739 
88 330 0.0236695 34 0.0236695 
583 374 0.00326543 34 0.00326543 
214 340 0.0177785 34 0.0177785 
203 400 0.0236695 33 0.0236695 
102 348 0.00173618 33 0.00173618 
258 421 0.0236695 33 0.0236695 
139 338 0.00694471 33 0.00694471 
153 379 0.0204089 33 0.0204089 
144 400 0.00907064 33 0.00907064 
591 415 0.00292195 33 0.00292195 
341 349 0.00548718 33 0.00548718 
294 300 0.00756173 33 0.00756173 
573 404 0.0277788 33 0.0277788 
257 346 0.000120763 33 0.000120763 
107 405 0.0156256 33 0.0156256 
421 354 0.00346034 33 0.00346034 
515 324 0.0330591 33 0.0330591 
213 316 0.0177785 33 0.0177785 
481 345 0.00346034 33 0.00346034 
336 335 0.0277788 33 0.0277788 
362 350 0.0123462 33 0.0123462 
494 312 0.0277788 33 0.0277788 
14 378 0.0277788 32 0.0277788 
383 290 0.00308654 32 0.00308654 
463 348 0.0204089 32 0.0204089 
561 333 0.00346034 32 0.00346034 
121 344 0.00548718 32 0.00548718 
481 412 0.0156256 32 0.0156256 
583 321 0.0039064 32 0.0039064 
141 373 0.0039064 32 0.0039064 
217 322 0.0177785 32 0.0177785 
257 325 0.0177785 32 0.0177785 
463 269 0.0123462 32 0.0123462 
159 344 0.00640025 32 0.00640025 
232 415 0.0204089 32 0.0204089 
578 337 0.0330591 32 0.0330591 
284 353 0.0204089 32 0.0204089 
132 362 0.00826478 32 0.00826478 
591 233 0.0204089 32 0.0204089 
122 356 0.00591739 32 0.00591739 
268 336 0.0123462 32 0.0123462 
237 351 0.0123462 32 0.0123462 
332 433 0.0330591 32 0.0330591 
238 311 0.00591739 32 0.00591739 
406 321 0.0177785 32 0.0177785 
428 320 0.00024415 32 0.00024415 
546 303 0.00548718 32 0.00548718 
400 295 0.0156256 32 0.0156256 
469 383 0.0025001 31 0.0025001 
59 396 0.00416249 31 0.00416249 
140 396 0.0204089 31 0.0204089 
527 288 0.0277788 31 0.0277788 
567 318 0.0110808 31 0.0110808 
578 365 0.0236695 31 0.0236695 
58 406 0.00326543 31 0.00326543 
340 343 0.00237963 31 0.00237963 
476 351 0.00640025 31 0.00640025 
103 398 0.00826478 31 0.00826478 
441 305 0.0204089 31 0.0204089 
398 333 0.000840192 31 0.000840192 
232 297 0.00173618 31 0.00173618 
332 318 0.00237963 31 0.00237963 
291 297 0.00237963 31 0.00237963 
353 336 0.0138414 31 0.0138414 
161 353 0.00107502 31 0.00107502 
334 391 0.0177785 31 0.0177785 
449 337 0.0110808 31 0.0110808 
545 373 0.0236695 31 0.0236695 
136 344 0.0123462 31 0.0123462 
381 294 0.000692547 31 0.000692547 
394 351 0.00826478 31 0.00826478 
527 335 0.00367324 31 0.00367324 
132 353 0.00510224 31 0.00510224 
94 403 0.0123462 31 0.0123462 
368 297 0.00756173 31 0.00756173 
526 329 0.00147935 31 0.00147935 
503 340 0.0123462 31 0.0123462 
326 349 0.00100785 30 0.00100785 
272 360 0.00326543 30 0.00326543 
402 380 0.000580658 30 0.000580658 
514 395 0.000750639 30 0.000750639 
452 394 0.0177785 30 0.0177785 
90 329 0.0330591 30 0.0330591 
552 324 0.0123462 30 0.0123462 
64 240 0.0138414 30 0.0138414 
590 326 0.00206619 30 0.00206619 
78 299 0.0177785 30 0.0177785 
241 352 0.00100785 30 0.00100785 
485 287 0.00444461 30 0.00444461 
428 289 0.00262995 30 0.00262995 
133 337 0.0236695 30 0.0236695 
318 357 0.00907064 30 0.00907064 
493 311 0.000640948 30 0.000640948 
365 325 0.00308654 30 0.00308654 
45 406 0.0156256 30 0.0156256 
479 375 0.00694471 30 0.00694471 
372 359 0.000946782 30 0.000946782 
494 362 0.000566915 30 0.000566915 
115 359 0.0177785 30 0.0177785 
146 337 0.0177785 30 0.0177785 
375 335 0.00142405 30 0.00142405 
59 390 0.00416249 30 0.00416249 
337 314 0.0204089 30 0.0204089 
302 256 0.0277788 29 0.0277788 
384 385 0.00173618 29 0.00173618 
351 339 0.00907064 29 0.00907064 
232 338 0.0330591 29 0.0330591 
492 425 0.0138414 29 0.0138414 
189 359 0.00277019 29 0.00277019 
274 397 0.0100004 29 0.0100004 
468 357 0.0204089 29 0.0204089 
123 354 0.0204089 29 0.0204089 
397 389 0.00510224 29 0.00510224 
47 205 0.0236695 29 0.0236695 
239 340 0.0204089 29 0.0204089 
104 405 0.00326543 29 0.00326543 
74 204 0.0236695 29 0.0236695 
18 242 0.0330591 29 0.0330591 
367 420 0.0110808 29 0.0110808 
103 393 0.00907064 29 0.00907064 
14 375 0.0156256 29 0.0156256 
563 331 0.00160006 29 0.00160006 
579 414 0.00444461 29 0.00444461 
354 333 0.0138414 29 0.0138414 
511 390 0.000416509 29 0.000416509 
590 390 0.00367324 29 0.00367324 
511 266 0.0277788 29 0.0277788 
53 411 0.0330591 29 0.0330591 
505 320 0.00640025 29 0.00640025 
296 393 0.0177785 29 0.0177785 
583 295 0.00166604 29 0.00166604 
550 415 0.0330591 29 0.0330591 
124 368 0.00591739 29 0.00591739 
385 271 0.0177785 29 0.0177785 
362 297 0.00694471 29 0.00694471 
447 185 0.0277788 28 0.0277788 
324 255 0.0204089 28 0.0204089 
162 332 0.0100004 28 0.0100004 
435 282 0.00226766 28 0.00226766 
316 340 0.0204089 28 0.0204089 
367 341 0.00346034 28 0.00346034 
142 320 0.00308654 28 0.00308654 
382 319 0.0277788 28 0.0277788 
471 403 0.0138414 28 0.0138414 
168 293 0.00694471 28 0.00694471 
44 408 0.0123462 28 0.0123462 
86 431 0.0110808 28 0.0110808 
578 363 0.00237963 28 0.00237963 
347 346 0.0138414 28 0.0138414 
76 291 0.0123462 28 0.0123462 
78 351 0.0277788 28 0.0277788 
450 404 0.00147935 28 0.00147935 
366 400 0.0177785 28 0.0177785 
121 354 0.00262995 28 0.00262995 
259 311 0.0177785 28 0.0177785 
106 258 0.000793524 28 0.000793524 
600 421 0.00826478 28 0.00826478 
607 229 0.0138414 28 0.0138414 
399 286 0.00756173 28 0.00756173 
434 334 0.0204089 28 0.0204089 
247 357 0.0236695 28 0.0236695 
408 330 0.0330591 28 0.0330591 
452 179 0.00640025 27 0.00640025 
294 207 0.0236695 27 0.0236695 
225 347 0.0330591 27 0.0330591 
381 348 0.00100785 27 0.00100785 
226 354 0.00277019 27 0.00277019 
537 283 0.00277019 27 0.00277019 
374 406 0.00475643 27 0.00475643 
525 302 0.00756173 27 0.00756173 
101 343 0.00756173 27 0.00756173 
152 332 0.0236695 27 0.0236695 
387 323 0.0039064 27 0.0039064 
339 361 0.00694471 27 0.00694471 
293 372 0.0156256 27 0.0156256 
463 343 0.00308654 27 0.00308654 
302 329 0.0330591 27 0.0330591 
447 306 0.00756173 27 0.00756173 
238 413 0.00510224 27 0.00510224 
234 338 0.0330591 27 0.0330591 
497 279 0.0330591 27 0.0330591 
121 350 0.00548718 27 0.00548718 
409 290 0.000793524 27 0.000793524 
195 342 0.0330591 27 0.0330591 
164 322 0.0330591 27 0.0330591 
517 333 0.0025001 27 0.0025001 
398 411 0.00907064 27 0.00907064 
580 354 0.0110808 27 0.0110808 
485 354 0.0110808 27 0.0110808 
310 340 0.0177785 27 0.0177785 
531 284 0.0110808 27 0.0110808 
459 368 0.0330591 27 0.0330591 
454 338 0.00166604 27 0.00166604 
326 352 0.000946782 27 0.000946782 
390 294 0.0277788 27 0.0277788 
379 249 0.00591739 27 0.00591739 
529 303 0.0100004 27 0.0100004 
78 359 0.0277788 27 0.0277788 
472 420 0.00756173 27 0.00756173 
340 305 0.00907064 27 0.00907064 
528 346 0.00367324 26 0.00367324 
437 366 0.00756173 26 0.00756173 
209 307 0.00237963 26 0.00237963 
340 404 0.00510224 26 0.00510224 
352 288 0.0156256 26 0.0156256 
195 224 0.0277788 26 0.0277788 
570 287 0.00475643 26 0.00475643 
245 291 0.00292195 26 0.00292195 
503 382 0.0138414 26 0.0138414 
422 336 0.000946782 26 0.000946782 
213 406 0.0330591 26 0.0330591 
350 351 0.0277788 26 0.0277788 
465 198 0.00907064 26 0.00907064 
387 266 0.0236695 26 0.0236695 
209 285 0.0177785 26 0.0177785 
383 278 0.00907064 26 0.00907064 
386 332 0.000540854 26 0.000540854 
424 377 0.0177785 26 0.0177785 
289 342 0.00548718 26 0.00548718 
330 329 0.0330591 26 0.0330591 
504 295 0.0138414 26 0.0138414 
484 325 0.0100004 25 0.0100004 
603 420 0.0110808 25 0.0110808 
123 385 0.0138414 25 0.0138414 
423 349 0.0277788 25 0.0277788 
372 416 0.00262995 25 0.00262995 
379 319 0.0277788 25 0.0277788 
492 350 0.00160006 25 0.00160006 
207 366 0.0025001 25 0.0025001 
340 397 0.00548718 25 0.00548718 
365 409 0.00475643 25 0.00475643 
428 322 0.0138414 25 0.0138414 
192 343 0.00475643 25 0.00475643 
546 390 0.00237963 25 0.00237963 
420 315 0.000297277 25 0.000297277 
97 210 0.0100004 25 0.0100004 
210 322 0.0156256 25 0.0156256 
528 334 0.000793524 25 0.000793524 
366 368 0.00826478 25 0.00826478 
158 336 0.00548718 25 0.00548718 
417 410 0.00153793 25 0.00153793 
484 311 0.0330591 25 0.0330591 
527 312 0.00292195 25 0.00292195 
416 276 0.00107502 25 0.00107502 
481 433 0.0156256 25 0.0156256 
381 294 0.00118911 25 0.00118911 
139 397 0.00826478 25 0.00826478 
526 355 0.0110808 25 0.0110808 
37 406 0.00444461 25 0.00444461 
353 396 0.0236695 25 0.0236695 
428 324 0.00173618 25 0.00173618 
554 286 0.00640025 25 0.00640025 
317 348 0.00510224 25 0.00510224 
396 366 0.0330591 25 0.0330591 
111 397 0.00367324 25 0.00367324 
317 356 0.0204089 25 0.0204089 
173 295 0.00416249 25 0.00416249 
321 376 0.00189043 25 0.00189043 
204 306 0.00216341 24 0.00216341 
121 341 0.00548718 24 0.00548718 
429 304 0.0204089 24 0.0204089 
435 296 0.00277019 24 0.00277019 
132 372 0.0110808 24 0.0110808 
487 330 0.00548718 24 0.00548718 
102 223 0.0236695 24 0.0236695 
455 429 0.0236695 24 0.0236695 
367 405 0.0123462 24 0.0123462 
241 226 0.0177785 24 0.0177785 
153 347 0.000692547 24 0.000692547 
251 397 0.0277788 24 0.0277788 
90 375 0.00548718 24 0.00548718 
597 419 0.00591739 24 0.00591739 
485 306 0.000891101 24 0.000891101 
332 319 0.0204089 24 0.0204089 
220 312 0.00367324 24 0.00367324 
142 342 0.00475643 24 0.00475643 
448 346 0.00826478 24 0.00826478 
412 323 0.00416249 24 0.00416249 
334 347 0.0156256 24 0.0156256 
314 304 0.0138414 24 0.0138414 
15 304 0.0123462 24 0.0123462 
413 385 0.0138414 24 0.0138414 
230 313 0.00237963 24 0.00237963 
277 303 0.00444461 24 0.00444461 
297 284 0.0177785 24 0.0177785 
285 277 0.000277788 24 0.000277788 
551 297 0.0204089 24 0.0204089 
220 415 0.0110808 24 0.0110808 
379 211 0.0177785 24 0.0177785 
559 342 0.00510224 24 0.00510224 
321 321 0.00197538 24 0.00197538 
429 346 0.000816358 24 0.000816358 
260 352 0.0156256 24 0.0156256 
363 351 0.00308654 24 0.00308654 
586 325 0.00907064 24 0.00907064 
214 397 0.0204089 24 0.0204089 
575 391 0.00640025 24 0.00640025 
101 332 0.00826478 24 0.00826478 
83 360 0.0330591 24 0.0330591 
457 279 0.00907064 24 0.00907064 
259 347 0.0138414 24 0.0138414 
502 282 0.00591739 23 0.00591739 
598 224 0.0330591 23 0.0330591 
14 223 0.00756173 23 0.00756173 
477 407 0.00197538 23 0.00197538 
47 215 0.000891101 23 0.000891101 
204 317 0.00416249 23 0.00416249 
116 335 0.0138414 23 0.0138414 
607 386 0.0277788 23 0.0277788 
203 351 0.0330591 23 0.0330591 
470 434 0.0204089 23 0.0204089 
261 238 0.0177785 23 0.0177785 
456 432 0.0156256 23 0.0156256 
228 309 0.0138414 23 0.0138414 
513 295 0.0138414 23 0.0138414 
592 224 0.00226766 23 0.00226766 
391 349 0.00548718 23 0.00548718 
534 435 0.0177785 23 0.0177785 
14 419 0.0236695 23 0.0236695 
588 269 0.00189043 23 0.00189043 
429 332 0.00132236 23 0.00132236 
359 287 0.00147935 23 0.00147935 
102 338 0.00907064 23 0.00907064 
559 364 0.00262995 23 0.00262995 
416 336 0.00147935 23 0.00147935 
234 406 0.00292195 23 0.00292195 
495 383 0.0330591 23 0.0330591 
507 426 0.00826478 23 0.00826478 
313 334 0.000324661 23 0.000324661 
496 342 0.00475643 23 0.00475643 
110 340 0.00326543 23 0.00326543 
224 250 0.0330591 23 0.0330591 
143 388 0.000516549 23 0.000516549 
456 286 0.0177785 23 0.0177785 
505 274 0.0277788 23 0.0277788 
12 337 0.0156256 23 0.0156256 
528 316 0.00694471 23 0.00694471 
568 330 0.0138414 23 0.0138414 
424 372 0.00181084 23 0.00181084 
411 339 0.0156256 23 0.0156256 
16 239 0.0277788 23 0.0277788 
357 243 0.00416249 23 0.00416249 
34 256 0.0123462 23 0.0123462 
18 371 0.00694471 23 0.00694471 
427 301 0.00548718 23 0.00548718 
223 321 0.0123462 23 0.0123462 
378 227 0.0236695 23 0.0236695 
473 332 0.000625024 23 0.000625024 
399 314 0.0012312 23 0.0012312 
441 229 0.00907064 23 0.00907064 
241 367 0.00107502 22 0.00107502 
13 373 0.0123462 22 0.0123462 
309 394 0.00326543 22 0.00326543 
286 282 0.0204089 22 0.0204089 
590 282 0.00206619 22 0.00206619 
501 261 0.0100004 22 0.0100004 
510 295 0.0138414 22 0.0138414 
568 354 0.00756173 22 0.00756173 
412 393 0.00216341 22 0.00216341 
505 320 0.0156256 22 0.0156256 
109 354 0.00173618 22 0.00173618 
560 380 0.0236695 22 0.0236695 
222 281 0.0110808 22 0.0110808 
185 306 0.00226766 22 0.00226766 
178 355 0.000918309 22 0.000918309 
199 337 0.0100004 22 0.0100004 
116 274 0.000400015 22 0.000400015 
376 290 0.00326543 22 0.00326543 
243 428 0.00826478 22 0.00826478 
507 294 0.000356012 22 0.000356012 
256 398 0.0138414 22 0.0138414 
288 306 0.00346034 22 0.00346034 
279 423 0.0039064 22 0.0039064 
535 293 0.00107502 22 0.00107502 
517 421 0.0039064 22 0.0039064 
145 339 0.00166604 22 0.00166604 
356 378 0.00694471 22 0.00694471 
375 257 0.00756173 22 0.00756173 
502 428 0.0177785 22 0.0177785 
242 314 0.0100004 22 0.0100004 
123 406 0.0277788 22 0.0277788 
281 351 0.00142405 22 0.00142405 
200 371 0.0110808 22 0.0110808 
548 303 0.0277788 21 0.0277788 
238 311 0.00326543 21 0.00326543 
344 316 0.00907064 21 0.00907064 
93 342 0.00277019 21 0.00277019 
322 392 0.0277788 21 0.0277788 
310 356 0.0177785 21 0.0177785 
65 396 0.0025001 21 0.0025001 
441 391 0.0138414 21 0.0138414 
463 423 0.0177785 21 0.0177785 
214 293 0.0138414 21 0.0138414 
373 320 0.0177785 21 0.0177785 
147 350 0.00277019 21 0.00277019 
575 308 0.00444461 21 0.00444461 
241 325 0.0277788 21 0.0277788 
589 224 0.00189043 21 0.00189043 
86 400 0.00475643 21 0.00475643 
67 256 0.0177785 21 0.0177785 
260 318 0.0330591 21 0.0330591 
584 402 0.00142405 21 0.00142405 
44 396 0.00591739 21 0.00591739 
337 377 0.0110808 21 0.0110808 
382 255 0.0177785 21 0.0177785 
350 316 0.00694471 21 0.00694471 
205 402 0.00907064 21 0.00907064 
213 361 0.0236695 21 0.0236695 
550 415 0.0110808 21 0.0110808 
390 274 0.00510224 21 0.00510224 
76 419 0.0236695 21 0.0236695 
469 386 0.0204089 21 0.0204089 
477 433 0.00826478 21 0.00826478 
130 334 0.0156256 21 0.0156256 
545 235 0.0330591 21 0.0330591 
361 335 0.0100004 21 0.0100004 
405 170 0.0277788 21 0.0277788 
523 405 0.00127556 21 0.00127556 
337 338 0.0236695 21 0.0236695 
228 323 0.0204089 21 0.0204089 
364 432 0.0330591 21 0.0330591 
203 289 0.0330591 21 0.0330591 
573 354 0.000865085 21 0.000865085 
605 407 0.0177785 21 0.0177785 
360 253 0.0236695 21 0.0236695 
511 372 0.000349389 21 0.000349389 
237 405 0.0025001 21 0.0025001 
297 410 0.00107502 21 0.00107502 
336 263 0.000918309 21 0.000918309 
497 338 0.000771635 21 0.000771635 
508 230 0.00826478 21 0.00826478 
594 313 0.0123462 21 0.0123462 
124 409 0.00826478 21 0.00826478 
504 428 0.00367324 21 0.00367324 
392 263 0.0177785 21 0.0177785 
513 313 0.000750639 20 0.000750639 
488 284 0.00111115 20 0.00111115 
189 322 0.00262995 20 0.00262995 
92 422 0.00416249 20 0.00416249 
420 342 0.00367324 20 0.00367324 
224 406 0.00444461 20 0.00444461 
540 298 0.0277788 20 0.0277788 
312 300 0.0177785 20 0.0177785 
271 238 0.0204089 20 0.0204089 
333 423 0.00510224 20 0.00510224 
99 214 0.0138414 20 0.0138414 
199 233 0.00510224 20 0.00510224 
418 310 0.00826478 20 0.00826478 
83 263 0.00216341 20 0.00216341 
260 355 0.0138414 20 0.0138414 
151 355 0.00197538 20 0.00197538 
171 353 0.000657487 20 0.000657487 
540 363 0.00326543 20 0.00326543 
408 292 0.0204089 20 0.0204089 
93 409 0.0009766 20 0.0009766 
339 312 0.00548718 20 0.00548718 
512 282 0.00756173 20 0.00756173 
53 194 0.0236695 20 0.0236695 
523 414 0.00216341 20 0.00216341 
118 369 0.0204089 20 0.0204089 
441 407 0.000483052 20 0.000483052 
471 393 0.0156256 20 0.0156256 
376 332 0.0110808 20 0.0110808 
551 304 0.00756173 20 0.00756173 
254 393 0.00907064 20 0.00907064 
553 303 0.0039064 20 0.0039064 
377 303 0.00907064 20 0.00907064 
569 391 0.00475643 20 0.00475643 
496 396 0.0204089 20 0.0204089 
232 316 0.00591739 20 0.00591739 
372 406 0.000891101 20 0.000891101 
384 312 0.00640025 20 0.00640025 
62 190 0.0025001 20 0.0025001 
291 329 0.0277788 20 0.0277788 
69 354 0.00444461 20 0.00444461 
558 298 0.00756173 20 0.00756173 
399 297 0.00292195 20 0.00292195 
603 438 0.0156256 20 0.0156256 
466 398 0.00640025 20 0.00640025 
361 425 0.0012312 20 0.0012312 
578 310 0.00346034 20 0.00346034 
212 349 0.0025001 20 0.0025001 
28 240 0.0277788 20 0.0277788 
538 297 0.0204089 20 0.0204089 
23 343 0.00694471 19 0.00694471 
442 292 0.0156256 19 0.0156256 
390 296 0.00137179 19 0.00137179 
119 390 0.0236695 19 0.0236695 
210 397 0.0177785 19 0.0177785 
20 311 0.00826478 19 0.00826478 
267 407 0.0156256 19 0.0156256 
548 414 0.00826478 19 0.00826478 
212 328 0.00173618 19 0.00173618 
481 386 0.00326543 19 0.00326543 
16 352 0.00591739 19 0.00591739 
478 429 0.00826478 19 0.00826478 
433 237 0.0277788 19 0.0277788 
401 308 0.000540854 19 0.000540854 
76 356 0.0156256 19 0.0156256 
299 338 0.000462499 19 0.000462499 
466 322 0.0204089 19 0.0204089 
353 327 0.0156256 19 0.0156256 
272 338 0.00826478 19 0.00826478 
349 412 0.00166604 19 0.00166604 
151 355 0.000711138 19 0.000711138 
270 387 0.00548718 19 0.00548718 
336 345 0.00173618 19 0.00173618 
299 331 0.0177785 19 0.0177785 
467 178 0.0100004 19 0.0100004 
499 304 0.000493846 19 0.000493846 
250 361 0.00173618 19 0.00173618 
274 397 0.00510224 19 0.00510224 
461 327 0.000129137 19 0.000129137 
145 364 0.00367324 19 0.00367324 
537 395 0.000528492 19 0.000528492 
509 289 0.00548718 19 0.00548718 
393 300 0.0100004 19 0.0100004 
607 382 0.0277788 19 0.0277788 
470 392 0.00277019 19 0.00277019 
294 273 0.0204089 19 0.0204089 
338 411 0.0123462 19 0.0123462 
218 357 0.00907064 19 0.00907064 
494 327 0.000505006 19 0.000505006 
392 300 0.00444461 19 0.00444461 
231 397 0.0236695 19 0.0236695 
595 340 0.00237963 19 0.00237963 
488 358 0.0204089 19 0.0204089 
321 355 0.00277019 19 0.00277019 
426 227 0.0236695 19 0.0236695 
580 320 0.00475643 19 0.00475643 
456 421 0.0236695 19 0.0236695 
462 370 0.00416249 19 0.00416249 
518 419 0.00326543 19 0.00326543 
550 331 0.00308654 19 0.00308654 
477 311 0.0330591 19 0.0330591 
506 264 0.0156256 19 0.0156256 
92 435 0.0277788 19 0.0277788 
418 299 0.00826478 19 0.00826478 
227 349 0.0177785 19 0.0177785 
446 176 0.0204089 19 0.0204089 
316 247 0.0156256 19 0.0156256 
419 402 0.000816358 19 0.000816358 
368 312 0.00181084 19 0.00181084 
403 274 0.0277788 19 0.0277788 
449 395 0.0100004 18 0.0100004 
445 304 0.00591739 18 0.00591739 
462 280 0.0204089 18 0.0204089 
418 363 0.0110808 18 0.0110808 
578 305 0.0138414 18 0.0138414 
86 410 0.00346034 18 0.00346034 
337 419 0.00206619 18 0.00206619 
280 338 0.00907064 18 0.00907064 
509 337 0.0156256 18 0.0156256 
428 305 0.0025001 18 0.0025001 
431 310 0.00160006 18 0.00160006 
96 413 0.00907064 18 0.00907064 
215 318 0.0039064 18 0.0039064 
330 420 0.00367324 18 0.00367324 
351 277 0.00367324 18 0.00367324 
453 377 0.00907064 18 0.00907064 
119 412 0.0236695 18 0.0236695 
327 337 0.00173618 18 0.00173618 
297 278 0.00694471 18 0.00694471 
383 329 0.0100004 18 0.0100004 
439 230 0.00826478 18 0.00826478 
365 387 0.00308654 18 0.00308654 
361 368 0.00104062 18 0.00104062 
215 169 0.0277788 18 0.0277788 
337 365 0.00907064 18 0.00907064 
528 383 0.000840192 18 0.000840192 
357 233 0.00907064 18 0.00907064 
317 240 0.0123462 18 0.0123462 
484 409 0.00826478 18 0.00826478 
524 388 0.000336685 18 0.000336685 
246 399 0.00591739 18 0.00591739 
86 416 0.00147935 18 0.00147935 
240 321 0.00216341 18 0.00216341 
63 226 0.00277019 18 0.00277019 
356 237 0.00640025 18 0.00640025 
378 407 0.00756173 18 0.00756173 
351 416 0.0123462 18 0.0123462 
378 308 0.00044323 18 0.00044323 
226 355 0.00591739 18 0.00591739 
554 325 0.0330591 18 0.0330591 
281 349 0.00237963 18 0.00237963 
228 326 0.00367324 18 0.00367324 
73 156 0.0236695 18 0.0236695 
610 243 0.0330591 18 0.0330591 
196 315 0.0177785 18 0.0177785 
391 346 0.000302469 18 0.000302469 
223 329 0.00548718 18 0.00548718 
464 391 0.00826478 18 0.00826478 
201 401 0.0138414 18 0.0138414 
291 306 0.00147935 18 0.00147935 
483 323 0.000771635 18 0.000771635 
420 403 0.00118911 18 0.00118911 
469 374 0.0177785 17 0.0177785 
152 393 0.000408137 17 0.000408137 
238 320 0.00548718 17 0.00548718 
563 422 0.0277788 17 0.0277788 
480 396 0.00907064 17 0.00907064 
542 334 0.0204089 17 0.0204089 
64 380 0.0277788 17 0.0277788 
439 228 0.00756173 17 0.00756173 
532 342 0.0009766 17 0.0009766 
315 307 0.0100004 17 0.0100004 
160 361 0.00107502 17 0.00107502 
362 378 0.0330591 17 0.0330591 
287 332 0.00416249 17 0.00416249 
265 236 0.00756173 17 0.00756173 
233 399 0.0236695 17 0.0236695 
94 206 0.00548718 17 0.00548718 
342 278 0.00237963 17 0.00237963 
507 340 0.00907064 17 0.00907064 
380 336 0.0277788 17 0.0277788 
538 396 0.00132236 17 0.00132236 
12 352 0.00907064 17 0.00907064 
218 295 0.0177785 17 0.0177785 
246 388 0.00907064 17 0.00907064 
399 306 0.0123462 17 0.0123462 
374 361 0.000553654 17 0.000553654 
529 374 0.00756173 17 0.00756173 
472 335 0.00147935 17 0.00147935 
437 351 0.00262995 17 0.00262995 
578 370 0.0236695 17 0.0236695 
427 407 0.000865085 17 0.000865085 
95 353 0.00166604 17 0.00166604 
56 388 0.0277788 17 0.0277788 
384 303 0.00756173 17 0.00756173 
560 384 0.00548718 17 0.00548718 
337 409 0.00591739 17 0.00591739 
415 303 0.0156256 17 0.0156256 
506 346 0.0177785 17 0.0177785 
32 418 0.00262995 17 0.00262995 
289 182 0.0236695 17 0.0236695 
117 215 0.0277788 17 0.0277788 
477 322 0.0177785 17 0.0177785 
311 335 0.00826478 17 0.00826478 
384 248 0.00907064 17 0.00907064 
318 395 0.0110808 17 0.0110808 
196 399 0.00292195 17 0.00292195 
159 341 0.00591739 17 0.00591739 
460 375 0.00640025 17 0.00640025 
43 365 0.00100785 17 0.00100785 
451 210 0.0110808 17 0.0110808 
353 305 0.00694471 16 0.00694471 
233 348 0.00292195 16 0.00292195 
595 284 0.00262995 16 0.00262995 
317 234 0.0123462 16 0.0123462 
363 311 0.0236695 16 0.0236695 
448 233 0.0236695 16 0.0236695 
380 407 0.0110808 16 0.0110808 
376 393 0.00326543 16 0.00326543 
387 321 0.0156256 16 0.0156256 
339 234 0.0123462 16 0.0123462 
433 313 0.00367324 16 0.00367324 
222 357 0.00132236 16 0.00132236 
92 386 0.0236695 16 0.0236695 
347 336 0.00510224 16 0.00510224 
151 396 0.00216341 16 0.00216341 
87 231 0.0204089 16 0.0204089 
375 321 0.00444461 16 0.00444461 
227 342 0.00510224 16 0.00510224 
246 356 0.0025001 16 0.0025001 
118 289 0.0277788 16 0.0277788 
539 348 0.00153793 16 0.00153793 
460 326 0.00826478 16 0.00826478 
198 397 0.00756173 16 0.00756173 
202 395 0.0123462 16 0.0123462 
12 333 0.00907064 16 0.00907064 
353 342 0.00160006 16 0.00160006 
370 412 0.00756173 16 0.00756173 
370 410 0.00756173 16 0.00756173 
238 321 0.0123462 16 0.0123462 
488 338 0.0138414 16 0.0138414 
472 311 0.0330591 16 0.0330591 
572 332 0.00153793 16 0.00153793 
369 394 0.000711138 16 0.000711138 
474 311 0.0330591 16 0.0330591 
565 407 0.000891101 16 0.000891101 
194 366 0.0123462 16 0.0123462 
468 407 0.0277788 16 0.0277788 
387 366 0.000609687 16 0.000609687 
106 186 0.0123462 16 0.0123462 
405 269 0.0330591 16 0.0330591 
56 374 0.0330591 16 0.0330591 
609 279 0.0330591 16 0.0330591 
250 324 0.0204089 16 0.0204089 
135 329 0.0100004 16 0.0100004 
291 391 0.0156256 16 0.0156256 
550 391 0.00640025 16 0.00640025 
415 399 0.000226138 16 0.000226138 
202 403 0.00640025 16 0.00640025 
376 341 0.0236695 16 0.0236695 
391 342 0.000918309 16 0.000918309 
227 307 0.0156256 16 0.0156256 
373 269 0.0330591 16 0.0330591 
493 395 0.00226766 16 0.00226766 
455 305 0.00591739 16 0.00591739 
245 283 0.00189043 16 0.00189043 
524 380 0.0177785 15 0.0177785 
72 195 0.00475643 15 0.00475643 
188 202 0.00756173 15 0.00756173 
525 329 0.0025001 15 0.0025001 
164 373 0.0204089 15 0.0204089 
265 398 0.0236695 15 0.0236695 
82 265 0.00206619 15 0.00206619 
451 326 0.0177785 15 0.0177785 
399 396 0.00826478 15 0.00826478 
333 345 0.0177785 15 0.0177785 
526 291 0.00756173 15 0.00756173 
116 260 0.0204089 15 0.0204089 
526 399 0.000711138 15 0.000711138 
428 401 0.000553654 15 0.000553654 
534 177 0.0204089 15 0.0204089 
377 233 0.0236695 15 0.0236695 
567 332 0.00475643 15 0.00475643 
202 352 0.000505006 15 0.000505006 
187 318 0.00826478 15 0.00826478 
85 332 0.0138414 15 0.0138414 
122 362 0.00216341 15 0.00216341 
141 359 0.000640948 15 0.000640948 
418 298 0.0012312 15 0.0012312 
449 292 0.0156256 15 0.0156256 
504 373 0.0123462 15 0.0123462 
566 294 0.0100004 15 0.0100004 
462 415 0.0330591 15 0.0330591 
54 425 0.0156256 15 0.0156256 
346 399 0.00640025 15 0.00640025 
78 387 0.0330591 15 0.0330591 
312 343 0.0100004 15 0.0100004 
200 413 0.00153793 15 0.00153793 
340 371 0.0330591 15 0.0330591 
254 414 0.00907064 15 0.00907064 
550 281 0.0156256 15 0.0156256 
296 395 0.00694471 15 0.00694471 
397 326 0.00694471 15 0.00694471 
191 198 0.0177785 15 0.0177785 
480 294 0.00197538 15 0.00197538 
43 245 0.0277788 15 0.0277788 
444 314 0.0110808 15 0.0110808 
504 360 0.0330591 15 0.0330591 
400 275 0.00237963 15 0.00237963 
358 391 0.00206619 15 0.00206619 
388 228 0.0330591 15 0.0330591 
362 353 0.0110808 15 0.0110808 
560 391 0.0123462 15 0.0123462 
589 216 0.00548718 15 0.00548718 
273 330 0.0204089 15 0.0204089 
544 300 0.0138414 15 0.0138414 
401 292 0.00206619 15 0.00206619 
547 317 0.00132236 15 0.00132236 
312 358 0.0123462 15 0.0123462 
585 347 0.00510224 15 0.00510224 
495 400 0.0277788 15 0.0277788 
395 311 0.0330591 15 0.0330591 
518 293 0.00907064 15 0.00907064 
348 423 0.00277019 15 0.00277019 
590 327 0.00510224 15 0.00510224 
56 366 0.000594907 15 0.000594907 
557 388 0.0039064 15 0.0039064 
492 318 0.00308654 15 0.00308654 
410 389 0.0277788 15 0.0277788 
223 349 0.0100004 15 0.0100004 
345 357 0.0100004 15 0.0100004 
223 395 0.0110808 15 0.0110808 
223 299 0.0277788 15 0.0277788 
391 279 0.00367324 15 0.00367324 
232 282 0.000918309 15 0.000918309 
361 408 0.0039064 15 0.0039064 
391 398 0.00346034 14 0.00346034 
383 316 0.00237963 14 0.00237963 
216 407 0.00694471 14 0.00694471 
506 327 0.000356012 14 0.000356012 
347 399 0.00277019 14 0.00277019 
484 352 0.00237963 14 0.00237963 
58 415 0.0204089 14 0.0204089 
496 330 0.000273216 14 0.000273216 
579 436 0.0110808 14 0.0110808 
372 225 0.0177785 14 0.0177785 
291 285 0.00640025 14 0.00640025 
336 344 0.00346034 14 0.00346034 
504 339 0.00640025 14 0.00640025 
144 342 0.0039064 14 0.0039064 
455 373 0.00160006 14 0.00160006 
592 306 0.00475643 14 0.00475643 
404 407 0.00416249 14 0.00416249 
440 339 0.00308654 14 0.00308654 
511 365 0.000324661 14 0.000324661 
58 391 0.0156256 14 0.0156256 
474 297 0.0236695 14 0.0236695 
427 357 0.00216341 14 0.00216341 
246 410 0.00591739 14 0.00591739 
564 331 0.00277019 14 0.00277019 
243 381 0.0204089 14 0.0204089 
319 317 0.00107502 14 0.00107502 
463 233 0.00640025 14 0.00640025 
388 250 0.0236695 14 0.0236695 
26 346 0.00475643 14 0.00475643 
214 367 0.0204089 14 0.0204089 
534 375 0.000330591 14 0.000330591 
64 401 0.00216341 14 0.00216341 
50 402 0.00181084 14 0.00181084 
545 286 0.00237963 14 0.00237963 
137 339 0.0330591 14 0.0330591 
501 313 0.0204089 14 0.0204089 
40 243 0.0138414 14 0.0138414 
357 330 0.00826478 14 0.00826478 
281 351 0.0123462 14 0.0123462 
567 344 0.0177785 14 0.0177785 
391 226 0.0156256 14 0.0156256 
116 348 0.00173618 14 0.00173618 
563 233 0.0330591 14 0.0330591 
420 323 0.00694471 14 0.00694471 
56 197 0.00510224 14 0.00510224 
608 302 0.0330591 14 0.0330591 
248 360 0.000750639 14 0.000750639 
69 195 0.0330591 14 0.0330591 
297 422 0.00111115 14 0.00111115 
443 380 0.00510224 14 0.00510224 
289 330 0.0204089 14 0.0204089 
63 237 0.00826478 14 0.00826478 
326 392 0.00111115 14 0.00111115 
586 241 0.00416249 14 0.00416249 
266 389 0.00216341 13 0.00216341 
510 340 0.00147935 13 0.00147935 
485 412 0.00826478 13 0.00826478 
395 320 0.0204089 13 0.0204089 
98 425 0.00694471 13 0.00694471 
386 304 0.0236695 13 0.0236695 
342 396 0.0123462 13 0.0123462 
51 335 0.0236695 13 0.0236695 
82 223 0.0330591 13 0.0330591 
521 379 0.0330591 13 0.0330591 
549 386 0.00326543 13 0.00326543 
278 355 0.000180179 13 0.000180179 
213 317 0.00367324 13 0.00367324 
168 337 0.0330591 13 0.0330591 
476 324 0.00173618 13 0.00173618 
232 338 0.00160006 13 0.00160006 
270 342 0.00292195 13 0.00292195 
39 202 0.0236695 13 0.0236695 
477 264 0.0177785 13 0.0177785 
459 339 0.0123462 13 0.0123462 
592 388 0.00197538 13 0.00197538 
255 300 0.0236695 13 0.0236695 
50 397 0.00181084 13 0.00181084 
515 291 0.00416249 13 0.00416249 
310 312 0.0123462 13 0.0123462 
551 407 0.0039064 13 0.0039064 
14 186 0.0277788 13 0.0277788 
70 255 0.0110808 13 0.0110808 
435 310 0.0156256 13 0.0156256 
566 295 0.00475643 13 0.00475643 
565 287 0.00826478 13 0.00826478 
238 399 0.00127556 13 0.00127556 
401 323 0.0123462 13 0.0123462 
413 360 0.00694471 13 0.00694471 
407 311 0.0330591 13 0.0330591 
438 397 0.00153793 13 0.00153793 
440 282 0.00640025 13 0.00640025 
483 254 0.000840192 13 0.000840192 
517 303 0.00367324 13 0.00367324 
480 309 0.00114914 13 0.00114914 
276 296 0.0138414 13 0.0138414 
503 346 0.00367324 13 0.00367324 
235 381 0.0204089 13 0.0204089 
350 360 0.0236695 13 0.0236695 
444 331 0.00216341 13 0.00216341 
401 311 0.0330591 13 0.0330591 
208 345 0.00367324 13 0.00367324 
233 371 0.00444461 13 0.00444461 
580 313 0.00262995 13 0.00262995 
504 355 0.0236695 13 0.0236695 
518 335 0.00153793 13 0.00153793 
282 328 0.0330591 13 0.0330591 
554 323 0.00237963 13 0.00237963 
29 420 0.00206619 13 0.00206619 
337 416 0.00907064 13 0.00907064 
578 377 0.0204089 13 0.0204089 
220 337 0.000505006 13 0.000505006 
193 277 0.00826478 13 0.00826478 
111 355 0.00346034 13 0.00346034 
399 293 0.00100785 12 0.00100785 
404 321 0.000793524 12 0.000793524 
231 400 0.00444461 12 0.00444461 
360 332 0.000946782 12 0.000946782 
588 302 0.0330591 12 0.0330591 
245 423 0.0156256 12 0.0156256 
540 297 0.00826478 12 0.00826478 
479 313 0.00475643 12 0.00475643 
335 356 0.00326543 12 0.00326543 
581 337 0.0138414 12 0.0138414 
251 341 0.0156256 12 0.0156256 
140 349 0.00591739 12 0.00591739 
444 293 0.00756173 12 0.00756173 
583 283 0.00907064 12 0.00907064 
86 423 0.00416249 12 0.00416249 
370 405 0.00292195 12 0.00292195 
539 326 0.0156256 12 0.0156256 
463 401 0.00416249 12 0.00416249 
482 326 0.00147935 12 0.00147935 
153 335 0.00308654 12 0.00308654 
396 379 0.0039064 12 0.0039064 
575 389 0.00548718 12 0.00548718 
238 230 0.00756173 12 0.00756173 
473 334 0.000918309 12 0.000918309 
460 285 0.0277788 12 0.0277788 
57 231 0.00197538 12 0.00197538 
301 286 0.0277788 12 0.0277788 
538 433 0.0277788 12 0.0277788 
380 347 0.0330591 12 0.0330591 
332 306 0.00326543 12 0.00326543 
274 259 0.00326543 12 0.00326543 
451 434 0.0277788 12 0.0277788 
129 222 0.0156256 12 0.0156256 
582 379 0.0100004 12 0.0100004 
193 329 0.00206619 12 0.00206619 
551 407 0.00694471 12 0.00694471 
293 189 0.00694471 12 0.00694471 
337 198 0.0236695 12 0.0236695 
523 380 0.00104062 12 0.00104062 
184 330 0.00416249 12 0.00416249 
404 379 0.000384482 12 0.000384482 
49 225 0.00142405 12 0.00142405 
102 362 0.00277019 12 0.00277019 
377 367 0.00277019 12 0.00277019 
206 355 0.00237963 12 0.00237963 
279 351 0.000251962 12 0.000251962 
239 378 0.0100004 12 0.0100004 
384 404 0.0277788 12 0.0277788 
427 385 0.00237963 12 0.00237963 
192 349 0.0204089 12 0.0204089 
192 206 0.0156256 12 0.0156256 
228 410 0.0330591 12 0.0330591 
553 382 0.00548718 12 0.00548718 
73 370 0.0110808 12 0.0110808 
118 207 0.0330591 12 0.0330591 
316 343 0.000865085 12 0.000865085 
437 279 0.00181084 12 0.00181084 
122 363 0.0009766 12 0.0009766 
374 328 0.0100004 12 0.0100004 
534 368 0.00189043 12 0.00189043 
75 415 0.0177785 12 0.0177785 
574 419 0.00907064 12 0.00907064 
408 279 0.00137179 12 0.00137179 
366 310 0.0330591 12 0.0330591 
102 364 0.00826478 12 0.00826478 
404 327 0.0277788 12 0.0277788 
108 207 0.00591739 11 0.00591739 
439 291 0.00189043 11 0.00189043 
472 406 0.0110808 11 0.0110808 
359 359 0.000349389 11 0.000349389 
582 405 0.00907064 11 0.00907064 
67 215 0.0177785 11 0.0177785 
102 359 0.00292195 11 0.00292195 
388 308 0.000625024 11 0.000625024 
386 251 0.0177785 11 0.0177785 
73 359 0.00907064 11 0.00907064 
105 406 0.00197538 11 0.00197538 
373 311 0.00591739 11 0.00591739 
405 387 0.0236695 11 0.0236695 
472 292 0.00907064 11 0.00907064 
489 373 0.00147935 11 0.00147935 
19 308 0.0110808 11 0.0110808 
133 398 0.0277788 11 0.0277788 
139 356 0.00346034 11 0.00346034 
560 375 0.00548718 11 0.00548718 
148 208 0.0236695 11 0.0236695 
467 403 0.00475643 11 0.00475643 
279 328 0.0330591 11 0.0330591 
538 326 0.00237963 11 0.00237963 
290 245 0.00548718 11 0.00548718 
500 280 0.00216341 11 0.00216341 
9 327 0.0330591 11 0.0330591 
605 347 0.0100004 11 0.0100004 
368 355 0.00237963 11 0.00237963 
12 348 0.0100004 11 0.0100004 
212 299 0.0177785 11 0.0177785 
466 366 0.000771635 11 0.000771635 
450 372 0.00548718 11 0.00548718 
391 341 0.000302469 11 0.000302469 
89 270 0.00416249 11 0.00416249 
490 286 0.0204089 11 0.0204089 
383 252 0.0123462 11 0.0123462 
312 353 0.0100004 11 0.0100004 
464 217 0.0330591 11 0.0330591 
574 368 0.00100785 11 0.00100785 
233 326 0.0123462 11 0.0123462 
53 338 0.0123462 11 0.0123462 
31 398 0.00262995 11 0.00262995 
17 339 0.0123462 11 0.0123462 
109 354 0.00114914 11 0.00114914 
169 219 0.0330591 11 0.0330591 
546 267 0.00142405 11 0.00142405 
520 318 0.00826478 11 0.00826478 
468 413 0.00444461 11 0.00444461 
464 257 0.000640948 11 0.000640948 
204 341 0.00591739 11 0.00591739 
303 356 0.00591739 11 0.00591739 
80 357 0.0156256 11 0.0156256 
63 338 0.00510224 11 0.00510224 
585 405 0.00367324 11 0.00367324 
217 379 0.0156256 11 0.0156256 
302 347 0.000505006 11 0.000505006 
398 312 0.0236695 11 0.0236695 
263 308 0.0236695 11 0.0236695 
382 385 0.0039064 11 0.0039064 
263 411 0.00756173 11 0.00756173 
369 303 0.0204089 11 0.0204089 
383 432 0.0236695 11 0.0236695 
278 290 0.0236695 11 0.0236695 
413 286 0.0236695 11 0.0236695 
400 307 0.00277019 11 0.00277019 
76 332 0.0177785 11 0.0177785 
73 425 0.0100004 11 0.0100004 
386 356 0.00181084 11 0.00181084 
271 307 0.00694471 11 0.00694471 
174 345 0.000566915 11 0.000566915 
538 250 0.000625024 11 0.000625024 
260 307 0.0123462 11 0.0123462 
421 305 0.0100004 11 0.0100004 
130 303 0.000865085 11 0.000865085 
83 149 0.00416249 11 0.00416249 
452 402 0.000692547 11 0.000692547 
246 303 0.00694471 11 0.00694471 
444 406 0.0110808 10 0.0110808 
475 291 0.00756173 10 0.00756173 
586 282 0.00756173 10 0.00756173 
532 305 0.00153793 10 0.00153793 
198 325 0.000434044 10 0.000434044 
77 200 0.0100004 10 0.0100004 
141 379 0.00326543 10 0.00326543 
125 402 0.00416249 10 0.00416249 
432 372 0.00326543 10 0.00326543 
481 424 0.00308654 10 0.00308654 
106 288 0.0100004 10 0.0100004 
17 186 0.0277788 10 0.0277788 
76 399 0.0236695 10 0.0236695 
413 368 0.0330591 10 0.0330591 
76 389 0.00756173 10 0.00756173 
242 398 0.00756173 10 0.00756173 
507 312 0.0330591 10 0.0330591 
592 212 0.00367324 10 0.00367324 
266 230 0.00416249 10 0.00416249 
403 292 0.00367324 10 0.00367324 
390 400 0.000297277 10 0.000297277 
467 233 0.0277788 10 0.0277788 
138 200 0.00416249 10 0.00416249 
343 331 0.00826478 10 0.00826478 
42 325 0.0156256 10 0.0156256 
521 287 0.00277019 10 0.00277019 
127 343 0.0039064 10 0.0039064 
222 414 0.00137179 10 0.00137179 
489 289 0.000657487 10 0.000657487 
141 366 0.0156256 10 0.0156256 
519 299 0.00548718 10 0.00548718 
44 253 0.0177785 10 0.0177785 
27 314 0.00346034 10 0.00346034 
552 396 0.00237963 10 0.00237963 
406 383 0.0156256 10 0.0156256 
288 350 0.000313271 10 0.000313271 
555 389 0.0156256 10 0.0156256 
490 429 0.00826478 10 0.00826478 
70 399 0.000946782 10 0.000946782 
325 263 0.00160006 10 0.00160006 
134 362 0.00694471 10 0.00694471 
135 401 0.0156256 10 0.0156256 
561 409 0.0156256 10 0.0156256 
48 231 0.00173618 10 0.00173618 
568 385 0.000640948 10 0.000640948 
261 330 0.0138414 10 0.0138414 
525 430 0.0156256 10 0.0156256 
421 352 0.000865085 10 0.000865085 
278 327 0.00132236 10 0.00132236 
136 396 0.00367324 10 0.00367324 
571 332 0.00104062 10 0.00104062 
397 432 0.0204089 10 0.0204089 
197 306 0.00907064 10 0.00907064 
319 316 0.0277788 10 0.0277788 
414 321 0.00237963 10 0.00237963 
31 340 0.0110808 10 0.0110808 
514 273 0.00475643 10 0.00475643 
338 281 0.00189043 10 0.00189043 
369 339 0.000674676 10 0.000674676 
270 350 0.00111115 10 0.00111115 
465 327 0.000891101 10 0.000891101 
450 380 0.000493846 10 0.000493846 
201 317 0.00111115 10 0.00111115 
547 342 0.00277019 10 0.00277019 
390 394 0.00114914 10 0.00114914 
261 363 0.0138414 10 0.0138414 
161 323 0.0156256 10 0.0156256 
547 225 0.0236695 10 0.0236695 
367 279 0.00237963 10 0.00237963 
441 342 0.000816358 10 0.000816358 
472 317 0.000580658 10 0.000580658 
285 323 0.00104062 10 0.00104062 
111 388 0.00346034 10 0.00346034 
317 340 0.00444461 10 0.00444461 
22 318 0.00548718 9 0.00548718 
236 227 0.00756173 9 0.00756173 
88 342 0.00197538 9 0.00197538 
536 294 0.00548718 9 0.00548718 
413 311 0.0330591 9 0.0330591 
589 280 0.00548718 9 0.00548718 
524 436 0.0177785 9 0.0177785 
567 385 0.00100785 9 0.00100785 
348 248 0.000840192 9 0.000840192 
408 243 0.0204089 9 0.0204089 
391 334 0.00262995 9 0.00262995 
519 354 0.000160237 9 0.000160237 
133 370 0.00111115 9 0.00111115 
565 275 0.0123462 9 0.0123462 
396 294 0.00111115 9 0.00111115 
517 334 0.000946782 9 0.000946782 
373 253 0.00444461 9 0.00444461 
210 304 0.00826478 9 0.00826478 
365 376 0.00262995 9 0.00262995 
154 351 0.000640948 9 0.000640948 
500 344 0.00694471 9 0.00694471 
209 373 0.00173618 9 0.00173618 
403 383 0.00548718 9 0.00548718 
205 360 0.00173618 9 0.00173618 
539 315 0.0138414 9 0.0138414 
264 351 0.00694471 9 0.00694471 
564 230 0.0204089 9 0.0204089 
566 270 0.00826478 9 0.00826478 
461 341 0.000384482 9 0.000384482 
452 263 0.00173618 9 0.00173618 
215 318 0.00756173 9 0.00756173 
439 323 0.00132236 9 0.00132236 
521 303 0.0330591 9 0.0330591 
452 330 0.0138414 9 0.0138414 
238 288 0.0039064 9 0.0039064 
203 379 0.0138414 9 0.0138414 
35 395 0.0039064 9 0.0039064 
83 361 0.000240379 9 0.000240379 
605 382 0.0204089 9 0.0204089 
494 395 0.0177785 9 0.0177785 
459 193 0.0236695 9 0.0236695 
248 345 0.000692547 9 0.000692547 
520 350 0.00308654 9 0.00308654 
341 326 0.00640025 9 0.00640025 
422 419 0.0012312 9 0.0012312 
91 357 0.00127556 9 0.00127556 
506 304 0.0039064 9 0.0039064 
557 308 0.0156256 9 0.0156256 
497 288 0.00308654 9 0.00308654 
285 299 0.0156256 9 0.0156256 
398 276 0.0025001 9 0.0025001 
506 361 0.000201205 9 0.000201205 
354 335 0.000132123 9 0.000132123 
486 379 0.00367324 9 0.00367324 
527 432 0.0277788 9 0.0277788 
478 425 0.0277788 9 0.0277788 
308 311 0.0110808 9 0.0110808 
54 256 0.00907064 9 0.00907064 
462 340 0.00160006 9 0.00160006 
281 355 0.0110808 9 0.0110808 
395 370 0.0110808 9 0.0110808 
481 283 0.00308654 9 0.00308654 
122 407 0.00694471 9 0.00694471 
322 345 0.0330591 9 0.0330591 
313 390 0.00475643 9 0.00475643 
607 277 0.0177785 9 0.0177785 
409 368 0.0330591 9 0.0330591 
71 357 0.00118911 9 0.00118911 
93 366 0.00826478 9 0.00826478 
586 189 0.00277019 9 0.00277019 
476 296 0.0177785 9 0.0177785 
61 378 0.0330591 9 0.0330591 
507 339 0.000260156 9 0.000260156 
514 261 0.0236695 9 0.0236695 
92 389 0.0330591 9 0.0330591 
309 263 0.00640025 9 0.00640025 
579 281 0.00640025 9 0.00640025 
241 415 0.0330591 9 0.0330591 
208 391 0.00826478 9 0.00826478 
604 273 0.0100004 9 0.0100004 
578 400 0.00826478 9 0.00826478 
287 336 0.000711138 8 0.000711138 
559 397 0.000625024 8 0.000625024 
467 396 0.00206619 8 0.00206619 
317 302 0.00756173 8 0.00756173 
168 284 0.0177785 8 0.0177785 
93 337 0.00756173 8 0.00756173 
408 299 0.00444461 8 0.00444461 
277 352 0.0204089 8 0.0204089 
14 172 0.0277788 8 0.0277788 
521 225 0.0277788 8 0.0277788 
533 213 0.0277788 8 0.0277788 
278 365 0.0009766 8 0.0009766 
149 202 0.00111115 8 0.00111115 
175 335 0.000307799 8 0.000307799 
126 190 0.0277788 8 0.0277788 
149 357 0.00226766 8 0.00226766 
468 375 0.00226766 8 0.00226766 
360 417 0.0110808 8 0.0110808 
605 271 0.0138414 8 0.0138414 
444 396 0.0277788 8 0.0277788 
36 276 0.00826478 8 0.00826478 
391 347 0.00127556 8 0.00127556 
490 380 0.00262995 8 0.00262995 
117 410 0.0156256 8 0.0156256 
256 407 0.00510224 8 0.00510224 
266 414 0.00510224 8 0.00510224 
391 370 0.0110808 8 0.0110808 
111 378 0.00907064 8 0.00907064 
407 367 0.0277788 8 0.0277788 
104 422 0.00694471 8 0.00694471 
216 353 0.00189043 8 0.00189043 
475 352 0.000865085 8 0.000865085 
264 233 0.00548718 8 0.00548718 
392 351 0.00277019 8 0.00277019 
538 397 0.00197538 8 0.00197538 
322 335 0.00826478 8 0.00826478 
602 279 0.00548718 8 0.00548718 
117 372 0.0123462 8 0.0123462 
20 303 0.00548718 8 0.00548718 
575 322 0.00907064 8 0.00907064 
493 298 0.0277788 8 0.0277788 
433 270 0.00114914 8 0.00114914 
278 324 0.00147935 8 0.00147935 
389 298 0.000528492 8 0.000528492 
353 409 0.0236695 8 0.0236695 
104 408 0.0012312 8 0.0012312 
579 328 0.00160006 8 0.00160006 
151 382 0.0100004 8 0.0100004 
447 225 0.0330591 8 0.0330591 
219 329 0.00444461 8 0.00444461 
421 390 0.00907064 8 0.00907064 
557 400 0.0236695 8 0.0236695 
517 362 0.00367324 8 0.00367324 
504 323 0.00444461 8 0.00444461 
595 332 0.0236695 8 0.0236695 
572 414 0.0025001 8 0.0025001 
463 326 0.00153793 8 0.00153793 
475 96 0.00206619 8 0.00206619 
115 371 0.00475643 8 0.00475643 
401 300 0.000362826 8 0.000362826 
276 194 0.0330591 8 0.0330591 
422 332 0.000609687 8 0.000609687 
526 355 0.000219487 8 0.000219487 
494 263 0.0204089 8 0.0204089 
216 307 0.00591739 8 0.00591739 
379 229 0.00694471 8 0.00694471 
339 341 0.0138414 8 0.0138414 
492 231 0.0123462 8 0.0123462 
230 359 0.000580658 8 0.000580658 
210 301 0.00346034 8 0.00346034 
17 421 0.0177785 8 0.0177785 
455 232 0.0236695 8 0.0236695 
226 341 0.00292195 8 0.00292195 
377 312 0.00640025 8 0.00640025 
546 181 0.0236695 8 0.0236695 
405 367 0.0330591 8 0.0330591 
291 205 0.0123462 8 0.0123462 
264 306 0.0236695 8 0.0236695 
425 362 0.0330591 8 0.0330591 
102 348 0.00292195 8 0.00292195 
497 445 0.0277788 7 0.0277788 
323 293 0.0012312 7 0.0012312 
494 352 0.000264403 7 0.000264403 
238 367 0.00189043 7 0.00189043 
444 286 0.0039064 7 0.0039064 
550 387 0.00640025 7 0.00640025 
329 424 0.00127556 7 0.00127556 
406 337 0.0156256 7 0.0156256 
33 253 0.0100004 7 0.0100004 
408 167 0.0123462 7 0.0123462 
194 394 0.00206619 7 0.00206619 
215 289 0.0330591 7 0.0330591 
516 312 0.0330591 7 0.0330591 
130 377 0.0330591 7 0.0330591 
494 377 0.0330591 7 0.0330591 
131 383 0.0330591 7 0.0330591 
236 389 0.0330591 7 0.0330591 
380 410 0.0330591 7 0.0330591 
166 233 0.0177785 7 0.0177785 
325 301 0.00308654 7 0.00308654 
97 399 0.00416249 7 0.00416249 
284 391 0.00308654 7 0.00308654 
577 278 0.0204089 7 0.0204089 
78 337 0.0277788 7 0.0277788 
300 413 0.000528492 7 0.000528492 
238 362 0.0277788 7 0.0277788 
26 392 0.0277788 7 0.0277788 
18 431 0.0177785 7 0.0177785 
37 405 0.00237963 7 0.00237963 
386 370 0.00694471 7 0.00694471 
410 329 0.00100785 7 0.00100785 
363 365 0.000657487 7 0.000657487 
553 172 0.00510224 7 0.00510224 
273 311 0.00226766 7 0.00226766 
425 230 0.00510224 7 0.00510224 
534 369 0.000307799 7 0.000307799 
312 423 0.000566915 7 0.000566915 
113 277 0.00826478 7 0.00826478 
222 378 0.00166604 7 0.00166604 
28 292 0.0177785 7 0.0177785 
547 404 0.00444461 7 0.00444461 
235 155 0.0236695 7 0.0236695 
412 207 0.0236695 7 0.0236695 
278 233 0.0236695 7 0.0236695 
494 329 0.000369837 7 0.000369837 
208 269 0.0236695 7 0.0236695 
552 287 0.0236695 7 0.0236695 
404 312 0.0236695 7 0.0236695 
279 312 0.0025001 7 0.0025001 
279 327 0.0025001 7 0.0025001 
49 413 0.00160006 7 0.00160006 
228 410 0.00475643 7 0.00475643 
105 203 0.00367324 7 0.00367324 
21 222 0.00367324 7 0.00367324 
506 282 0.00277019 7 0.00277019 
321 236 0.00640025 7 0.00640025 
560 404 0.0039064 7 0.0039064 
377 398 0.0156256 7 0.0156256 
268 224 0.00277019 7 0.00277019 
262 415 0.00147935 7 0.00147935 
414 397 0.000330591 7 0.000330591 
490 305 0.00640025 7 0.00640025 
385 354 0.000566915 7 0.000566915 
117 209 0.0110808 7 0.0110808 
276 315 0.00118911 7 0.00118911 
538 396 0.00031889 7 0.00031889 
188 359 0.00104062 7 0.00104062 
399 265 0.00548718 7 0.00548718 
399 341 0.000865085 7 0.000865085 
566 335 0.00132236 7 0.00132236 
397 378 0.0123462 7 0.0123462 
375 301 0.00640025 6 0.00640025 
283 263 0.0110808 6 0.0110808 
323 383 0.0177785 6 0.0177785 
415 376 0.0177785 6 0.0177785 
268 347 0.0177785 6 0.0177785 
377 429 0.0100004 6 0.0100004 
519 428 0.0100004 6 0.0100004 
379 349 0.000219487 6 0.000219487 
289 214 0.00640025 6 0.00640025 
435 318 0.0100004 6 0.0100004 
408 300 0.0100004 6 0.0100004 
471 436 0.0123462 6 0.0123462 
123 293 0.0110808 6 0.0110808 
25 429 0.0123462 6 0.0123462 
566 414 0.00326543 6 0.00326543 
181 226 0.0100004 6 0.0100004 
54 208 0.0100004 6 0.0100004 
435 409 0.00367324 6 0.00367324 
555 306 0.0110808 6 0.0110808 
52 424 0.0110808 6 0.0110808 
568 406 0.0123462 6 0.0123462 
69 357 0.0110808 6 0.0110808 
367 392 0.0110808 6 0.0110808 
95 192 0.00147935 6 0.00147935 
492 289 0.00548718 6 0.00548718 
485 322 0.00826478 6 0.00826478 
382 327 0.00160006 6 0.00160006 
160 402 0.000302469 6 0.000302469 
14 191 0.0277788 6 0.0277788 
365 428 0.00308654 6 0.00308654 
306 353 0.000349389 6 0.000349389 
585 288 0.0204089 6 0.0204089 
367 275 0.000342949 6 0.000342949 
436 297 0.00591739 6 0.00591739 
195 309 0.00127556 6 0.00127556 
107 243 0.00142405 6 0.00142405 
230 346 0.0138414 6 0.0138414 
292 349 0.0039064 6 0.0039064 
506 357 0.0156256 6 0.0156256 
462 408 0.0330591 6 0.0330591 
193 303 0.0236695 6 0.0236695 
11 227 0.0156256 6 0.0156256 
122 404 0.000516549 6 0.000516549 
47 202 0.0156256 6 0.0156256 
318 333 0.000287285 6 0.000287285 
119 369 0.000840192 6 0.000840192 
370 225 0.0156256 6 0.0156256 
434 380 0.00475643 6 0.00475643 
198 311 0.0277788 6 0.0277788 
488 298 0.0277788 6 0.0277788 
418 319 0.00308654 6 0.00308654 
350 398 0.0277788 6 0.0277788 
379 403 0.0277788 6 0.0277788 
553 433 0.0138414 6 0.0138414 
77 398 0.00907064 6 0.00907064 
400 239 0.0277788 6 0.0277788 
558 215 0.00367324 6 0.00367324 
61 432 0.0138414 6 0.0138414 
577 425 0.00277019 6 0.00277019 
311 371 0.0009766 6 0.0009766 
602 177 0.0236695 6 0.0236695 
487 366 0.0330591 6 0.0330591 
420 330 0.00206619 6 0.00206619 
81 194 0.0236695 6 0.0236695 
531 324 0.00216341 6 0.00216341 
482 333 0.000816358 6 0.000816358 
208 335 0.000816358 6 0.000816358 
101 360 0.00153793 6 0.00153793 
89 365 0.00591739 6 0.00591739 
423 199 0.00416249 6 0.00416249 
426 305 0.00118911 6 0.00118911 
297 386 0.00118911 6 0.00118911 
426 217 0.0330591 6 0.0330591 
233 323 0.00031889 6 0.00031889 
268 378 0.00118911 6 0.00118911 
436 407 0.00206619 6 0.00206619 
250 353 0.00756173 6 0.00756173 
537 301 0.000216271 6 0.000216271 
281 379 0.000540854 6 0.000540854 
146 206 0.0138414 6 0.0138414 
286 389 0.0204089 6 0.0204089 
443 311 0.00416249 6 0.00416249 
526 217 0.0110808 5 0.0110808 
272 304 0.000324661 5 0.000324661 
565 234 0.0236695 5 0.0236695 
310 266 0.00548718 5 0.00548718 
382 274 0.00181084 5 0.00181084 
284 389 0.00181084 5 0.00181084 
65 141 0.0236695 5 0.0236695 
21 392 0.0236695 5 0.0236695 
537 295 0.00216341 5 0.00216341 
284 293 0.00640025 5 0.00640025 
193 228 0.00277019 5 0.00277019 
602 236 0.00548718 5 0.00548718 
572 361 0.0277788 5 0.0277788 
77 363 0.00160006 5 0.00160006 
274 366 0.0025001 5 0.0025001 
85 377 0.0039064 5 0.0039064 
215 380 0.0012312 5 0.0012312 
214 345 0.00132236 5 0.00132236 
440 348 0.0236695 5 0.0236695 
63 237 0.00137179 5 0.00137179 
588 287 0.0156256 5 0.0156256 
416 411 0.000356012 5 0.000356012 
521 316 0.0039064 5 0.0039064 
287 331 0.0156256 5 0.0156256 
557 388 0.00826478 5 0.00826478 
50 350 0.00160006 5 0.00160006 
544 391 0.00346034 5 0.00346034 
233 383 0.0039064 5 0.0039064 
556 359 0.0138414 5 0.0138414 
493 281 0.0156256 5 0.0156256 
414 302 0.00640025 5 0.00640025 
312 419 0.00277019 5 0.00277019 
363 429 0.0138414 5 0.0138414 
416 282 0.0277788 5 0.0277788 
535 171 0.0236695 5 0.0236695 
592 185 0.00510224 5 0.00510224 
83 342 0.000918309 5 0.000918309 
123 329 0.0204089 5 0.0204089 
97 393 0.00416249 5 0.00416249 
320 362 0.0204089 5 0.0204089 
546 329 0.000918309 5 0.000918309 
229 355 0.0277788 5 0.0277788 
26 218 0.00226766 5 0.00226766 
405 358 0.000657487 5 0.000657487 
518 375 0.0204089 5 0.0204089 
387 381 0.0204089 5 0.0204089 
159 325 0.0100004 5 0.0100004 
415 288 0.00694471 5 0.00694471 
132 327 0.00206619 5 0.00206619 
378 331 0.00367324 5 0.00367324 
551 402 0.000483052 5 0.000483052 
383 340 0.0330591 5 0.0330591 
386 225 0.0177785 5 0.0177785 
391 296 0.00367324 5 0.00367324 
279 383 0.000483052 5 0.000483052 
215 263 0.00826478 5 0.00826478 
175 308 0.0330591 5 0.0330591 
467 285 0.0138414 5 0.0138414 
545 390 0.00142405 5 0.00142405 
101 220 0.00826478 5 0.00826478 
473 384 0.000625024 5 0.000625024 
268 281 0.000711138 5 0.000711138 
243 178 0.0330591 5 0.0330591 
95 410 0.00160006 5 0.00160006 
369 276 0.00114914 5 0.00114914 
410 311 0.0277788 5 0.0277788 
228 377 0.0110808 5 0.0110808 
18 252 0.0277788 5 0.0277788 
402 274 0.00907064 5 0.00907064 
544 134 0.0204089 5 0.0204089 
499 237 0.0277788 5 0.0277788 
183 198 0.0204089 5 0.0204089 
346 411 0.0110808 5 0.0110808 
16 237 0.00694471 5 0.00694471 
555 416 0.0110808 5 0.0110808 
587 224 0.0277788 5 0.0277788 
421 226 0.0204089 5 0.0204089 
325 368 0.000840192 5 0.000840192 
17 191 0.0277788 5 0.0277788 
208 340 0.0177785 5 0.0177785 
345 375 0.0025001 5 0.0025001 
445 397 0.00548718 5 0.00548718 
563 407 0.00548718 5 0.00548718 
440 401 0.00308654 5 0.00308654 
39 401 0.00308654 5 0.00308654 
241 322 0.00100785 5 0.00100785 
602 352 0.00548718 4 0.00548718 
281 344 0.00226766 4 0.00226766 
166 276 0.000143431 4 0.000143431 
437 225 0.00510224 4 0.00510224 
268 262 0.00237963 4 0.00237963 
60 404 0.0123462 4 0.0123462 
139 393 0.00132236 4 0.00132236 
354 423 0.00181084 4 0.00181084 
296 312 0.00694471 4 0.00694471 
185 231 0.00548718 4 0.00548718 
601 221 0.0138414 4 0.0138414 
130 206 0.0138414 4 0.0138414 
373 254 0.00173618 4 0.00173618 
191 359 0.00173618 4 0.00173618 
530 429 0.00548718 4 0.00548718 
354 260 0.00173618 4 0.00173618 
317 327 0.0100004 4 0.0100004 
580 408 0.00127556 4 0.00127556 
16 172 0.0277788 4 0.0277788 
442 181 0.00907064 4 0.00907064 
245 298 0.000594907 4 0.000594907 
190 403 0.00326543 4 0.00326543 
535 310 0.00308654 4 0.00308654 
134 239 0.0100004 4 0.0100004 
266 240 0.0100004 4 0.0100004 
452 264 0.00308654 4 0.00308654 
350 416 0.0330591 4 0.0330591 
199 302 0.0100004 4 0.0100004 
599 377 0.0330591 4 0.0330591 
337 290 0.00326543 4 0.00326543 
281 362 0.0330591 4 0.0330591 
400 305 0.000540854 4 0.000540854 
527 312 0.0330591 4 0.0330591 
115 296 0.0330591 4 0.0330591 
471 377 0.0100004 4 0.0100004 
588 245 0.0330591 4 0.0330591 
507 245 0.0330591 4 0.0330591 
585 241 0.0330591 4 0.0330591 
472 235 0.0330591 4 0.0330591 
499 395 0.0100004 4 0.0100004 
148 211 0.0330591 4 0.0330591 
14 228 0.0110808 4 0.0110808 
471 178 0.00640025 4 0.00640025 
565 261 0.00118911 4 0.00118911 
126 411 0.00107502 4 0.00107502 
600 164 0.0110808 4 0.0110808 
590 293 0.00640025 4 0.00640025 
502 181 0.000865085 4 0.000865085 
478 304 0.00640025 4 0.00640025 
63 311 0.00640025 4 0.00640025 
299 372 0.0156256 4 0.0156256 
77 367 0.00591739 4 0.00591739 
462 325 0.00346034 4 0.00346034 
144 398 0.000260156 4 0.000260156 
83 373 0.00292195 4 0.00292195 
298 290 0.0156256 4 0.0156256 
463 270 0.00591739 4 0.00591739 
394 294 0.0110808 4 0.0110808 
574 297 0.0110808 4 0.0110808 
69 352 0.0110808 4 0.0110808 
420 355 0.00907064 4 0.00907064 
277 318 0.0277788 4 0.0277788 
458 353 0.00147935 4 0.00147935 
415 231 0.0277788 4 0.0277788 
84 381 0.000416509 4 0.000416509 
598 288 0.0204089 4 0.0204089 
294 295 0.00206619 4 0.00206619 
223 332 0.0236695 4 0.0236695 
300 291 0.000336685 4 0.000336685 
166 230 0.0123462 4 0.0123462 
517 343 0.0204089 4 0.0204089 
391 287 0.00444461 4 0.00444461 
535 379 0.00216341 4 0.00216341 
271 317 0.0236695 4 0.0236695 
575 317 0.00826478 4 0.00826478 
186 311 0.0204089 4 0.0204089 
436 324 0.000204089 4 0.000204089 
338 393 0.0204089 4 0.0204089 
302 245 0.0177785 4 0.0177785 
37 400 0.0204089 4 0.0204089 
512 251 0.0236695 4 0.0236695 
157 227 0.00444461 4 0.00444461 
186 357 0.0236695 4 0.0236695 
516 414 0.00216341 4 0.00216341 
258 394 0.0236695 4 0.0236695 
560 133 0.0177785 4 0.0177785 
312 391 0.0138414 4 0.0138414 
379 197 0.0177785 4 0.0177785 
275 400 0.00444461 4 0.00444461 
313 327 0.000730488 4 0.000730488 
101 350 0.00111115 4 0.00111115 
317 405 0.00756173 4 0.00756173 
351 408 0.0138414 4 0.0138414 
451 237 0.00756173 4 0.00756173 
551 338 0.000711138 4 0.000711138 
186 368 0.0236695 3 0.0236695 
341 415 0.00640025 3 0.00640025 
121 200 0.0039064 3 0.0039064 
533 245 0.00292195 3 0.00292195 
133 335 0.000891101 3 0.000891101 
514 434 0.0138414 3 0.0138414 
281 359 0.0277788 3 0.0277788 
319 386 0.00907064 3 0.00907064 
293 381 0.0277788 3 0.0277788 
206 320 0.0110808 3 0.0110808 
253 393 0.0236695 3 0.0236695 
405 372 0.00907064 3 0.00907064 
310 352 0.00147935 3 0.00147935 
553 196 0.0110808 3 0.0110808 
379 426 0.0177785 3 0.0177785 
283 208 0.0236695 3 0.0236695 
511 354 0.00826478 3 0.00826478 
171 243 0.00640025 3 0.00640025 
263 281 0.00640025 3 0.00640025 
472 357 0.000493846 3 0.000493846 
286 357 0.000692547 3 0.000692547 
431 181 0.00107502 3 0.00107502 
545 290 0.00591739 3 0.00591739 
242 385 0.00591739 3 0.00591739 
203 281 0.0236695 3 0.0236695 
232 165 0.00694471 3 0.00694471 
485 331 0.0236695 3 0.0236695 
438 318 0.0156256 3 0.0156256 
198 346 0.000580658 3 0.000580658 
371 302 0.0156256 3 0.0156256 
340 330 0.0100004 3 0.0100004 
505 386 0.00416249 3 0.00416249 
208 364 0.00416249 3 0.00416249 
266 372 0.0204089 3 0.0204089 
552 316 0.00416249 3 0.00416249 
259 392 0.0330591 3 0.0330591 
410 312 0.00416249 3 0.00416249 
522 353 0.00756173 3 0.00756173 
77 381 0.0330591 3 0.0330591 
514 252 0.0177785 3 0.0177785 
354 416 0.0204089 3 0.0204089 
547 329 0.00756173 3 0.00756173 
375 383 0.00756173 3 0.00756173 
40 318 0.0330591 3 0.0330591 
484 302 0.0330591 3 0.0330591 
207 273 0.0330591 3 0.0330591 
475 269 0.0330591 3 0.0330591 
413 218 0.0330591 3 0.0330591 
382 199 0.0330591 3 0.0330591 
366 322 0.00153793 3 0.00153793 
352 422 0.0100004 3 0.0100004 
219 250 0.0277788 3 0.0277788 
205 201 0.0156256 3 0.0156256 
90 189 0.0156256 3 0.0156256 
259 333 0.00907064 3 0.00907064 
313 319 0.0277788 3 0.0277788 
107 351 0.00475643 3 0.00475643 
375 311 0.0277788 3 0.0277788 
71 388 0.00475643 3 0.00475643 
214 399 0.00475643 3 0.00475643 
148 274 0.0039064 3 0.0039064 
140 341 0.0177785 3 0.0177785 
321 332 0.00137179 3 0.00137179 
474 202 0.00367324 3 0.00367324 
315 314 0.0177785 3 0.0177785 
174 384 0.000416509 3 0.000416509 
441 224 0.00206619 3 0.00206619 
571 325 0.00326543 3 0.00326543 
164 185 0.0277788 3 0.0277788 
496 301 0.00444461 3 0.00444461 
138 359 0.00127556 3 0.00127556 
192 354 0.00237963 3 0.00237963 
164 344 0.00044323 3 0.00044323 
317 364 0.00548718 3 0.00548718 
322 248 0.000384482 3 0.000384482 
421 296 0.00548718 3 0.00548718 
543 340 0.00826478 3 0.00826478 
325 384 0.00277019 3 0.00277019 
150 396 0.00444461 3 0.00444461 
599 270 0.00548718 3 0.00548718 
544 312 0.00826478 3 0.00826478 
226 345 0.00024415 3 0.00024415 
335 213 0.00694471 3 0.00694471 
497 344 0.00277019 3 0.00277019 
233 340 0.00277019 3 0.00277019 
591 304 0.00237963 3 0.00237963 
578 274 0.00104062 3 0.00104062 
564 432 0.00694471 3 0.00694471 
69 283 0.00826478 3 0.00826478 
565 258 0.00262995 3 0.00262995 
560 387 0.00226766 3 0.00226766 
265 243 0.000946782 3 0.000946782 
374 320 0.00262995 3 0.00262995 
416 384 0.00111115 3 0.00111115 
315 302 0.00226766 3 0.00226766 
522 393 0.000210048 3 0.000210048 
39 284 0.0123462 3 0.0123462 
320 316 0.0138414 3 0.0138414 
268 349 0.00100785 3 0.00100785 
275 274 0.0123462 3 0.0123462 
369 341 0.00100785 3 0.00100785 
201 405 0.00548718 3 0.00548718 
194 352 0.0123462 3 0.0123462 
315 309 0.00826478 3 0.00826478 
53 205 0.000553654 3 0.000553654 
229 221 0.0123462 3 0.0123462 
411 338 0.000392133 3 0.000392133 
580 337 0.00181084 3 0.00181084 
136 345 0.00181084 3 0.00181084 
478 279 0.00216341 3 0.00216341 
360 420 0.0123462 3 0.0123462 
34 274 0.00756173 2 0.00756173 
366 228 0.0277788 2 0.0277788 
205 391 0.00044323 2 0.00044323 
466 215 0.0204089 2 0.0204089 
390 277 0.000528492 2 0.000528492 
189 203 0.00326543 2 0.00326543 
302 229 0.0204089 2 0.0204089 
488 307 0.00127556 2 0.00127556 
486 341 0.00100785 2 0.00100785 
13 148 0.0277788 2 0.0277788 
143 370 0.00326543 2 0.00326543 
554 371 0.00308654 2 0.00308654 
250 404 0.00100785 2 0.00100785 
331 311 0.0204089 2 0.0204089 
535 319 0.00756173 2 0.00756173 
76 352 0.00694471 2 0.00694471 
266 289 0.0277788 2 0.0277788 
271 409 0.000946782 2 0.000946782 
342 353 0.000793524 2 0.000793524 
328 360 0.00181084 2 0.00181084 
172 407 0.000946782 2 0.000946782 
210 385 0.00475643 2 0.00475643 
194 323 0.00907064 2 0.00907064 
435 301 0.0277788 2 0.0277788 
109 388 0.000946782 2 0.000946782 
236 414 0.0110808 2 0.0110808 
550 398 0.000330591 2 0.000330591 
341 241 0.00173618 2 0.00173618 
568 280 0.00907064 2 0.00907064 
57 214 0.0123462 2 0.0123462 
262 242 0.0277788 2 0.0277788 
202 232 0.0236695 2 0.0236695 
504 194 0.0204089 2 0.0204089 
250 201 0.0204089 2 0.0204089 
456 423 0.00756173 2 0.00756173 
339 289 0.000540854 2 0.000540854 
503 345 0.0100004 2 0.0100004 
241 315 0.0330591 2 0.0330591 
503 212 0.0177785 2 0.0177785 
557 351 0.0100004 2 0.0100004 
537 399 0.000865085 2 0.000865085 
574 359 0.0100004 2 0.0100004 
32 264 0.00444461 2 0.00444461 
172 251 0.0330591 2 0.0330591 
400 325 0.0330591 2 0.0330591 
536 372 0.000229577 2 0.000229577 
340 255 0.000711138 2 0.000711138 
247 380 0.000625024 2 0.000625024 
310 317 0.00694471 2 0.00694471 
553 222 0.00826478 2 0.00826478 
283 420 0.000566915 2 0.000566915 
609 185 0.0330591 2 0.0330591 
527 312 0.000297277 2 0.000297277 
315 319 0.0100004 2 0.0100004 
396 226 0.0277788 2 0.0277788 
288 406 0.000342949 2 0.000342949 
418 379 0.00416249 2 0.00416249 
369 441 0.0330591 2 0.0330591 
153 366 0.00510224 2 0.00510224 
495 353 0.00756173 2 0.00756173 
113 393 0.0330591 2 0.0330591 
321 304 0.00142405 2 0.00142405 
500 290 0.00132236 2 0.00132236 
25 290 0.0177785 2 0.0177785 
533 299 0.000946782 2 0.000946782 
233 293 0.000946782 2 0.000946782 
544 275 0.00226766 2 0.00226766 
405 373 0.0330591 2 0.0330591 
428 285 0.00132236 2 0.00132236 
492 333 0.0009766 2 0.0009766 
103 218 0.0123462 2 0.0123462 
464 267 0.00444461 2 0.00444461 
574 320 0.0025001 2 0.0025001 
544 382 0.00907064 2 0.00907064 
488 343 0.0156256 2 0.0156256 
228 264 0.0110808 2 0.0110808 
435 390 0.0138414 2 0.0138414 
301 385 0.00292195 2 0.00292195 
409 287 0.00475643 2 0.00475643 
387 388 0.0236695 2 0.0236695 
91 300 0.00292195 2 0.00292195 
240 293 0.00237963 2 0.00237963 
537 396 0.000240379 2 0.000240379 
509 256 0.00475643 2 0.00475643 
227 280 0.00189043 2 0.00189043 
82 253 0.000580658 2 0.000580658 
151 229 0.0025001 2 0.0025001 
132 410 0.000580658 2 0.000580658 
50 337 0.0156256 2 0.0156256 
283 390 0.0177785 2 0.0177785 
205 376 0.00826478 2 0.00826478 
515 344 0.00591739 2 0.00591739 
231 373 0.000240379 2 0.000240379 
398 266 0.0156256 2 0.0156256 
202 270 0.0236695 2 0.0236695 
445 316 0.00548718 2 0.00548718 
327 350 0.00548718 2 0.00548718 
259 152 0.00591739 2 0.00591739 
259 434 0.0236695 2 0.0236695 
227 409 0.00189043 2 0.00189043 
268 199 0.0123462 2 0.0123462 
305 309 0.00475643 2 0.00475643 
448 408 0.0236695 2 0.0236695 
506 365 0.0123462 2 0.0123462 
263 337 0.00548718 2 0.00548718 
389 394 0.0236695 2 0.0236695 
273 388 0.000392133 2 0.000392133 
70 366 0.00907064 2 0.00907064 
371 287 0.00216341 2 0.00216341 
101 268 0.0236695 2 0.0236695 
130 392 0.00367324 2 0.00367324 
60 372 0.0156256 2 0.0156256 
302 372 0.0138414 2 0.0138414 
56 332 0.0110808 2 0.0110808 
365 424 0.00591739 2 0.00591739 
80 346 0.0025001 2 0.0025001 
310 266 0.000730488 2 0.000730488 
550 225 0.0138414 1 0.0138414 
260 136 0.0236695 1 0.0236695 
37 315 0.0156256 1 0.0156256 
77 226 0.0177785 1 0.0177785 
517 279 0.00416249 1 0.00416249 
446 343 0.00262995 1 0.00262995 
30 197 0.00548718 1 0.00548718 
136 393 0.00031889 1 0.00031889 
227 377 0.0009766 1 0.0009766 
347 273 0.00226766 1 0.00226766 
78 377 0.00640025 1 0.00640025 
496 336 0.0236695 1 0.0236695 
102 201 0.00277019 1 0.00277019 
373 276 0.00216341 1 0.00216341 
604 170 0.0330591 1 0.0330591 
557 271 0.000674676 1 0.000674676 
392 164 0.0123462 1 0.0123462 
602 275 0.0236695 1 0.0236695 
466 215 0.00826478 1 0.00826478 
488 347 0.000493846 1 0.000493846 
81 285 0.000711138 1 0.000711138 
62 351 0.00444461 1 0.00444461 
501 227 0.0330591 1 0.0330591 
438 393 0.00826478 1 0.00826478 
457 269 0.0138414 1 0.0138414 
30 427 0.00756173 1 0.00756173 
295 319 0.0330591 1 0.0330591 
534 202 0.0177785 1 0.0177785 
194 320 0.00346034 1 0.00346034 
328 328 0.00640025 1 0.00640025 
199 276 0.0138414 1 0.0138414 
304 306 0.000516549 1 0.000516549 
144 414 0.00197538 1 0.00197538 
264 292 0.0330591 1 0.0330591 
234 359 0.0100004 1 0.0100004 
430 393 0.000226138 1 0.000226138 
371 222 0.0110808 1 0.0110808 
215 330 0.000625024 1 0.000625024 
14 205 0.0236695 1 0.0236695 
25 244 0.0236695 1 0.0236695 
250 260 0.0204089 1 0.0204089 
316 343 0.00326543 1 0.00326543 
247 379 0.0123462 1 0.0123462 
570 415 0.00132236 1 0.00132236 
312 391 0.000594907 1 0.000594907 
103 291 0.00326543 1 0.00326543 
56 250 0.0204089 1 0.0204089 
548 312 0.0138414 1 0.0138414 
475 358 0.000472608 1 0.000472608 
503 226 0.0204089 1 0.0204089 
68 429 0.0110808 1 0.0110808 
35 237 0.00640025 1 0.00640025 
399 431 0.0138414 1 0.0138414 
286 345 0.00100785 1 0.00100785 
67 245 0.000566915 1 0.000566915 
231 316 0.00147935 1 0.00147935 
512 285 0.00346034 1 0.00346034 
334 235 0.00107502 1 0.00107502 
255 194 0.00591739 1 0.00591739 
459 323 0.000362826 1 0.000362826 
412 343 0.00147935 1 0.00147935 
214 313 0.00137179 1 0.00137179 
152 381 0.000377053 1 0.000377053 
223 396 0.00475643 1 0.00475643 
473 272 0.00137179 1 0.00137179 
328 316 0.0277788 1 0.0277788 
396 314 0.00107502 1 0.00107502 
492 173 0.00147935 1 0.00147935 
314 383 0.0204089 1 0.0204089 
254 375 0.0204089 1 0.0204089 
582 224 0.00127556 1 0.00127556 
568 405 0.00173618 1 0.00173618 
541 406 0.00114914 1 0.00114914 
124 366 0.0204089 1 0.0204089 
134 382 0.00173618 1 0.00173618 
414 310 0.000657487 1 0.000657487 
522 280 0.0177785 1 0.0177785 
333 286 0.00181084 1 0.00181084 
337 241 0.000462499 1 0.000462499 
346 366 0.000180179 1 0.000180179 
599 219 0.0100004 1 0.0100004 
283 303 0.00118911 1 0.00118911 
148 245 0.00475643 1 0.00475643 
96 416 0.00226766 1 0.00226766 
418 321 0.0204089 1 0.0204089 
509 270 0.0039064 1 0.0039064 
131 204 0.0100004 1 0.0100004 
66 361 0.000918309 1 0.000918309 
119 201 0.0100004 1 0.0100004 
208 405 0.0177785 1 0.0177785 
419 233 0.00640025 1 0.00640025 
82 203 0.0236695 1 0.0236695 
508 265 0.00548718 1 0.00548718 
156 296 0.0177785 1 0.0177785 
