1
2806
28 319 0.0236695 139 0.0236695 
604 347 0.0236695 124 0.0236695 
99 314 0.0204089 119 0.0204089 
368 299 0.0138414 118 0.0138414 
197 342 0.0156256 115 0.0156256 
480 456 0.0277788 113 0.0277788 
532 405 0.00444461 111 0.00444461 
166 341 0.0330591 111 0.0330591 
25 304 0.0100004 107 0.0100004 
604 297 0.0236695 105 0.0236695 
604 333 0.0236695 105 0.0236695 
330 445 0.00907064 104 0.00907064 
488 456 0.0236695 102 0.0236695 
10 433 0.0330591 100 0.0330591 
273 304 0.0236695 98 0.0236695 
456 456 0.0330591 98 0.0330591 
452 456 0.0330591 98 0.0330591 
56 292 0.00206619 97 0.00206619 
435 456 0.0330591 97 0.0330591 
587 346 0.0277788 96 0.0277788 
203 268 0.0236695 92 0.0236695 
412 456 0.0330591 89 0.0330591 
596 340 0.00510224 89 0.00510224 
328 442 0.00640025 89 0.00640025 
483 457 0.0204089 88 0.0204089 
604 282 0.0236695 88 0.0236695 
537 446 0.0236695 88 0.0236695 
474 290 0.0156256 88 0.0156256 
587 296 0.0236695 87 0.0236695 
30 404 0.0138414 87 0.0138414 
442 395 0.00367324 87 0.00367324 
448 456 0.0330591 86 0.0330591 
502 455 0.0204089 86 0.0204089 
14 365 0.0177785 86 0.0177785 
421 368 0.0236695 85 0.0236695 
469 455 0.0330591 84 0.0330591 
597 186 0.00475643 84 0.00475643 
605 246 0.0236695 84 0.0236695 
437 401 0.00694471 83 0.00694471 
325 449 0.0277788 83 0.0277788 
605 231 0.0236695 81 0.0236695 
535 441 0.00277019 80 0.00277019 
421 386 0.0236695 80 0.0236695 
543 446 0.0236695 80 0.0236695 
25 298 0.0236695 79 0.0236695 
596 289 0.00475643 79 0.00475643 
154 273 0.0123462 79 0.0123462 
171 273 0.0138414 78 0.0138414 
215 342 0.0330591 78 0.0330591 
56 303 0.00416249 78 0.00416249 
367 279 0.00694471 78 0.00694471 
606 179 0.0177785 77 0.0177785 
221 441 0.0330591 77 0.0330591 
133 289 0.00181084 77 0.00181084 
318 315 0.0277788 77 0.0277788 
421 353 0.0277788 76 0.0277788 
590 196 0.0277788 76 0.0277788 
506 381 0.0177785 76 0.0177785 
351 269 0.0156256 75 0.0156256 
415 283 0.00216341 75 0.00216341 
422 378 0.0204089 75 0.0204089 
271 286 0.00756173 74 0.00756173 
536 430 0.00907064 74 0.00907064 
199 390 0.0330591 74 0.0330591 
430 399 0.0330591 73 0.0330591 
96 297 0.00907064 73 0.00907064 
326 440 0.00475643 73 0.00475643 
422 346 0.0277788 73 0.0277788 
140 275 0.0177785 73 0.0177785 
250 278 0.00907064 72 0.00907064 
161 286 0.0177785 71 0.0177785 
96 292 0.0204089 70 0.0204089 
129 183 0.0330591 70 0.0330591 
246 442 0.0330591 69 0.0330591 
597 239 0.00475643 69 0.00475643 
384 334 0.0100004 69 0.0100004 
147 318 0.0236695 69 0.0236695 
224 280 0.00137179 69 0.00137179 
517 457 0.0277788 69 0.0277788 
134 296 0.00277019 69 0.00277019 
589 180 0.0204089 69 0.0204089 
90 282 0.0277788 68 0.0277788 
476 457 0.0204089 68 0.0204089 
427 346 0.00907064 68 0.00907064 
223 438 0.0156256 67 0.0156256 
337 423 0.00756173 67 0.00756173 
588 246 0.0236695 66 0.0236695 
340 274 0.00694471 66 0.00694471 
503 439 0.00548718 66 0.00548718 
219 434 0.00694471 66 0.00694471 
490 398 0.000307799 66 0.000307799 
359 437 0.0039064 66 0.0039064 
439 263 0.00277019 66 0.00277019 
443 408 0.0277788 66 0.0277788 
96 307 0.00346034 65 0.00346034 
404 244 0.00262995 65 0.00262995 
281 260 0.0177785 65 0.0177785 
48 272 0.0277788 65 0.0277788 
33 400 0.0330591 65 0.0330591 
285 172 0.0138414 64 0.0138414 
548 456 0.0277788 64 0.0277788 
112 396 0.0177785 63 0.0177785 
197 348 0.0138414 63 0.0138414 
606 456 0.0138414 63 0.0138414 
48 288 0.00292195 63 0.00292195 
149 274 0.00189043 63 0.00189043 
319 318 0.0277788 63 0.0277788 
223 293 0.00262995 62 0.00262995 
589 231 0.0277788 62 0.0277788 
485 418 0.00100785 61 0.00100785 
150 261 0.00262995 61 0.00262995 
379 268 0.0236695 61 0.0236695 
606 195 0.0236695 61 0.0236695 
167 311 0.0330591 61 0.0330591 
25 312 0.00416249 61 0.00416249 
409 457 0.0236695 61 0.0236695 
487 326 0.0156256 61 0.0156256 
37 262 0.0100004 61 0.0100004 
407 319 0.0156256 61 0.0156256 
442 381 0.00367324 61 0.00367324 
365 340 0.000434044 61 0.000434044 
488 264 0.0138414 61 0.0138414 
170 323 0.00160006 61 0.00160006 
377 267 0.0330591 61 0.0330591 
236 268 0.0236695 61 0.0236695 
37 312 0.0277788 60 0.0277788 
495 431 0.0025001 60 0.0025001 
446 264 0.00510224 60 0.00510224 
13 436 0.0236695 60 0.0236695 
491 232 0.0236695 60 0.0236695 
108 282 0.0110808 60 0.0110808 
391 273 0.00756173 60 0.00756173 
214 264 0.0236695 60 0.0236695 
294 177 0.00416249 60 0.00416249 
406 280 0.00326543 60 0.00326543 
367 272 0.0204089 59 0.0204089 
114 272 0.00308654 59 0.00308654 
82 313 0.00826478 59 0.00826478 
399 277 0.00475643 59 0.00475643 
149 248 0.0177785 59 0.0177785 
395 275 0.00591739 59 0.00591739 
533 457 0.0204089 59 0.0204089 
135 277 0.00104062 58 0.00104062 
221 209 0.00548718 58 0.00548718 
405 379 0.00640025 58 0.00640025 
498 435 0.00346034 58 0.00346034 
471 272 0.00826478 58 0.00826478 
441 309 0.00444461 58 0.00444461 
420 316 0.0156256 58 0.0156256 
141 270 0.00907064 58 0.00907064 
455 290 0.00694471 58 0.00694471 
160 305 0.0177785 58 0.0177785 
446 329 0.0330591 58 0.0330591 
73 415 0.00907064 58 0.00907064 
401 278 0.00416249 58 0.00416249 
83 261 0.0277788 57 0.0277788 
302 168 0.0236695 57 0.0236695 
220 432 0.00548718 57 0.00548718 
469 434 0.00326543 57 0.00326543 
457 391 0.00118911 57 0.00118911 
404 353 0.0330591 56 0.0330591 
151 290 0.00694471 56 0.00694471 
307 339 0.0330591 56 0.0330591 
31 368 0.0330591 56 0.0330591 
33 308 0.0204089 56 0.0204089 
342 259 0.0277788 56 0.0277788 
471 298 0.00132236 56 0.00132236 
539 440 0.00226766 56 0.00226766 
155 320 0.00591739 56 0.00591739 
168 339 0.0204089 56 0.0204089 
234 315 0.0330591 56 0.0330591 
479 436 0.00367324 55 0.00367324 
77 263 0.0123462 55 0.0123462 
213 438 0.0177785 55 0.0177785 
477 384 0.000282477 55 0.000282477 
393 274 0.00640025 55 0.00640025 
59 280 0.00118911 55 0.00118911 
182 297 0.00367324 55 0.00367324 
367 275 0.0123462 55 0.0123462 
413 351 0.00548718 55 0.00548718 
563 222 0.0138414 55 0.0138414 
405 348 0.00591739 55 0.00591739 
77 276 0.00346034 55 0.00346034 
414 253 0.0110808 54 0.0110808 
294 260 0.0110808 54 0.0110808 
335 312 0.00694471 54 0.00694471 
136 266 0.000771635 54 0.000771635 
397 276 0.00510224 54 0.00510224 
366 301 0.00147935 54 0.00147935 
72 392 0.00591739 54 0.00591739 
491 293 0.00907064 54 0.00907064 
54 410 0.0110808 54 0.0110808 
50 410 0.00548718 54 0.00548718 
413 438 0.00444461 54 0.00444461 
134 315 0.0156256 54 0.0156256 
205 349 0.00444461 54 0.00444461 
253 263 0.0236695 53 0.0236695 
197 387 0.0156256 53 0.0156256 
529 433 0.00548718 53 0.00548718 
12 390 0.0236695 53 0.0236695 
242 277 0.000609687 53 0.000609687 
143 339 0.0177785 53 0.0177785 
131 283 0.0012312 53 0.0012312 
57 366 0.0177785 53 0.0177785 
360 454 0.0277788 53 0.0277788 
77 275 0.00756173 53 0.00756173 
73 293 0.000946782 52 0.000946782 
473 321 0.000553654 52 0.000553654 
114 316 0.0110808 52 0.0110808 
205 309 0.0330591 52 0.0330591 
96 364 0.0277788 52 0.0277788 
481 406 0.000392133 52 0.000392133 
48 415 0.00444461 52 0.00444461 
481 202 0.0330591 52 0.0330591 
593 337 0.0277788 51 0.0277788 
30 354 0.0204089 51 0.0204089 
39 315 0.0236695 51 0.0236695 
182 312 0.00142405 51 0.00142405 
151 414 0.0177785 51 0.0177785 
390 310 0.00444461 51 0.00444461 
240 316 0.0100004 51 0.0100004 
96 316 0.00189043 51 0.00189043 
210 325 0.00640025 51 0.00640025 
528 446 0.0236695 50 0.0236695 
159 320 0.0039064 50 0.0039064 
315 310 0.0138414 50 0.0138414 
128 242 0.00756173 50 0.00756173 
28 264 0.0330591 50 0.0330591 
300 240 0.00147935 50 0.00147935 
148 371 0.0330591 50 0.0330591 
270 320 0.000946782 49 0.000946782 
9 315 0.0277788 49 0.0277788 
486 336 0.00907064 49 0.00907064 
455 349 0.00907064 49 0.00907064 
510 434 0.0123462 49 0.0123462 
43 425 0.0277788 49 0.0277788 
319 320 0.0236695 49 0.0236695 
196 392 0.0177785 49 0.0177785 
588 281 0.0277788 49 0.0277788 
420 327 0.0138414 49 0.0138414 
529 352 0.0138414 49 0.0138414 
32 323 0.0100004 48 0.0100004 
368 306 0.0156256 48 0.0156256 
567 433 0.00137179 48 0.00137179 
82 283 0.00826478 48 0.00826478 
535 411 0.0100004 48 0.0100004 
181 285 0.0156256 48 0.0156256 
41 319 0.0177785 48 0.0177785 
388 443 0.0277788 48 0.0277788 
149 417 0.0330591 48 0.0330591 
386 300 0.00826478 48 0.00826478 
566 218 0.0330591 48 0.0330591 
296 346 0.00416249 48 0.00416249 
383 348 0.0100004 48 0.0100004 
293 256 0.00694471 48 0.00694471 
78 291 0.0138414 48 0.0138414 
347 446 0.0177785 48 0.0177785 
76 246 0.00826478 48 0.00826478 
520 246 0.0110808 47 0.0110808 
147 304 0.00189043 47 0.00189043 
486 332 0.0138414 47 0.0138414 
415 275 0.00142405 47 0.00142405 
442 341 0.00189043 47 0.00189043 
57 354 0.0330591 47 0.0330591 
144 287 0.00100785 47 0.00100785 
548 439 0.0204089 47 0.0204089 
371 318 0.000369837 47 0.000369837 
77 415 0.00591739 47 0.00591739 
73 242 0.0138414 47 0.0138414 
510 382 0.000190257 47 0.000190257 
183 349 0.00237963 47 0.00237963 
220 265 0.00826478 46 0.00826478 
414 297 0.00591739 46 0.00591739 
420 429 0.00197538 46 0.00197538 
41 298 0.0012312 46 0.0012312 
28 422 0.00826478 46 0.00826478 
503 452 0.0110808 46 0.0110808 
217 266 0.0138414 46 0.0138414 
346 349 0.0277788 46 0.0277788 
28 260 0.0123462 46 0.0123462 
22 323 0.00826478 46 0.00826478 
198 351 0.0100004 46 0.0100004 
235 265 0.0123462 46 0.0123462 
420 395 0.0204089 46 0.0204089 
198 316 0.0236695 45 0.0236695 
457 409 0.0138414 45 0.0138414 
290 171 0.0138414 45 0.0138414 
255 245 0.00206619 45 0.00206619 
524 249 0.0330591 45 0.0330591 
355 265 0.0177785 45 0.0177785 
386 379 0.0204089 45 0.0204089 
455 453 0.0138414 45 0.0138414 
431 273 0.00308654 45 0.00308654 
467 310 0.000771635 45 0.000771635 
592 339 0.00181084 45 0.00181084 
546 215 0.0138414 45 0.0138414 
282 188 0.0330591 45 0.0330591 
436 387 0.00826478 45 0.00826478 
271 309 0.00147935 45 0.00147935 
458 428 0.00197538 45 0.00197538 
604 336 0.0138414 45 0.0138414 
500 453 0.0123462 45 0.0123462 
342 424 0.0138414 45 0.0138414 
446 339 0.0110808 44 0.0110808 
452 254 0.0330591 44 0.0330591 
50 261 0.0156256 44 0.0156256 
385 295 0.0110808 44 0.0110808 
465 258 0.0177785 44 0.0177785 
129 427 0.0177785 44 0.0177785 
279 265 0.0123462 44 0.0123462 
199 395 0.0330591 44 0.0330591 
113 362 0.0123462 44 0.0123462 
299 181 0.0236695 44 0.0236695 
271 341 0.000516549 44 0.000516549 
82 425 0.00216341 43 0.00216341 
506 238 0.00237963 43 0.00237963 
67 278 0.00181084 43 0.00181084 
117 279 0.00346034 43 0.00346034 
527 380 0.00907064 43 0.00907064 
39 282 0.00416249 43 0.00416249 
524 439 0.0123462 43 0.0123462 
229 355 0.000162285 43 0.000162285 
349 297 0.00694471 43 0.00694471 
215 269 0.0236695 43 0.0236695 
151 247 0.0138414 43 0.0138414 
113 348 0.0123462 43 0.0123462 
46 323 0.0277788 43 0.0277788 
64 269 0.0138414 43 0.0138414 
415 268 0.00104062 43 0.00104062 
121 302 0.00142405 43 0.00142405 
197 273 0.00591739 43 0.00591739 
461 288 0.00475643 42 0.00475643 
405 436 0.0138414 42 0.0138414 
130 213 0.00826478 42 0.00826478 
261 227 0.0277788 42 0.0277788 
485 453 0.0100004 42 0.0100004 
14 315 0.0110808 42 0.0110808 
446 323 0.0236695 42 0.0236695 
282 273 0.0156256 42 0.0156256 
383 444 0.00510224 42 0.00510224 
404 344 0.0330591 42 0.0330591 
256 263 0.0177785 42 0.0177785 
536 374 0.00326543 42 0.00326543 
85 271 0.0277788 42 0.0277788 
317 290 0.00206619 42 0.00206619 
92 429 0.00114914 42 0.00114914 
404 273 0.00237963 42 0.00237963 
272 264 0.0330591 42 0.0330591 
315 347 0.00548718 42 0.00548718 
315 263 0.000793524 42 0.000793524 
492 433 0.00132236 42 0.00132236 
558 457 0.0204089 42 0.0204089 
526 402 0.00262995 42 0.00262995 
487 439 0.00548718 41 0.00548718 
29 274 0.0204089 41 0.0204089 
401 252 0.0277788 41 0.0277788 
157 344 0.0204089 41 0.0204089 
167 315 0.0236695 41 0.0236695 
163 275 0.00591739 41 0.00591739 
367 290 0.00277019 41 0.00277019 
509 326 0.0138414 41 0.0138414 
65 300 0.00694471 41 0.00694471 
517 418 0.00100785 41 0.00100785 
244 318 0.00548718 41 0.00548718 
282 180 0.00756173 41 0.00756173 
511 311 0.0138414 41 0.0138414 
448 379 0.00226766 41 0.00226766 
575 339 0.0138414 41 0.0138414 
399 316 0.00640025 41 0.00640025 
357 345 0.000336685 41 0.000336685 
159 351 0.00367324 41 0.00367324 
90 273 0.0110808 41 0.0110808 
92 258 0.0236695 40 0.0236695 
380 442 0.0177785 40 0.0177785 
477 275 0.0123462 40 0.0123462 
472 313 0.000674676 40 0.000674676 
288 337 0.0156256 40 0.0156256 
380 287 0.0177785 40 0.0177785 
181 322 0.000891101 40 0.000891101 
51 230 0.0277788 40 0.0277788 
97 336 0.000816358 40 0.000816358 
484 326 0.00346034 40 0.00346034 
146 352 0.0330591 40 0.0330591 
437 453 0.0138414 40 0.0138414 
361 248 0.00510224 40 0.00510224 
472 211 0.0204089 40 0.0204089 
502 405 0.00367324 40 0.00367324 
434 289 0.0330591 39 0.0330591 
27 322 0.00197538 39 0.00197538 
72 278 0.0025001 39 0.0025001 
357 259 0.0330591 39 0.0330591 
430 415 0.000840192 39 0.000840192 
249 389 0.0138414 39 0.0138414 
437 283 0.0177785 39 0.0177785 
167 405 0.0330591 39 0.0330591 
437 316 0.0100004 39 0.0100004 
106 395 0.0204089 39 0.0204089 
66 308 0.00262995 39 0.00262995 
531 263 0.000711138 39 0.000711138 
485 317 0.0138414 39 0.0138414 
192 315 0.00277019 39 0.00277019 
489 287 0.0138414 39 0.0138414 
71 297 0.0100004 39 0.0100004 
451 300 0.0039064 39 0.0039064 
485 290 0.00591739 39 0.00591739 
21 325 0.00694471 39 0.00694471 
346 292 0.0236695 39 0.0236695 
454 314 0.00147935 39 0.00147935 
240 218 0.0204089 39 0.0204089 
442 372 0.00326543 39 0.00326543 
270 295 0.00326543 39 0.00326543 
188 192 0.0236695 38 0.0236695 
509 420 0.00114914 38 0.00114914 
119 410 0.0025001 38 0.0025001 
405 343 0.00756173 38 0.00756173 
141 356 0.00907064 38 0.00907064 
427 334 0.00907064 38 0.00907064 
25 420 0.00548718 38 0.00548718 
460 331 0.0236695 38 0.0236695 
475 399 0.00826478 38 0.00826478 
247 226 0.0236695 38 0.0236695 
172 314 0.00226766 38 0.00226766 
490 305 0.00277019 38 0.00277019 
102 262 0.0204089 38 0.0204089 
105 417 0.00367324 38 0.00367324 
33 408 0.00694471 38 0.00694471 
373 352 0.000609687 38 0.000609687 
419 377 0.0110808 38 0.0110808 
391 340 0.00346034 38 0.00346034 
391 258 0.0330591 38 0.0330591 
464 246 0.00907064 38 0.00907064 
583 295 0.00444461 38 0.00444461 
127 410 0.0204089 38 0.0204089 
288 167 0.0330591 38 0.0330591 
283 202 0.0236695 38 0.0236695 
24 282 0.00475643 38 0.00475643 
436 285 0.0204089 38 0.0204089 
605 285 0.0138414 37 0.0138414 
108 347 0.000434044 37 0.000434044 
359 299 0.0138414 37 0.0138414 
397 297 0.0009766 37 0.0009766 
607 234 0.0138414 37 0.0138414 
501 387 0.000229577 37 0.000229577 
230 201 0.0330591 37 0.0330591 
293 180 0.00346034 37 0.00346034 
347 263 0.00510224 37 0.00510224 
160 269 0.00308654 37 0.00308654 
351 292 0.00907064 37 0.00907064 
250 286 0.0277788 37 0.0277788 
443 295 0.0177785 37 0.0177785 
40 231 0.000771635 37 0.000771635 
90 351 0.000483052 37 0.000483052 
435 287 0.0236695 37 0.0236695 
404 233 0.00132236 37 0.00132236 
399 384 0.0204089 37 0.0204089 
457 285 0.0100004 37 0.0100004 
342 253 0.0100004 37 0.0100004 
478 197 0.0100004 37 0.0100004 
287 202 0.0204089 37 0.0204089 
22 261 0.0110808 37 0.0110808 
276 289 0.0110808 37 0.0110808 
125 419 0.00591739 36 0.00591739 
27 415 0.00346034 36 0.00346034 
487 413 0.000793524 36 0.000793524 
483 448 0.00510224 36 0.00510224 
409 208 0.0156256 36 0.0156256 
135 328 0.0330591 36 0.0330591 
304 186 0.0204089 36 0.0204089 
36 414 0.00173618 36 0.00173618 
270 246 0.0330591 36 0.0330591 
484 290 0.0123462 36 0.0123462 
469 398 0.000425141 36 0.000425141 
372 282 0.0100004 36 0.0100004 
181 341 0.000566915 36 0.000566915 
82 391 0.00756173 36 0.00756173 
211 431 0.0236695 36 0.0236695 
446 406 0.0177785 36 0.0177785 
313 261 0.0156256 36 0.0156256 
244 349 0.0277788 36 0.0277788 
66 224 0.0330591 36 0.0330591 
93 318 0.00756173 36 0.00756173 
532 421 0.0012312 36 0.0012312 
342 271 0.00640025 36 0.00640025 
333 274 0.0039064 36 0.0039064 
499 216 0.00416249 36 0.00416249 
495 317 0.0123462 36 0.0123462 
252 237 0.0177785 36 0.0177785 
375 263 0.0236695 36 0.0236695 
32 419 0.00137179 35 0.00137179 
463 290 0.0123462 35 0.0123462 
351 259 0.0277788 35 0.0277788 
281 233 0.0277788 35 0.0277788 
226 324 0.0204089 35 0.0204089 
162 408 0.0123462 35 0.0123462 
556 424 0.000750639 35 0.000750639 
187 205 0.0177785 35 0.0177785 
459 411 0.0100004 35 0.0100004 
34 311 0.0156256 35 0.0156256 
440 434 0.00277019 35 0.00277019 
35 259 0.00640025 35 0.00640025 
384 307 0.00346034 35 0.00346034 
187 178 0.0277788 35 0.0277788 
32 242 0.00147935 35 0.00147935 
482 438 0.00206619 35 0.00206619 
518 212 0.0177785 35 0.0177785 
305 217 0.0277788 35 0.0277788 
576 289 0.0123462 35 0.0123462 
263 258 0.00756173 35 0.00756173 
522 448 0.0330591 35 0.0330591 
458 343 0.000111983 35 0.000111983 
218 439 0.0123462 35 0.0123462 
22 257 0.00694471 35 0.00694471 
464 276 0.0138414 34 0.0138414 
312 269 0.000946782 34 0.000946782 
221 275 0.00104062 34 0.00104062 
389 379 0.000816358 34 0.000816358 
248 442 0.0204089 34 0.0204089 
238 413 0.0277788 34 0.0277788 
250 242 0.00826478 34 0.00826478 
288 354 0.0156256 34 0.0156256 
302 322 0.00640025 34 0.00640025 
314 299 0.00510224 34 0.00510224 
130 331 0.0123462 34 0.0123462 
221 308 0.0110808 34 0.0110808 
34 354 0.0138414 34 0.0138414 
477 406 0.00591739 34 0.00591739 
365 302 0.00826478 34 0.00826478 
473 277 0.0204089 34 0.0204089 
67 410 0.00132236 34 0.00132236 
48 324 0.00826478 34 0.00826478 
80 409 0.0156256 34 0.0156256 
287 208 0.00826478 34 0.00826478 
119 245 0.0123462 34 0.0123462 
499 377 0.00591739 34 0.00591739 
138 383 0.0110808 34 0.0110808 
503 272 0.00548718 34 0.00548718 
183 328 0.00181084 34 0.00181084 
242 370 0.0110808 34 0.0110808 
102 300 0.0156256 34 0.0156256 
253 335 0.0177785 34 0.0177785 
416 392 0.00826478 34 0.00826478 
583 339 0.0039064 34 0.0039064 
107 303 0.0236695 33 0.0236695 
536 277 0.00100785 33 0.00100785 
432 312 0.0277788 33 0.0277788 
516 243 0.00591739 33 0.00591739 
570 236 0.00216341 33 0.00216341 
19 308 0.0123462 33 0.0123462 
219 375 0.00025601 33 0.00025601 
515 376 0.000168669 33 0.000168669 
217 386 0.00591739 33 0.00591739 
219 249 0.0123462 33 0.0123462 
297 180 0.0177785 33 0.0177785 
182 258 0.0156256 33 0.0156256 
180 342 0.0100004 33 0.0100004 
327 277 0.00292195 33 0.00292195 
47 405 0.0100004 33 0.0100004 
471 283 0.00292195 33 0.00292195 
536 326 0.00107502 33 0.00107502 
484 253 0.0277788 33 0.0277788 
132 355 0.00756173 33 0.00756173 
510 442 0.00262995 33 0.00262995 
141 269 0.00416249 33 0.00416249 
392 298 0.0330591 33 0.0330591 
595 341 0.0330591 33 0.0330591 
288 269 0.00475643 33 0.00475643 
577 240 0.0138414 32 0.0138414 
245 343 0.00444461 32 0.00444461 
583 289 0.00367324 32 0.00367324 
414 345 0.0277788 32 0.0277788 
239 388 0.0277788 32 0.0277788 
414 440 0.00262995 32 0.00262995 
109 348 0.000692547 32 0.000692547 
225 450 0.0236695 32 0.0236695 
42 329 0.0277788 32 0.0277788 
71 246 0.00756173 32 0.00756173 
310 288 0.00206619 32 0.00206619 
220 451 0.0204089 32 0.0204089 
608 94 0.0204089 32 0.0204089 
501 380 0.00756173 32 0.00756173 
339 385 0.00640025 32 0.00640025 
482 317 0.0110808 32 0.0110808 
63 276 0.0236695 32 0.0236695 
60 318 0.0100004 32 0.0100004 
513 448 0.0330591 32 0.0330591 
128 236 0.0204089 32 0.0204089 
14 379 0.0177785 32 0.0177785 
541 333 0.00153793 32 0.00153793 
356 285 0.0123462 32 0.0123462 
506 197 0.0236695 32 0.0236695 
232 302 0.0156256 32 0.0156256 
66 262 0.00153793 32 0.00153793 
117 332 0.00277019 32 0.00277019 
57 263 0.0100004 32 0.0100004 
443 323 0.0039064 32 0.0039064 
394 355 0.00206619 32 0.00206619 
289 306 0.00907064 32 0.00907064 
406 325 0.00548718 31 0.00548718 
219 344 0.00510224 31 0.00510224 
335 340 0.0236695 31 0.0236695 
36 329 0.0009766 31 0.0009766 
124 328 0.00640025 31 0.00640025 
342 306 0.00292195 31 0.00292195 
226 426 0.00262995 31 0.00262995 
32 414 0.0236695 31 0.0236695 
191 346 0.000793524 31 0.000793524 
34 365 0.0138414 31 0.0138414 
494 266 0.00756173 31 0.00756173 
418 303 0.00694471 31 0.00694471 
67 318 0.0177785 31 0.0177785 
158 257 0.0138414 31 0.0138414 
71 261 0.00181084 31 0.00181084 
225 350 0.00475643 31 0.00475643 
349 441 0.00756173 31 0.00756173 
134 352 0.00326543 31 0.00326543 
229 269 0.0330591 31 0.0330591 
440 276 0.0100004 31 0.0100004 
419 351 0.0156256 31 0.0156256 
488 287 0.000185115 31 0.000185115 
193 348 0.00591739 31 0.00591739 
64 254 0.00104062 31 0.00104062 
524 192 0.0123462 31 0.0123462 
305 398 0.0204089 31 0.0204089 
244 340 0.0277788 31 0.0277788 
398 269 0.00292195 31 0.00292195 
453 340 0.000264403 31 0.000264403 
349 387 0.00226766 31 0.00226766 
325 334 0.0277788 31 0.0277788 
71 317 0.0277788 31 0.0277788 
293 214 0.00367324 31 0.00367324 
391 321 0.00226766 31 0.00226766 
484 243 0.00548718 30 0.00548718 
405 385 0.00206619 30 0.00206619 
384 347 0.00475643 30 0.00475643 
22 359 0.00510224 30 0.00510224 
174 254 0.00694471 30 0.00694471 
23 385 0.00510224 30 0.00510224 
434 232 0.0156256 30 0.0156256 
507 210 0.0110808 30 0.0110808 
114 414 0.00181084 30 0.00181084 
487 415 0.000540854 30 0.000540854 
346 305 0.00444461 30 0.00444461 
136 255 0.0123462 30 0.0123462 
255 303 0.00694471 30 0.00694471 
110 413 0.00694471 30 0.00694471 
318 322 0.0177785 30 0.0177785 
364 421 0.000711138 30 0.000711138 
317 402 0.0330591 30 0.0330591 
417 438 0.00206619 30 0.00206619 
260 260 0.0123462 30 0.0123462 
453 282 0.0330591 30 0.0330591 
377 299 0.0156256 30 0.0156256 
164 310 0.00548718 30 0.00548718 
242 394 0.00510224 30 0.00510224 
138 347 0.00591739 30 0.00591739 
30 417 0.0138414 30 0.0138414 
388 293 0.0330591 30 0.0330591 
549 242 0.00262995 30 0.00262995 
524 279 0.00189043 30 0.00189043 
271 300 0.00237963 30 0.00237963 
289 338 0.00114914 30 0.00114914 
380 263 0.00907064 30 0.00907064 
437 410 0.000452711 30 0.000452711 
181 350 0.00127556 30 0.00127556 
448 310 0.00237963 30 0.00237963 
450 396 0.0100004 30 0.0100004 
85 353 0.00444461 30 0.00444461 
75 316 0.0156256 30 0.0156256 
298 256 0.00548718 30 0.00548718 
521 458 0.0204089 30 0.0204089 
412 322 0.0156256 30 0.0156256 
309 276 0.00111115 30 0.00111115 
193 438 0.0236695 30 0.0236695 
124 246 0.0138414 30 0.0138414 
513 398 0.00756173 30 0.00756173 
195 268 0.00548718 30 0.00548718 
431 409 0.000425141 30 0.000425141 
345 191 0.0177785 30 0.0177785 
141 343 0.0100004 30 0.0100004 
25 390 0.00907064 30 0.00907064 
146 366 0.000493846 29 0.000493846 
399 323 0.00367324 29 0.00367324 
531 425 0.0204089 29 0.0204089 
217 321 0.0277788 29 0.0277788 
460 404 0.0330591 29 0.0330591 
460 253 0.0204089 29 0.0204089 
56 212 0.0330591 29 0.0330591 
565 345 0.000408137 29 0.000408137 
418 263 0.000840192 29 0.000840192 
164 274 0.00114914 29 0.00114914 
129 323 0.0236695 29 0.0236695 
202 210 0.0156256 29 0.0156256 
308 216 0.0177785 29 0.0177785 
445 290 0.0330591 29 0.0330591 
519 308 0.000452711 29 0.000452711 
131 268 0.0204089 29 0.0204089 
465 280 0.00694471 29 0.00694471 
379 259 0.00756173 29 0.00756173 
221 268 0.00756173 29 0.00756173 
423 438 0.00444461 29 0.00444461 
488 238 0.0123462 29 0.0123462 
119 319 0.0204089 29 0.0204089 
187 197 0.0156256 29 0.0156256 
412 341 0.00444461 29 0.00444461 
323 430 0.00189043 29 0.00189043 
371 444 0.00416249 29 0.00416249 
445 294 0.0138414 29 0.0138414 
102 310 0.00475643 28 0.00475643 
237 408 0.000793524 28 0.000793524 
379 450 0.0110808 28 0.0110808 
498 334 0.0330591 28 0.0330591 
400 342 0.00173618 28 0.00173618 
451 423 0.000793524 28 0.000793524 
151 386 0.0330591 28 0.0330591 
31 391 0.0204089 28 0.0204089 
57 351 0.0177785 28 0.0177785 
288 233 0.00826478 28 0.00826478 
247 376 0.0330591 28 0.0330591 
413 389 0.0330591 28 0.0330591 
128 352 0.00216341 28 0.00216341 
418 340 0.00292195 28 0.00292195 
196 332 0.000483052 28 0.000483052 
336 337 0.0236695 28 0.0236695 
88 267 0.0138414 28 0.0138414 
323 336 0.0156256 28 0.0156256 
478 383 0.000472608 28 0.000472608 
281 218 0.0177785 28 0.0177785 
41 263 0.00826478 28 0.00826478 
485 330 0.000342949 28 0.000342949 
142 428 0.0177785 28 0.0177785 
363 385 0.000313271 28 0.000313271 
474 430 0.00226766 28 0.00226766 
99 195 0.0277788 28 0.0277788 
148 251 0.00132236 28 0.00132236 
133 329 0.0204089 28 0.0204089 
288 351 0.0123462 28 0.0123462 
543 446 0.0039064 28 0.0039064 
329 435 0.00308654 28 0.00308654 
227 333 0.000219487 28 0.000219487 
83 307 0.00237963 28 0.00237963 
147 243 0.00756173 28 0.00756173 
132 219 0.0236695 28 0.0236695 
347 442 0.00907064 28 0.00907064 
239 400 0.0277788 28 0.0277788 
500 326 0.0110808 28 0.0110808 
106 405 0.00100785 28 0.00100785 
579 456 0.0177785 28 0.0177785 
281 347 0.000711138 28 0.000711138 
287 301 0.0123462 28 0.0123462 
337 339 0.00444461 28 0.00444461 
413 320 0.00444461 28 0.00444461 
447 288 0.0330591 28 0.0330591 
177 285 0.0277788 28 0.0277788 
362 311 0.000840192 27 0.000840192 
94 199 0.00826478 27 0.00826478 
23 287 0.00292195 27 0.00292195 
501 298 0.0204089 27 0.0204089 
43 326 0.00907064 27 0.00907064 
80 345 0.0156256 27 0.0156256 
567 241 0.00173618 27 0.00173618 
336 378 0.000201205 27 0.000201205 
474 375 0.000168669 27 0.000168669 
326 343 0.0001665 27 0.0001665 
481 183 0.0236695 27 0.0236695 
401 441 0.00591739 27 0.00591739 
493 334 0.00416249 27 0.00416249 
361 241 0.0156256 27 0.0156256 
378 304 0.0025001 27 0.0025001 
140 330 0.0277788 27 0.0277788 
73 325 0.00591739 27 0.00591739 
372 303 0.00756173 27 0.00756173 
66 210 0.0277788 27 0.0277788 
177 278 0.00510224 27 0.00510224 
145 415 0.00181084 27 0.00181084 
431 385 0.0277788 27 0.0277788 
583 343 0.0110808 27 0.0110808 
330 228 0.0277788 27 0.0277788 
520 215 0.0100004 27 0.0100004 
351 245 0.00308654 27 0.00308654 
456 441 0.00640025 27 0.00640025 
257 299 0.00907064 27 0.00907064 
488 445 0.0138414 27 0.0138414 
442 252 0.00548718 27 0.00548718 
208 444 0.0138414 27 0.0138414 
128 340 0.0138414 27 0.0138414 
255 351 0.0236695 27 0.0236695 
227 270 0.000816358 27 0.000816358 
490 250 0.0156256 27 0.0156256 
253 307 0.00548718 26 0.00548718 
425 275 0.000918309 26 0.000918309 
70 419 0.00640025 26 0.00640025 
46 250 0.00181084 26 0.00181084 
327 349 0.00189043 26 0.00189043 
361 250 0.0330591 26 0.0330591 
456 279 0.0330591 26 0.0330591 
147 273 0.00510224 26 0.00510224 
493 361 0.00142405 26 0.00142405 
65 277 0.00756173 26 0.00756173 
239 396 0.0277788 26 0.0277788 
103 319 0.00826478 26 0.00826478 
345 392 0.00292195 26 0.00292195 
229 236 0.000865085 26 0.000865085 
168 300 0.0110808 26 0.0110808 
146 381 0.0277788 26 0.0277788 
286 250 0.0204089 26 0.0204089 
489 395 0.00181084 26 0.00181084 
206 405 0.000711138 26 0.000711138 
479 287 0.00416249 26 0.00416249 
66 349 0.000273216 26 0.000273216 
399 224 0.000771635 26 0.000771635 
237 297 0.0156256 26 0.0156256 
106 355 0.00444461 26 0.00444461 
157 238 0.0277788 26 0.0277788 
498 326 0.0330591 26 0.0330591 
289 314 0.00416249 26 0.00416249 
198 326 0.000330591 26 0.000330591 
82 333 0.0330591 26 0.0330591 
80 307 0.0277788 26 0.0277788 
366 440 0.00640025 26 0.00640025 
243 308 0.0204089 26 0.0204089 
113 335 0.0330591 26 0.0330591 
241 209 0.000324661 26 0.000324661 
246 260 0.0100004 26 0.0100004 
310 260 0.0100004 26 0.0100004 
124 272 0.0100004 26 0.0100004 
448 425 0.00147935 26 0.00147935 
285 195 0.00756173 26 0.00756173 
143 425 0.0277788 26 0.0277788 
550 233 0.00237963 26 0.00237963 
362 275 0.0236695 26 0.0236695 
413 338 0.00475643 26 0.00475643 
302 248 0.0025001 26 0.0025001 
163 355 0.000292217 26 0.000292217 
451 343 0.00308654 26 0.00308654 
150 300 0.0236695 25 0.0236695 
227 295 0.00226766 25 0.00226766 
315 247 0.000516549 25 0.000516549 
111 201 0.0110808 25 0.0110808 
169 293 0.0277788 25 0.0277788 
252 298 0.0236695 25 0.0236695 
575 344 0.0039064 25 0.0039064 
408 446 0.00510224 25 0.00510224 
478 256 0.0236695 25 0.0236695 
135 241 0.00591739 25 0.00591739 
439 422 0.0012312 25 0.0012312 
194 315 0.0138414 25 0.0138414 
373 375 0.000416509 25 0.000416509 
166 306 0.00694471 25 0.00694471 
288 233 0.0236695 25 0.0236695 
432 443 0.00308654 25 0.00308654 
288 187 0.0330591 25 0.0330591 
272 291 0.0177785 25 0.0177785 
407 347 0.00292195 25 0.00292195 
230 251 0.0177785 25 0.0177785 
242 433 0.00548718 25 0.00548718 
34 322 0.00475643 25 0.00475643 
387 322 0.00173618 25 0.00173618 
401 380 0.00153793 25 0.00153793 
430 406 0.0204089 25 0.0204089 
440 342 0.00548718 25 0.00548718 
397 303 0.0330591 25 0.0330591 
190 227 0.0204089 25 0.0204089 
114 331 0.000369837 25 0.000369837 
459 185 0.0123462 25 0.0123462 
51 423 0.00548718 25 0.00548718 
349 288 0.00173618 25 0.00173618 
404 387 0.00694471 25 0.00694471 
316 354 0.0277788 25 0.0277788 
210 328 0.00510224 25 0.00510224 
136 264 0.0236695 25 0.0236695 
517 448 0.00591739 25 0.00591739 
478 192 0.00510224 25 0.00510224 
91 316 0.00591739 25 0.00591739 
89 396 0.0236695 25 0.0236695 
28 325 0.0236695 25 0.0236695 
568 349 0.000462499 25 0.000462499 
63 421 0.0204089 25 0.0204089 
359 278 0.0236695 24 0.0236695 
465 196 0.0025001 24 0.0025001 
519 277 0.00226766 24 0.00226766 
399 290 0.00147935 24 0.00147935 
155 331 0.00826478 24 0.00826478 
211 390 0.0156256 24 0.0156256 
340 352 0.000213126 24 0.000213126 
242 231 0.0177785 24 0.0177785 
110 249 0.0236695 24 0.0236695 
479 185 0.0138414 24 0.0138414 
271 260 0.0138414 24 0.0138414 
110 334 0.0330591 24 0.0330591 
79 231 0.0330591 24 0.0330591 
164 231 0.0330591 24 0.0330591 
499 297 0.0156256 24 0.0156256 
467 252 0.00694471 24 0.00694471 
523 258 0.0330591 24 0.0330591 
595 357 0.0039064 24 0.0039064 
309 308 0.0330591 24 0.0330591 
425 385 0.0110808 24 0.0110808 
123 334 0.00444461 24 0.00444461 
236 285 0.00367324 24 0.00367324 
449 335 0.0277788 24 0.0277788 
452 338 0.00262995 24 0.00262995 
313 188 0.000865085 24 0.000865085 
52 234 0.0110808 24 0.0110808 
563 340 0.0277788 24 0.0277788 
355 341 0.00510224 24 0.00510224 
87 300 0.0277788 24 0.0277788 
118 227 0.0100004 24 0.0100004 
213 380 0.00416249 24 0.00416249 
358 432 0.00277019 24 0.00277019 
321 331 0.000201205 24 0.000201205 
206 248 0.0277788 24 0.0277788 
250 397 0.0204089 24 0.0204089 
362 358 0.0177785 24 0.0177785 
575 442 0.0025001 24 0.0025001 
522 278 0.00197538 24 0.00197538 
215 349 0.00197538 24 0.00197538 
173 288 0.0330591 24 0.0330591 
513 439 0.00591739 24 0.00591739 
405 349 0.0138414 24 0.0138414 
300 401 0.00756173 24 0.00756173 
488 323 0.00510224 23 0.00510224 
215 440 0.0110808 23 0.0110808 
308 407 0.000493846 23 0.000493846 
101 294 0.0330591 23 0.0330591 
215 215 0.0138414 23 0.0138414 
46 207 0.0277788 23 0.0277788 
609 78 0.0236695 23 0.0236695 
124 223 0.0204089 23 0.0204089 
541 434 0.0177785 23 0.0177785 
453 320 0.000750639 23 0.000750639 
338 419 0.00510224 23 0.00510224 
503 211 0.00826478 23 0.00826478 
410 239 0.00591739 23 0.00591739 
183 410 0.00694471 23 0.00694471 
54 430 0.0156256 23 0.0156256 
109 432 0.0156256 23 0.0156256 
399 254 0.0100004 23 0.0100004 
540 218 0.00591739 23 0.00591739 
585 238 0.0039064 23 0.0039064 
523 218 0.00640025 23 0.00640025 
390 361 0.00142405 23 0.00142405 
16 345 0.00640025 23 0.00640025 
383 320 0.0236695 23 0.0236695 
229 219 0.00226766 23 0.00226766 
424 371 0.0123462 23 0.0123462 
177 272 0.00292195 23 0.00292195 
586 270 0.00308654 23 0.00308654 
405 359 0.0156256 23 0.0156256 
561 229 0.00510224 23 0.00510224 
402 331 0.0123462 23 0.0123462 
338 266 0.00308654 23 0.00308654 
312 310 0.00826478 23 0.00826478 
432 361 0.0138414 23 0.0138414 
323 347 0.0204089 23 0.0204089 
233 261 0.00640025 23 0.00640025 
324 251 0.0039064 23 0.0039064 
454 374 0.00142405 23 0.00142405 
121 359 0.000260156 23 0.000260156 
416 373 0.00640025 23 0.00640025 
198 358 0.0177785 23 0.0177785 
89 248 0.00756173 23 0.00756173 
467 377 0.000657487 23 0.000657487 
441 325 0.0100004 23 0.0100004 
155 286 0.00694471 23 0.00694471 
543 237 0.00510224 23 0.00510224 
398 246 0.00907064 22 0.00907064 
478 386 0.000210048 22 0.000210048 
521 408 0.000416509 22 0.000416509 
484 256 0.00907064 22 0.00907064 
246 224 0.0156256 22 0.0156256 
380 300 0.0100004 22 0.0100004 
494 337 0.00142405 22 0.00142405 
480 295 0.00548718 22 0.00548718 
528 247 0.0156256 22 0.0156256 
583 279 0.00416249 22 0.00416249 
109 411 0.00137179 22 0.00137179 
211 429 0.0138414 22 0.0138414 
105 318 0.00694471 22 0.00694471 
42 363 0.0039064 22 0.0039064 
319 284 0.00147935 22 0.00147935 
97 257 0.000233096 22 0.000233096 
253 440 0.0204089 22 0.0204089 
539 236 0.0236695 22 0.0236695 
379 438 0.0110808 22 0.0110808 
548 448 0.00548718 22 0.00548718 
312 217 0.0156256 22 0.0156256 
238 437 0.00640025 22 0.00640025 
219 213 0.0039064 22 0.0039064 
158 413 0.00591739 22 0.00591739 
586 394 0.0177785 22 0.0177785 
506 301 0.0330591 22 0.0330591 
333 321 0.0123462 22 0.0123462 
76 408 0.0277788 22 0.0277788 
555 401 0.000657487 22 0.000657487 
585 321 0.00292195 22 0.00292195 
153 373 0.0123462 22 0.0123462 
317 348 0.0177785 22 0.0177785 
423 363 0.0156256 22 0.0156256 
436 435 0.00166604 22 0.00166604 
27 333 0.00292195 22 0.00292195 
50 366 0.0100004 22 0.0100004 
144 260 0.0204089 22 0.0204089 
515 328 0.0204089 22 0.0204089 
12 327 0.0204089 22 0.0204089 
113 412 0.0100004 22 0.0100004 
313 326 0.0156256 22 0.0156256 
323 286 0.00127556 22 0.00127556 
495 443 0.0100004 22 0.0100004 
359 269 0.0177785 22 0.0177785 
530 416 0.0236695 22 0.0236695 
198 318 0.0039064 22 0.0039064 
501 312 0.0039064 22 0.0039064 
242 388 0.00510224 22 0.00510224 
392 344 0.00292195 22 0.00292195 
474 445 0.0138414 22 0.0138414 
356 304 0.0100004 22 0.0100004 
243 247 0.0039064 22 0.0039064 
35 327 0.00346034 22 0.00346034 
74 397 0.0156256 22 0.0156256 
223 396 0.0156256 22 0.0156256 
276 265 0.00826478 21 0.00826478 
46 309 0.0330591 21 0.0330591 
298 177 0.0330591 21 0.0330591 
160 282 0.000528492 21 0.000528492 
525 248 0.000528492 21 0.000528492 
290 253 0.00475643 21 0.00475643 
242 281 0.00475643 21 0.00475643 
303 256 0.00367324 21 0.00367324 
316 221 0.0204089 21 0.0204089 
291 371 0.0001665 21 0.0001665 
582 448 0.00475643 21 0.00475643 
465 395 0.000384482 21 0.000384482 
122 388 0.00326543 21 0.00326543 
301 312 0.0330591 21 0.0330591 
489 317 0.0110808 21 0.0110808 
399 337 0.0204089 21 0.0204089 
186 268 0.00826478 21 0.00826478 
321 360 0.0277788 21 0.0277788 
341 250 0.00640025 21 0.00640025 
158 244 0.0277788 21 0.0277788 
84 225 0.00694471 21 0.00694471 
265 263 0.0277788 21 0.0277788 
76 386 0.00346034 21 0.00346034 
124 233 0.00591739 21 0.00591739 
74 313 0.0277788 21 0.0277788 
123 286 0.00100785 21 0.00100785 
22 363 0.00444461 21 0.00444461 
347 337 0.0277788 21 0.0277788 
596 369 0.00346034 21 0.00346034 
225 401 0.0277788 21 0.0277788 
582 263 0.00510224 21 0.00510224 
427 383 0.00111115 21 0.00111115 
416 451 0.00826478 21 0.00826478 
323 345 0.0177785 21 0.0177785 
484 251 0.0177785 21 0.0177785 
282 295 0.0123462 21 0.0123462 
558 437 0.0123462 21 0.0123462 
582 330 0.00416249 21 0.00416249 
152 348 0.00308654 21 0.00308654 
233 434 0.00367324 21 0.00367324 
555 225 0.00444461 21 0.00444461 
493 209 0.0110808 21 0.0110808 
55 268 0.0236695 20 0.0236695 
77 252 0.0330591 20 0.0330591 
407 390 0.00292195 20 0.00292195 
119 265 0.00694471 20 0.00694471 
437 241 0.00510224 20 0.00510224 
104 258 0.00510224 20 0.00510224 
480 280 0.00907064 20 0.00907064 
226 397 0.000493846 20 0.000493846 
74 284 0.00416249 20 0.00416249 
171 246 0.0330591 20 0.0330591 
528 369 0.00756173 20 0.00756173 
295 315 0.00147935 20 0.00147935 
387 395 0.0236695 20 0.0236695 
301 226 0.000692547 20 0.000692547 
345 243 0.00277019 20 0.00277019 
166 229 0.0156256 20 0.0156256 
202 225 0.0204089 20 0.0204089 
188 225 0.0123462 20 0.0123462 
492 398 0.0156256 20 0.0156256 
238 246 0.00416249 20 0.00416249 
45 219 0.0236695 20 0.0236695 
453 359 0.00147935 20 0.00147935 
220 329 0.0156256 20 0.0156256 
230 415 0.00111115 20 0.00111115 
102 409 0.0100004 20 0.0100004 
77 320 0.00367324 20 0.00367324 
537 347 0.00416249 20 0.00416249 
21 390 0.0100004 20 0.0100004 
310 428 0.00326543 20 0.00326543 
244 268 0.00226766 20 0.00226766 
119 324 0.00416249 20 0.00416249 
435 351 0.0123462 20 0.0123462 
10 298 0.0156256 20 0.0156256 
416 228 0.00181084 20 0.00181084 
221 417 0.00147935 20 0.00147935 
187 402 0.000711138 20 0.000711138 
377 448 0.00826478 20 0.00826478 
295 206 0.0236695 20 0.0236695 
463 338 0.00237963 20 0.00237963 
308 203 0.00907064 20 0.00907064 
135 272 0.00262995 20 0.00262995 
273 244 0.00548718 20 0.00548718 
403 267 0.0277788 20 0.0277788 
545 439 0.00548718 20 0.00548718 
507 266 0.00262995 20 0.00262995 
54 276 0.000580658 20 0.000580658 
159 343 0.00756173 20 0.00756173 
346 251 0.00640025 20 0.00640025 
299 296 0.00137179 20 0.00137179 
208 326 0.00206619 20 0.00206619 
95 431 0.0138414 20 0.0138414 
546 342 0.00181084 20 0.00181084 
272 225 0.0277788 20 0.0277788 
501 388 0.000891101 20 0.000891101 
473 300 0.0138414 20 0.0138414 
137 246 0.0123462 20 0.0123462 
213 293 0.00160006 20 0.00160006 
8 233 0.0236695 20 0.0236695 
336 302 0.0277788 20 0.0277788 
543 218 0.00756173 20 0.00756173 
108 353 0.00206619 20 0.00206619 
272 347 0.00197538 20 0.00197538 
586 332 0.0277788 20 0.0277788 
112 313 0.00326543 20 0.00326543 
528 194 0.0204089 19 0.0204089 
400 248 0.0123462 19 0.0123462 
182 391 0.0138414 19 0.0138414 
121 268 0.000505006 19 0.000505006 
82 280 0.000493846 19 0.000493846 
250 315 0.00142405 19 0.00142405 
456 298 0.00292195 19 0.00292195 
145 246 0.0123462 19 0.0123462 
288 427 0.000840192 19 0.000840192 
223 247 0.00756173 19 0.00756173 
159 266 0.00173618 19 0.00173618 
409 289 0.00160006 19 0.00160006 
497 237 0.000946782 19 0.000946782 
489 314 0.0236695 19 0.0236695 
130 320 0.00756173 19 0.00756173 
428 443 0.00826478 19 0.00826478 
284 237 0.0204089 19 0.0204089 
172 314 0.0138414 19 0.0138414 
90 359 0.00826478 19 0.00826478 
209 281 0.00367324 19 0.00367324 
173 298 0.00694471 19 0.00694471 
306 305 0.000840192 19 0.000840192 
426 446 0.0138414 19 0.0138414 
427 356 0.00756173 19 0.00756173 
347 332 0.0236695 19 0.0236695 
544 228 0.0204089 19 0.0204089 
316 430 0.00137179 19 0.00137179 
513 385 0.000287285 19 0.000287285 
466 294 0.00510224 19 0.00510224 
213 410 0.000946782 19 0.000946782 
176 410 0.0204089 19 0.0204089 
493 244 0.00510224 19 0.00510224 
334 352 0.0177785 19 0.0177785 
311 215 0.00118911 19 0.00118911 
448 384 0.000273216 19 0.000273216 
511 273 0.00308654 19 0.00308654 
456 403 0.0123462 19 0.0123462 
126 285 0.0025001 19 0.0025001 
353 453 0.0277788 19 0.0277788 
99 192 0.0277788 19 0.0277788 
445 445 0.00367324 19 0.00367324 
551 428 0.00367324 19 0.00367324 
419 392 0.0123462 19 0.0123462 
380 297 0.00548718 19 0.00548718 
564 353 0.0330591 19 0.0330591 
114 340 0.00181084 19 0.00181084 
568 345 0.00216341 19 0.00216341 
496 405 0.000566915 19 0.000566915 
292 217 0.0277788 19 0.0277788 
176 245 0.00292195 19 0.00292195 
380 239 0.0156256 19 0.0156256 
517 276 0.00237963 19 0.00237963 
321 445 0.0100004 19 0.0100004 
300 438 0.00591739 19 0.00591739 
300 203 0.00907064 19 0.00907064 
248 415 0.0330591 19 0.0330591 
409 365 0.0156256 19 0.0156256 
456 342 0.00416249 19 0.00416249 
167 412 0.0330591 19 0.0330591 
402 422 0.0277788 19 0.0277788 
431 449 0.00591739 19 0.00591739 
571 190 0.00206619 19 0.00206619 
100 202 0.0330591 19 0.0330591 
174 210 0.00104062 19 0.00104062 
151 234 0.0110808 19 0.0110808 
19 377 0.0100004 19 0.0100004 
201 347 0.0012312 18 0.0012312 
384 328 0.0123462 18 0.0123462 
41 317 0.00326543 18 0.00326543 
347 243 0.00262995 18 0.00262995 
559 247 0.00756173 18 0.00756173 
600 86 0.00475643 18 0.00475643 
197 398 0.0156256 18 0.0156256 
475 215 0.00907064 18 0.00907064 
60 234 0.00416249 18 0.00416249 
471 277 0.00475643 18 0.00475643 
314 358 0.00756173 18 0.00756173 
237 254 0.0330591 18 0.0330591 
401 329 0.00160006 18 0.00160006 
558 411 0.000483052 18 0.000483052 
24 328 0.00444461 18 0.00444461 
350 421 0.0330591 18 0.0330591 
385 317 0.0123462 18 0.0123462 
488 209 0.0204089 18 0.0204089 
234 352 0.0236695 18 0.0236695 
200 171 0.0100004 18 0.0100004 
217 391 0.00640025 18 0.00640025 
203 438 0.0156256 18 0.0156256 
70 270 0.0204089 18 0.0204089 
67 335 0.000580658 18 0.000580658 
388 289 0.00153793 18 0.00153793 
182 409 0.00308654 18 0.00308654 
527 345 0.00548718 18 0.00548718 
259 271 0.0123462 18 0.0123462 
503 269 0.000282477 18 0.000282477 
337 258 0.0277788 18 0.0277788 
295 221 0.0330591 18 0.0330591 
387 330 0.00127556 18 0.00127556 
347 205 0.0123462 18 0.0123462 
492 255 0.00346034 18 0.00346034 
391 351 0.00416249 18 0.00416249 
258 224 0.0156256 18 0.0156256 
464 336 0.000840192 18 0.000840192 
390 328 0.000840192 18 0.000840192 
239 325 0.0177785 18 0.0177785 
154 249 0.00475643 18 0.00475643 
203 223 0.0156256 18 0.0156256 
136 250 0.0330591 18 0.0330591 
522 343 0.000140056 18 0.000140056 
580 187 0.00444461 18 0.00444461 
597 289 0.0236695 18 0.0236695 
347 248 0.00444461 18 0.00444461 
407 251 0.00444461 18 0.00444461 
296 197 0.0277788 18 0.0277788 
205 434 0.0204089 18 0.0204089 
585 243 0.0123462 18 0.0123462 
557 333 0.00694471 18 0.00694471 
337 213 0.0277788 18 0.0277788 
403 396 0.00206619 18 0.00206619 
464 448 0.0277788 18 0.0277788 
99 336 0.0177785 18 0.0177785 
197 326 0.0123462 17 0.0123462 
73 433 0.0204089 17 0.0204089 
367 343 0.00181084 17 0.00181084 
295 235 0.00416249 17 0.00416249 
24 428 0.0204089 17 0.0204089 
244 303 0.00104062 17 0.00104062 
426 450 0.0330591 17 0.0330591 
377 242 0.00907064 17 0.00907064 
77 313 0.00160006 17 0.00160006 
424 433 0.0012312 17 0.0012312 
118 381 0.00237963 17 0.00237963 
322 243 0.00181084 17 0.00181084 
403 270 0.0123462 17 0.0123462 
275 237 0.00694471 17 0.00694471 
222 287 0.00181084 17 0.00181084 
110 417 0.00153793 17 0.00153793 
374 344 0.00277019 17 0.00277019 
515 446 0.0177785 17 0.0177785 
113 324 0.00510224 17 0.00510224 
291 202 0.00346034 17 0.00346034 
448 343 0.0236695 17 0.0236695 
287 221 0.0110808 17 0.0110808 
152 435 0.0156256 17 0.0156256 
350 229 0.0123462 17 0.0123462 
231 297 0.00694471 17 0.00694471 
71 218 0.00416249 17 0.00416249 
138 360 0.00640025 17 0.00640025 
405 360 0.00640025 17 0.00640025 
427 263 0.00132236 17 0.00132236 
503 231 0.0177785 17 0.0177785 
240 255 0.00907064 17 0.00907064 
383 252 0.00756173 17 0.00756173 
353 261 0.00756173 17 0.00756173 
476 317 0.0110808 17 0.0110808 
472 343 0.0177785 17 0.0177785 
183 231 0.0330591 17 0.0330591 
334 271 0.00326543 17 0.00326543 
583 385 0.00444461 17 0.00444461 
295 170 0.00826478 17 0.00826478 
236 280 0.00262995 17 0.00262995 
213 202 0.0236695 17 0.0236695 
164 352 0.00262995 17 0.00262995 
126 361 0.0204089 17 0.0204089 
198 329 0.0204089 17 0.0204089 
253 294 0.00189043 17 0.00189043 
505 335 0.0330591 17 0.0330591 
295 304 0.0330591 17 0.0330591 
205 414 0.00367324 17 0.00367324 
229 317 0.000307799 17 0.000307799 
204 136 0.0156256 17 0.0156256 
527 339 0.000129137 17 0.000129137 
425 329 0.00694471 17 0.00694471 
171 342 0.00262995 17 0.00262995 
25 315 0.0100004 17 0.0100004 
437 396 0.000392133 17 0.000392133 
272 388 0.0177785 17 0.0177785 
128 229 0.00189043 17 0.00189043 
250 283 0.00510224 17 0.00510224 
484 336 0.00292195 17 0.00292195 
192 391 0.00756173 17 0.00756173 
468 426 0.00166604 17 0.00166604 
50 383 0.00107502 17 0.00107502 
606 377 0.0177785 17 0.0177785 
261 340 0.000392133 17 0.000392133 
391 327 0.00166604 17 0.00166604 
344 346 0.000150557 17 0.000150557 
341 261 0.00262995 17 0.00262995 
381 302 0.00826478 17 0.00826478 
384 261 0.00510224 17 0.00510224 
458 347 0.00591739 17 0.00591739 
123 342 0.00756173 17 0.00756173 
317 216 0.0100004 17 0.0100004 
98 267 0.00510224 17 0.00510224 
104 405 0.0236695 17 0.0236695 
480 363 0.000425141 17 0.000425141 
21 249 0.00292195 16 0.00292195 
254 299 0.0138414 16 0.0138414 
483 350 0.00346034 16 0.00346034 
205 267 0.000251962 16 0.000251962 
350 234 0.00142405 16 0.00142405 
18 219 0.0277788 16 0.0277788 
422 343 0.000143431 16 0.000143431 
334 345 0.00346034 16 0.00346034 
514 437 0.00173618 16 0.00173618 
173 346 0.00694471 16 0.00694471 
557 353 0.00591739 16 0.00591739 
374 386 0.0177785 16 0.0177785 
385 336 0.00100785 16 0.00100785 
440 420 0.0177785 16 0.0177785 
185 245 0.0277788 16 0.0277788 
319 347 0.00367324 16 0.00367324 
278 175 0.0236695 16 0.0236695 
103 336 0.0204089 16 0.0204089 
430 339 0.00510224 16 0.00510224 
356 269 0.00510224 16 0.00510224 
453 312 0.0277788 16 0.0277788 
523 337 0.00216341 16 0.00216341 
126 262 0.0138414 16 0.0138414 
171 342 0.00114914 16 0.00114914 
139 408 0.00326543 16 0.00326543 
113 430 0.0236695 16 0.0236695 
353 300 0.00367324 16 0.00367324 
212 404 0.0177785 16 0.0177785 
378 291 0.00756173 16 0.00756173 
110 392 0.00907064 16 0.00907064 
237 364 0.000180179 16 0.000180179 
98 224 0.000918309 16 0.000918309 
334 216 0.0123462 16 0.0123462 
391 260 0.00262995 16 0.00262995 
96 395 0.0277788 16 0.0277788 
130 366 0.0277788 16 0.0277788 
441 332 0.0110808 16 0.0110808 
189 312 0.00826478 16 0.00826478 
175 316 0.00114914 16 0.00114914 
292 217 0.0123462 16 0.0123462 
550 428 0.0330591 16 0.0330591 
392 400 0.000297277 16 0.000297277 
425 380 0.0110808 16 0.0110808 
581 314 0.00510224 16 0.00510224 
523 335 0.000392133 16 0.000392133 
384 216 0.00416249 16 0.00416249 
229 233 0.0236695 16 0.0236695 
268 308 0.00756173 16 0.00756173 
41 322 0.00346034 16 0.00346034 
585 229 0.00444461 16 0.00444461 
78 260 0.00189043 16 0.00189043 
351 226 0.00826478 16 0.00826478 
122 254 0.0330591 16 0.0330591 
309 333 0.00548718 16 0.00548718 
127 274 0.00142405 16 0.00142405 
376 279 0.0330591 16 0.0330591 
564 297 0.0330591 16 0.0330591 
382 409 0.00308654 16 0.00308654 
406 337 0.0012312 16 0.0012312 
353 272 0.00907064 16 0.00907064 
170 285 0.00826478 16 0.00826478 
326 394 0.00444461 16 0.00444461 
428 287 0.00826478 16 0.00826478 
244 264 0.00694471 16 0.00694471 
504 393 0.0236695 16 0.0236695 
398 356 0.0277788 15 0.0277788 
276 298 0.00444461 15 0.00444461 
357 290 0.00591739 15 0.00591739 
196 400 0.000493846 15 0.000493846 
534 345 0.00100785 15 0.00100785 
549 353 0.0277788 15 0.0277788 
492 283 0.00166604 15 0.00166604 
127 351 0.0204089 15 0.0204089 
272 260 0.00475643 15 0.00475643 
253 429 0.0330591 15 0.0330591 
550 251 0.00262995 15 0.00262995 
444 220 0.00237963 15 0.00237963 
173 344 0.00756173 15 0.00756173 
280 188 0.00907064 15 0.00907064 
410 389 0.0204089 15 0.0204089 
593 386 0.0204089 15 0.0204089 
215 358 0.0330591 15 0.0330591 
152 238 0.00367324 15 0.00367324 
501 431 0.00107502 15 0.00107502 
328 268 0.00189043 15 0.00189043 
440 412 0.0138414 15 0.0138414 
298 234 0.0330591 15 0.0330591 
466 286 0.00367324 15 0.00367324 
383 356 0.0100004 15 0.0100004 
141 348 0.00262995 15 0.00262995 
55 418 0.00326543 15 0.00326543 
84 412 0.00756173 15 0.00756173 
130 430 0.0100004 15 0.0100004 
98 432 0.0100004 15 0.0100004 
153 335 0.00367324 15 0.00367324 
374 354 0.000143431 15 0.000143431 
308 237 0.00107502 15 0.00107502 
241 219 0.00640025 15 0.00640025 
96 346 0.0277788 15 0.0277788 
62 275 0.00591739 15 0.00591739 
355 350 0.00510224 15 0.00510224 
134 271 0.00591739 15 0.00591739 
441 448 0.0236695 15 0.0236695 
116 313 0.0277788 15 0.0277788 
119 241 0.00591739 15 0.00591739 
128 357 0.00206619 15 0.00206619 
292 234 0.00100785 15 0.00100785 
430 224 0.00100785 15 0.00100785 
399 353 0.00277019 15 0.00277019 
342 277 0.00444461 15 0.00444461 
45 436 0.0236695 15 0.0236695 
103 239 0.0277788 15 0.0277788 
50 222 0.0277788 15 0.0277788 
393 303 0.0138414 15 0.0138414 
474 185 0.00694471 15 0.00694471 
309 352 0.00640025 15 0.00640025 
272 308 0.0110808 15 0.0110808 
123 264 0.00756173 15 0.00756173 
215 284 0.00237963 15 0.00237963 
201 244 0.00907064 15 0.00907064 
181 348 0.00694471 15 0.00694471 
310 323 0.0110808 15 0.0110808 
541 380 0.00216341 15 0.00216341 
480 212 0.0236695 15 0.0236695 
328 257 0.00111115 15 0.00111115 
103 275 0.000392133 15 0.000392133 
132 383 0.00444461 15 0.00444461 
252 274 0.00694471 15 0.00694471 
144 241 0.000771635 15 0.000771635 
212 408 0.00907064 15 0.00907064 
477 342 0.000452711 15 0.000452711 
294 408 0.00308654 15 0.00308654 
298 216 0.0236695 15 0.0236695 
125 207 0.0236695 15 0.0236695 
595 338 0.0156256 15 0.0156256 
294 269 0.00292195 15 0.00292195 
149 227 0.00510224 15 0.00510224 
50 396 0.00237963 15 0.00237963 
294 223 0.0236695 15 0.0236695 
384 324 0.000657487 15 0.000657487 
318 249 0.00292195 15 0.00292195 
179 218 0.00346034 15 0.00346034 
476 333 0.00173618 15 0.00173618 
109 264 0.00694471 15 0.00694471 
48 329 0.0156256 15 0.0156256 
150 335 0.0236695 15 0.0236695 
142 359 0.000177785 15 0.000177785 
271 345 0.00548718 15 0.00548718 
35 360 0.000891101 15 0.000891101 
302 192 0.0204089 14 0.0204089 
217 274 0.000342949 14 0.000342949 
463 312 0.0277788 14 0.0277788 
169 396 0.0330591 14 0.0330591 
35 360 0.00694471 14 0.00694471 
190 292 0.00118911 14 0.00118911 
486 357 0.000342949 14 0.000342949 
89 323 0.000287285 14 0.000287285 
210 298 0.000750639 14 0.000750639 
133 327 0.00826478 14 0.00826478 
530 294 0.000750639 14 0.000750639 
422 234 0.00142405 14 0.00142405 
184 243 0.0204089 14 0.0204089 
402 383 0.0123462 14 0.0123462 
99 411 0.00640025 14 0.00640025 
211 409 0.00326543 14 0.00326543 
356 360 0.000330591 14 0.000330591 
487 338 0.0277788 14 0.0277788 
502 284 0.00173618 14 0.00173618 
371 273 0.0330591 14 0.0330591 
500 206 0.000452711 14 0.000452711 
111 322 0.000528492 14 0.000528492 
190 329 0.000594907 14 0.000594907 
241 409 0.0138414 14 0.0138414 
454 327 0.00756173 14 0.00756173 
60 220 0.0277788 14 0.0277788 
296 309 0.0156256 14 0.0156256 
352 336 0.00216341 14 0.00216341 
401 388 0.00160006 14 0.00160006 
296 202 0.00907064 14 0.00907064 
85 388 0.000392133 14 0.000392133 
272 256 0.0277788 14 0.0277788 
141 198 0.000400015 14 0.000400015 
76 214 0.00237963 14 0.00237963 
145 388 0.00114914 14 0.00114914 
428 356 0.0236695 14 0.0236695 
495 337 0.0156256 14 0.0156256 
140 410 0.0204089 14 0.0204089 
186 176 0.0204089 14 0.0204089 
555 236 0.00416249 14 0.00416249 
513 375 0.0330591 14 0.0330591 
371 385 0.0138414 14 0.0138414 
92 233 0.0330591 14 0.0330591 
223 241 0.00416249 14 0.00416249 
363 348 0.00694471 14 0.00694471 
187 386 0.000730488 14 0.000730488 
452 251 0.0204089 14 0.0204089 
408 209 0.000425141 14 0.000425141 
478 219 0.00591739 14 0.00591739 
139 365 0.000416509 14 0.000416509 
228 218 0.0177785 14 0.0177785 
372 276 0.0236695 14 0.0236695 
47 367 0.000580658 14 0.000580658 
380 302 0.0330591 14 0.0330591 
169 398 0.00189043 14 0.00189043 
493 273 0.0236695 14 0.0236695 
92 241 0.00277019 14 0.00277019 
201 259 0.0123462 14 0.0123462 
242 392 0.0138414 14 0.0138414 
533 453 0.0123462 14 0.0123462 
63 313 0.0330591 14 0.0330591 
377 313 0.00153793 14 0.00153793 
281 342 0.00216341 14 0.00216341 
343 410 0.0204089 14 0.0204089 
154 337 0.0110808 13 0.0110808 
520 302 0.0236695 13 0.0236695 
115 411 0.0138414 13 0.0138414 
371 323 0.000580658 13 0.000580658 
330 404 0.0330591 13 0.0330591 
235 207 0.000640948 13 0.000640948 
88 289 0.0138414 13 0.0138414 
271 343 0.00114914 13 0.00114914 
74 247 0.00292195 13 0.00292195 
281 250 0.00475643 13 0.00475643 
284 278 0.00826478 13 0.00826478 
161 254 0.0236695 13 0.0236695 
497 244 0.00416249 13 0.00416249 
462 407 0.0156256 13 0.0156256 
548 442 0.00907064 13 0.00907064 
349 237 0.00166604 13 0.00166604 
47 245 0.00137179 13 0.00137179 
76 286 0.000674676 13 0.000674676 
317 254 0.00416249 13 0.00416249 
436 336 0.0110808 13 0.0110808 
94 271 0.00907064 13 0.00907064 
265 312 0.00104062 13 0.00104062 
459 329 0.00237963 13 0.00237963 
154 212 0.000730488 13 0.000730488 
330 295 0.0330591 13 0.0330591 
129 403 0.00694471 13 0.00694471 
177 312 0.00756173 13 0.00756173 
289 185 0.00262995 13 0.00262995 
255 280 0.00640025 13 0.00640025 
53 216 0.0110808 13 0.0110808 
83 280 0.00444461 13 0.00444461 
196 407 0.00111115 13 0.00111115 
599 404 0.00907064 13 0.00907064 
140 299 0.000313271 13 0.000313271 
132 331 0.00694471 13 0.00694471 
78 274 0.0330591 13 0.0330591 
427 284 0.00548718 13 0.00548718 
330 211 0.00694471 13 0.00694471 
443 364 0.00326543 13 0.00326543 
173 373 0.00160006 13 0.00160006 
45 358 0.00308654 13 0.00308654 
497 394 0.00114914 13 0.00114914 
192 418 0.0236695 13 0.0236695 
93 249 0.00591739 13 0.00591739 
94 240 0.00694471 13 0.00694471 
563 332 0.0277788 13 0.0277788 
439 294 0.000750639 13 0.000750639 
201 314 0.00694471 13 0.00694471 
253 249 0.0138414 13 0.0138414 
249 312 0.00308654 13 0.00308654 
284 248 0.0138414 13 0.0138414 
271 308 0.00044323 13 0.00044323 
412 422 0.000711138 13 0.000711138 
87 417 0.000516549 13 0.000516549 
188 317 0.000425141 13 0.000425141 
38 219 0.00907064 13 0.00907064 
31 251 0.0025001 13 0.0025001 
148 394 0.00153793 13 0.00153793 
511 398 0.00591739 13 0.00591739 
323 399 0.00694471 13 0.00694471 
79 384 0.0277788 13 0.0277788 
366 252 0.000173137 13 0.000173137 
568 417 0.00142405 13 0.00142405 
217 212 0.00907064 13 0.00907064 
321 355 0.000143431 13 0.000143431 
226 347 0.00226766 13 0.00226766 
362 350 0.0177785 13 0.0177785 
301 211 0.00206619 13 0.00206619 
336 430 0.00444461 13 0.00444461 
116 330 0.00153793 13 0.00153793 
373 436 0.0277788 13 0.0277788 
527 230 0.00197538 13 0.00197538 
117 266 0.0138414 13 0.0138414 
113 406 0.0330591 13 0.0330591 
486 344 0.000170881 13 0.000170881 
289 335 0.000750639 13 0.000750639 
261 259 0.0277788 13 0.0277788 
337 256 0.000342949 13 0.000342949 
507 254 0.0277788 13 0.0277788 
596 305 0.00444461 12 0.00444461 
466 322 0.00475643 12 0.00475643 
607 390 0.0138414 12 0.0138414 
191 356 0.000771635 12 0.000771635 
130 423 0.0100004 12 0.0100004 
383 352 0.000891101 12 0.000891101 
322 376 0.0156256 12 0.0156256 
65 312 0.000528492 12 0.000528492 
396 353 0.0012312 12 0.0012312 
103 255 0.00367324 12 0.00367324 
357 300 0.0330591 12 0.0330591 
78 260 0.00907064 12 0.00907064 
355 304 0.0236695 12 0.0236695 
495 328 0.00548718 12 0.00548718 
326 181 0.00346034 12 0.00346034 
239 383 0.0277788 12 0.0277788 
540 431 0.00510224 12 0.00510224 
126 270 0.0156256 12 0.0156256 
271 219 0.0156256 12 0.0156256 
136 235 0.0156256 12 0.0156256 
418 220 0.0204089 12 0.0204089 
474 340 0.0025001 12 0.0025001 
160 420 0.0277788 12 0.0277788 
94 309 0.00826478 12 0.00826478 
55 415 0.00262995 12 0.00262995 
497 319 0.00189043 12 0.00189043 
309 349 0.000119447 12 0.000119447 
144 395 0.00160006 12 0.00160006 
174 213 0.00216341 12 0.00216341 
99 322 0.000566915 12 0.000566915 
434 438 0.00416249 12 0.00416249 
375 300 0.00548718 12 0.00548718 
191 344 0.0025001 12 0.0025001 
430 291 0.0204089 12 0.0204089 
344 203 0.0236695 12 0.0236695 
491 201 0.0236695 12 0.0236695 
183 316 0.0236695 12 0.0236695 
589 145 0.0204089 12 0.0204089 
440 375 0.00173618 12 0.00173618 
460 296 0.00694471 12 0.00694471 
111 318 0.0204089 12 0.0204089 
574 457 0.0177785 12 0.0177785 
213 431 0.00326543 12 0.00326543 
397 322 0.0177785 12 0.0177785 
496 439 0.00173618 12 0.00173618 
163 313 0.0138414 12 0.0138414 
528 395 0.0204089 12 0.0204089 
495 221 0.00262995 12 0.00262995 
550 416 0.0177785 12 0.0177785 
154 438 0.0025001 12 0.0025001 
493 252 0.0123462 12 0.0123462 
441 392 0.0204089 12 0.0204089 
310 382 0.00694471 12 0.00694471 
406 337 0.00548718 12 0.00548718 
313 213 0.000400015 12 0.000400015 
393 389 0.00206619 12 0.00206619 
213 305 0.0277788 12 0.0277788 
447 327 0.00262995 12 0.00262995 
154 299 0.00277019 12 0.00277019 
173 224 0.00548718 12 0.00548718 
132 231 0.0236695 12 0.0236695 
118 251 0.00591739 12 0.00591739 
553 305 0.000369837 12 0.000369837 
376 339 0.00346034 12 0.00346034 
495 452 0.00694471 12 0.00694471 
247 366 0.000201205 12 0.000201205 
519 393 0.0330591 12 0.0330591 
298 440 0.00826478 12 0.00826478 
471 334 0.0236695 12 0.0236695 
514 338 0.0156256 12 0.0156256 
79 361 0.0156256 12 0.0156256 
380 248 0.00475643 12 0.00475643 
90 370 0.000236695 12 0.000236695 
456 400 0.0100004 12 0.0100004 
355 295 0.00475643 12 0.00475643 
474 249 0.0177785 12 0.0177785 
459 240 0.0236695 11 0.0236695 
227 292 0.00197538 11 0.00197538 
479 236 0.0236695 11 0.0236695 
214 209 0.0204089 11 0.0204089 
237 236 0.000816358 11 0.000816358 
513 378 0.0330591 11 0.0330591 
329 386 0.00216341 11 0.00216341 
305 376 0.00444461 11 0.00444461 
63 254 0.00262995 11 0.00262995 
60 305 0.00326543 11 0.00326543 
112 434 0.0204089 11 0.0204089 
111 203 0.00416249 11 0.00416249 
472 319 0.00756173 11 0.00756173 
390 352 0.0110808 11 0.0110808 
448 228 0.00367324 11 0.00367324 
358 308 0.00166604 11 0.00166604 
417 331 0.00826478 11 0.00826478 
277 308 0.00826478 11 0.00826478 
570 387 0.00181084 11 0.00181084 
460 220 0.0236695 11 0.0236695 
471 191 0.0123462 11 0.0123462 
489 333 0.00189043 11 0.00189043 
488 254 0.00475643 11 0.00475643 
65 226 0.0100004 11 0.0100004 
392 241 0.00907064 11 0.00907064 
592 80 0.0236695 11 0.0236695 
261 310 0.000692547 11 0.000692547 
499 266 0.00475643 11 0.00475643 
396 233 0.0236695 11 0.0236695 
491 316 0.00153793 11 0.00153793 
392 322 0.000946782 11 0.000946782 
288 395 0.000609687 11 0.000609687 
490 224 0.00181084 11 0.00181084 
381 305 0.0236695 11 0.0236695 
486 368 0.000143431 11 0.000143431 
263 392 0.0177785 11 0.0177785 
406 237 0.00510224 11 0.00510224 
274 235 0.0277788 11 0.0277788 
63 368 0.00694471 11 0.00694471 
111 246 0.0138414 11 0.0138414 
305 196 0.0110808 11 0.0110808 
438 421 0.00444461 11 0.00444461 
105 386 0.00416249 11 0.00416249 
521 300 0.0138414 11 0.0138414 
298 161 0.0330591 11 0.0330591 
292 237 0.0204089 11 0.0204089 
174 395 0.0177785 11 0.0177785 
310 340 0.00510224 11 0.00510224 
481 379 0.00132236 11 0.00132236 
533 237 0.000840192 11 0.000840192 
218 338 0.00510224 11 0.00510224 
206 350 0.0236695 11 0.0236695 
225 370 0.000222775 11 0.000222775 
161 383 0.0277788 11 0.0277788 
290 216 0.00189043 11 0.00189043 
384 399 0.00107502 11 0.00107502 
43 431 0.0177785 11 0.0177785 
110 315 0.0277788 11 0.0277788 
328 256 0.0204089 11 0.0204089 
171 350 0.00262995 11 0.00262995 
558 384 0.00346034 11 0.00346034 
76 334 0.0204089 11 0.0204089 
181 379 0.00100785 11 0.00100785 
525 318 0.000625024 11 0.000625024 
223 251 0.00640025 11 0.00640025 
262 264 0.00206619 11 0.00206619 
521 236 0.00308654 11 0.00308654 
515 249 0.0156256 11 0.0156256 
241 420 0.0123462 11 0.0123462 
481 418 0.0277788 11 0.0277788 
82 243 0.000771635 11 0.000771635 
580 231 0.00114914 11 0.00114914 
509 346 0.0138414 11 0.0138414 
550 230 0.0177785 11 0.0177785 
57 373 0.0204089 11 0.0204089 
511 248 0.00907064 11 0.00907064 
475 453 0.0100004 11 0.0100004 
166 355 0.0330591 11 0.0330591 
489 444 0.00292195 11 0.00292195 
196 371 0.0138414 11 0.0138414 
44 221 0.0204089 11 0.0204089 
188 433 0.00694471 11 0.00694471 
456 209 0.0110808 11 0.0110808 
113 341 0.000110808 11 0.000110808 
281 368 0.00173618 11 0.00173618 
80 283 0.0330591 11 0.0330591 
380 340 0.00475643 11 0.00475643 
474 233 0.0110808 11 0.0110808 
515 287 0.00640025 11 0.00640025 
294 214 0.00756173 11 0.00756173 
115 429 0.00694471 11 0.00694471 
325 351 0.000113178 11 0.000113178 
345 284 0.00226766 11 0.00226766 
200 261 0.0110808 11 0.0110808 
143 325 0.00640025 11 0.00640025 
36 428 0.00756173 10 0.00756173 
296 217 0.000505006 10 0.000505006 
285 183 0.0330591 10 0.0330591 
249 187 0.000625024 10 0.000625024 
283 249 0.0025001 10 0.0025001 
288 392 0.00114914 10 0.00114914 
119 423 0.0277788 10 0.0277788 
446 241 0.0330591 10 0.0330591 
413 420 0.00114914 10 0.00114914 
551 288 0.00326543 10 0.00326543 
281 211 0.00292195 10 0.00292195 
228 283 0.00826478 10 0.00826478 
534 396 0.000282477 10 0.000282477 
136 246 0.00367324 10 0.00367324 
402 234 0.0204089 10 0.0204089 
165 388 0.0123462 10 0.0123462 
607 144 0.0177785 10 0.0177785 
218 170 0.00160006 10 0.00160006 
12 384 0.0123462 10 0.0123462 
188 216 0.0138414 10 0.0138414 
312 209 0.0330591 10 0.0330591 
488 227 0.0100004 10 0.0100004 
534 230 0.00189043 10 0.00189043 
62 351 0.0100004 10 0.0100004 
440 234 0.00826478 10 0.00826478 
91 335 0.0204089 10 0.0204089 
139 242 0.000750639 10 0.000750639 
490 344 0.00756173 10 0.00756173 
29 258 0.0039064 10 0.0039064 
49 342 0.00367324 10 0.00367324 
480 383 0.00475643 10 0.00475643 
600 449 0.00444461 10 0.00444461 
346 212 0.0330591 10 0.0330591 
398 349 0.0277788 10 0.0277788 
468 339 0.000356012 10 0.000356012 
451 288 0.00277019 10 0.00277019 
285 335 0.000416509 10 0.000416509 
297 231 0.00591739 10 0.00591739 
112 325 0.0236695 10 0.0236695 
431 441 0.00591739 10 0.00591739 
202 251 0.00907064 10 0.00907064 
115 350 0.00826478 10 0.00826478 
95 240 0.000170881 10 0.000170881 
503 421 0.000692547 10 0.000692547 
34 380 0.00132236 10 0.00132236 
240 254 0.0236695 10 0.0236695 
118 404 0.00416249 10 0.00416249 
293 443 0.0204089 10 0.0204089 
489 338 0.000277788 10 0.000277788 
83 285 0.00308654 10 0.00308654 
150 394 0.00416249 10 0.00416249 
492 324 0.0012312 10 0.0012312 
288 354 0.00104062 10 0.00104062 
87 318 0.0236695 10 0.0236695 
357 188 0.00694471 10 0.00694471 
90 348 0.00907064 10 0.00907064 
86 316 0.0156256 10 0.0156256 
81 351 0.00206619 10 0.00206619 
280 252 0.0138414 10 0.0138414 
32 317 0.00640025 10 0.00640025 
80 320 0.0123462 10 0.0123462 
506 190 0.00694471 10 0.00694471 
130 250 0.0156256 10 0.0156256 
330 318 0.0138414 10 0.0138414 
277 390 0.000195616 10 0.000195616 
358 248 0.0156256 10 0.0156256 
241 242 0.00756173 10 0.00756173 
273 312 0.0156256 10 0.0156256 
295 405 0.0039064 10 0.0039064 
187 240 0.0236695 10 0.0236695 
278 313 0.000408137 10 0.000408137 
392 382 0.00181084 10 0.00181084 
311 216 0.00206619 10 0.00206619 
436 389 0.00206619 10 0.00206619 
321 400 0.0277788 10 0.0277788 
312 314 0.000580658 10 0.000580658 
221 228 0.0236695 10 0.0236695 
561 230 0.0277788 10 0.0277788 
8 254 0.0277788 10 0.0277788 
171 355 0.000349389 10 0.000349389 
591 441 0.0330591 10 0.0330591 
80 318 0.00591739 10 0.00591739 
99 274 0.0156256 10 0.0156256 
470 340 0.00114914 10 0.00114914 
230 281 0.0123462 10 0.0123462 
114 346 0.000384482 10 0.000384482 
236 350 0.00189043 10 0.00189043 
563 316 0.0236695 10 0.0236695 
150 268 0.000307799 10 0.000307799 
177 206 0.000400015 10 0.000400015 
466 252 0.00308654 10 0.00308654 
418 353 0.00308654 10 0.00308654 
185 238 0.00142405 10 0.00142405 
541 245 0.0277788 10 0.0277788 
483 318 0.00510224 10 0.00510224 
305 336 0.00181084 10 0.00181084 
109 366 0.0009766 10 0.0009766 
262 271 0.00548718 9 0.00548718 
512 345 0.000580658 9 0.000580658 
35 444 0.0177785 9 0.0177785 
535 346 0.000580658 9 0.000580658 
452 412 0.000750639 9 0.000750639 
76 377 0.000324661 9 0.000324661 
503 214 0.00591739 9 0.00591739 
322 261 0.0123462 9 0.0123462 
333 291 0.0277788 9 0.0277788 
488 385 0.00206619 9 0.00206619 
249 409 0.0236695 9 0.0236695 
600 359 0.0177785 9 0.0177785 
375 378 0.00591739 9 0.00591739 
262 341 0.00226766 9 0.00226766 
460 296 0.0204089 9 0.0204089 
494 292 0.00346034 9 0.00346034 
353 406 0.0277788 9 0.0277788 
363 407 0.00044323 9 0.00044323 
87 313 0.0204089 9 0.0204089 
549 410 0.00044323 9 0.00044323 
186 164 0.0330591 9 0.0330591 
321 228 0.0025001 9 0.0025001 
137 261 0.00826478 9 0.00826478 
319 305 0.00510224 9 0.00510224 
442 334 0.0277788 9 0.0277788 
588 297 0.00907064 9 0.00907064 
339 252 0.000307799 9 0.000307799 
377 418 0.0236695 9 0.0236695 
441 335 0.00510224 9 0.00510224 
453 367 0.0123462 9 0.0123462 
118 287 0.00308654 9 0.00308654 
127 259 0.00181084 9 0.00181084 
323 416 0.0177785 9 0.0177785 
586 233 0.0138414 9 0.0138414 
80 412 0.00444461 9 0.00444461 
326 342 0.00444461 9 0.00444461 
419 297 0.00367324 9 0.00367324 
359 206 0.0123462 9 0.0123462 
153 258 0.00907064 9 0.00907064 
253 347 0.000297277 9 0.000297277 
463 334 0.0123462 9 0.0123462 
374 247 0.00416249 9 0.00416249 
553 218 0.0123462 9 0.0123462 
380 307 0.000528492 9 0.000528492 
114 428 0.0156256 9 0.0156256 
402 283 0.00114914 9 0.00114914 
354 301 0.00694471 9 0.00694471 
312 315 0.00694471 9 0.00694471 
55 364 0.00142405 9 0.00142405 
463 199 0.0236695 9 0.0236695 
75 293 0.00147935 9 0.00147935 
200 339 0.00137179 9 0.00137179 
250 443 0.0138414 9 0.0138414 
392 253 0.0100004 9 0.0100004 
239 241 0.0236695 9 0.0236695 
267 275 0.000282477 9 0.000282477 
114 277 0.00111115 9 0.00111115 
384 314 0.00756173 9 0.00756173 
517 402 0.00142405 9 0.00142405 
480 351 0.000674676 9 0.000674676 
305 192 0.0204089 9 0.0204089 
144 353 0.00640025 9 0.00640025 
92 247 0.0277788 9 0.0277788 
413 362 0.00475643 9 0.00475643 
312 229 0.000750639 9 0.000750639 
86 248 0.00640025 9 0.00640025 
346 223 0.0277788 9 0.0277788 
158 360 0.00166604 9 0.00166604 
381 299 0.0236695 9 0.0236695 
69 203 0.00367324 9 0.00367324 
167 216 0.0277788 9 0.0277788 
543 211 0.0277788 9 0.0277788 
358 241 0.0123462 9 0.0123462 
579 425 0.000840192 9 0.000840192 
558 221 0.00756173 9 0.00756173 
356 400 0.000349389 9 0.000349389 
597 156 0.00326543 9 0.00326543 
518 234 0.00044323 9 0.00044323 
554 226 0.0204089 9 0.0204089 
98 290 0.000730488 9 0.000730488 
256 329 0.000483052 9 0.000483052 
86 324 0.0330591 9 0.0330591 
171 394 0.0110808 8 0.0110808 
387 301 0.0204089 8 0.0204089 
553 256 0.000330591 8 0.000330591 
319 434 0.0110808 8 0.0110808 
212 182 0.00127556 8 0.00127556 
398 443 0.00206619 8 0.00206619 
211 411 0.00694471 8 0.00694471 
185 194 0.0123462 8 0.0123462 
52 350 0.0110808 8 0.0110808 
303 211 0.0123462 8 0.0123462 
194 325 0.00160006 8 0.00160006 
245 277 0.00444461 8 0.00444461 
343 300 0.0110808 8 0.0110808 
184 427 0.0177785 8 0.0177785 
460 316 0.0123462 8 0.0123462 
34 390 0.00367324 8 0.00367324 
245 426 0.0123462 8 0.0123462 
120 354 0.00216341 8 0.00216341 
351 261 0.0177785 8 0.0177785 
488 373 0.00206619 8 0.00206619 
87 247 0.0236695 8 0.0236695 
145 282 0.000452711 8 0.000452711 
147 337 0.000384482 8 0.000384482 
31 331 0.0277788 8 0.0277788 
581 289 0.00308654 8 0.00308654 
321 391 0.0277788 8 0.0277788 
472 415 0.0330591 8 0.0330591 
42 416 0.0330591 8 0.0330591 
327 294 0.0156256 8 0.0156256 
101 199 0.0156256 8 0.0156256 
70 215 0.00907064 8 0.00907064 
116 238 0.0204089 8 0.0204089 
348 213 0.0204089 8 0.0204089 
185 263 0.00591739 8 0.00591739 
235 377 0.000264403 8 0.000264403 
527 212 0.00416249 8 0.00416249 
207 384 0.00226766 8 0.00226766 
540 213 0.0156256 8 0.0156256 
384 422 0.00118911 8 0.00118911 
585 346 0.00189043 8 0.00189043 
103 237 0.00907064 8 0.00907064 
552 420 0.0012312 8 0.0012312 
577 342 0.00114914 8 0.00114914 
273 238 0.00308654 8 0.00308654 
232 378 0.0236695 8 0.0236695 
486 267 0.00756173 8 0.00756173 
198 343 0.00591739 8 0.00591739 
321 226 0.000566915 8 0.000566915 
94 382 0.0138414 8 0.0138414 
487 297 0.0204089 8 0.0204089 
255 228 0.00826478 8 0.00826478 
393 291 0.00127556 8 0.00127556 
404 390 0.00548718 8 0.00548718 
322 211 0.0330591 8 0.0330591 
251 269 0.00416249 8 0.00416249 
553 437 0.00153793 8 0.00153793 
123 291 0.000840192 8 0.000840192 
498 226 0.00189043 8 0.00189043 
248 403 0.0138414 8 0.0138414 
487 298 0.00756173 8 0.00756173 
470 238 0.0330591 8 0.0330591 
18 369 0.00826478 8 0.00826478 
397 386 0.00262995 8 0.00262995 
603 395 0.00907064 8 0.00907064 
511 342 0.000175438 8 0.000175438 
99 390 0.00907064 8 0.00907064 
414 224 0.000750639 8 0.000750639 
101 360 0.00907064 8 0.00907064 
524 367 0.000138414 8 0.000138414 
211 182 0.00262995 8 0.00262995 
360 299 0.00475643 8 0.00475643 
239 258 0.00416249 8 0.00416249 
29 198 0.0204089 8 0.0204089 
351 345 0.00907064 8 0.00907064 
496 291 0.00292195 7 0.00292195 
170 272 0.00591739 7 0.00591739 
345 412 0.00262995 7 0.00262995 
299 199 0.0177785 7 0.0177785 
513 419 0.0177785 7 0.0177785 
544 239 0.000282477 7 0.000282477 
92 255 0.0138414 7 0.0138414 
351 301 0.0277788 7 0.0277788 
462 297 0.0277788 7 0.0277788 
542 363 0.000207037 7 0.000207037 
248 398 0.0138414 7 0.0138414 
66 389 0.00346034 7 0.00346034 
234 295 0.00153793 7 0.00153793 
77 347 0.00907064 7 0.00907064 
322 207 0.00694471 7 0.00694471 
242 405 0.00510224 7 0.00510224 
44 364 0.0156256 7 0.0156256 
383 373 0.00694471 7 0.00694471 
487 278 0.0025001 7 0.0025001 
22 402 0.00416249 7 0.00416249 
431 333 0.00308654 7 0.00308654 
340 345 0.0025001 7 0.0025001 
256 345 0.000219487 7 0.000219487 
48 226 0.0123462 7 0.0123462 
449 449 0.0236695 7 0.0236695 
82 322 0.0177785 7 0.0177785 
194 371 0.0123462 7 0.0123462 
542 235 0.0138414 7 0.0138414 
172 353 0.00237963 7 0.00237963 
268 238 0.0138414 7 0.0138414 
391 284 0.00216341 7 0.00216341 
367 353 0.0177785 7 0.0177785 
114 357 0.00153793 7 0.00153793 
191 342 0.00142405 7 0.00142405 
232 403 0.0277788 7 0.0277788 
193 328 0.00326543 7 0.00326543 
315 319 0.0110808 7 0.0110808 
446 331 0.0110808 7 0.0110808 
271 351 0.00114914 7 0.00114914 
294 223 0.00907064 7 0.00907064 
368 290 0.0138414 7 0.0138414 
190 216 0.0177785 7 0.0177785 
279 234 0.00237963 7 0.00237963 
299 226 0.0100004 7 0.0100004 
568 452 0.00826478 7 0.00826478 
199 364 0.00475643 7 0.00475643 
94 340 0.00826478 7 0.00826478 
433 347 0.00111115 7 0.00111115 
557 296 0.00694471 7 0.00694471 
564 329 0.0330591 7 0.0330591 
310 293 0.00153793 7 0.00153793 
564 326 0.0330591 7 0.0330591 
446 315 0.0123462 7 0.0123462 
200 372 0.000175438 7 0.000175438 
369 332 0.0236695 7 0.0236695 
501 254 0.0204089 7 0.0204089 
133 215 0.000793524 7 0.000793524 
397 391 0.00127556 7 0.00127556 
570 377 0.00127556 7 0.00127556 
381 314 0.000287285 7 0.000287285 
122 228 0.00189043 7 0.00189043 
473 378 0.000236695 7 0.000236695 
59 215 0.0330591 7 0.0330591 
18 210 0.0330591 7 0.0330591 
326 352 0.00444461 7 0.00444461 
349 218 0.0177785 7 0.0177785 
331 252 0.0277788 7 0.0277788 
316 426 0.00510224 7 0.00510224 
407 309 0.000553654 7 0.000553654 
217 417 0.0236695 7 0.0236695 
182 421 0.0204089 7 0.0204089 
509 262 0.000336685 7 0.000336685 
120 425 0.0138414 7 0.0138414 
100 328 0.0009766 7 0.0009766 
540 226 0.0177785 7 0.0177785 
491 401 0.00173618 7 0.00173618 
296 161 0.0236695 7 0.0236695 
457 217 0.0110808 7 0.0110808 
499 377 0.000400015 7 0.000400015 
97 258 0.00262995 7 0.00262995 
140 401 0.0204089 7 0.0204089 
343 349 0.00181084 7 0.00181084 
363 341 0.00756173 7 0.00756173 
172 258 0.0156256 7 0.0156256 
383 396 0.0204089 7 0.0204089 
425 324 0.00640025 7 0.00640025 
207 208 0.00153793 7 0.00153793 
176 314 0.00694471 7 0.00694471 
242 259 0.00147935 7 0.00147935 
102 446 0.0138414 7 0.0138414 
130 248 0.00416249 7 0.00416249 
178 238 0.0156256 7 0.0156256 
296 313 0.0110808 7 0.0110808 
304 174 0.0138414 6 0.0138414 
111 207 0.0138414 6 0.0138414 
156 344 0.00100785 6 0.00100785 
284 212 0.0236695 6 0.0236695 
80 323 0.0236695 6 0.0236695 
454 335 0.00147935 6 0.00147935 
171 261 0.0236695 6 0.0236695 
50 248 0.0236695 6 0.0236695 
146 335 0.00826478 6 0.00826478 
208 230 0.0236695 6 0.0236695 
144 228 0.0236695 6 0.0236695 
136 329 0.0123462 6 0.0123462 
323 216 0.0138414 6 0.0138414 
339 361 0.000553654 6 0.000553654 
296 192 0.00147935 6 0.00147935 
103 296 0.00216341 6 0.00216341 
477 342 0.00694471 6 0.00694471 
51 335 0.00226766 6 0.00226766 
285 345 0.00548718 6 0.00548718 
100 303 0.000133655 6 0.000133655 
232 233 0.00826478 6 0.00826478 
138 424 0.0110808 6 0.0110808 
489 259 0.00640025 6 0.00640025 
243 339 0.000472608 6 0.000472608 
302 220 0.0110808 6 0.0110808 
278 167 0.0277788 6 0.0277788 
178 245 0.000182622 6 0.000182622 
165 247 0.0156256 6 0.0156256 
326 293 0.0110808 6 0.0110808 
213 259 0.00907064 6 0.00907064 
259 280 0.00237963 6 0.00237963 
410 319 0.0110808 6 0.0110808 
478 431 0.00640025 6 0.00640025 
174 205 0.0156256 6 0.0156256 
352 425 0.0330591 6 0.0330591 
204 349 0.000126252 6 0.000126252 
203 258 0.00326543 6 0.00326543 
200 168 0.00416249 6 0.00416249 
476 261 0.0100004 6 0.0100004 
186 341 0.0330591 6 0.0330591 
63 309 0.000793524 6 0.000793524 
564 322 0.0330591 6 0.0330591 
74 286 0.000483052 6 0.000483052 
45 373 0.00326543 6 0.00326543 
352 233 0.0330591 6 0.0330591 
12 368 0.0100004 6 0.0100004 
56 206 0.0330591 6 0.0330591 
85 203 0.00107502 6 0.00107502 
434 328 0.0177785 6 0.0177785 
196 327 0.0009766 6 0.0009766 
333 401 0.0156256 6 0.0156256 
523 396 0.0156256 6 0.0156256 
295 244 0.000292217 6 0.000292217 
203 410 0.00308654 6 0.00308654 
214 259 0.0009766 6 0.0009766 
282 331 0.00025601 6 0.00025601 
135 360 0.0156256 6 0.0156256 
132 442 0.00694471 6 0.00694471 
227 341 0.0156256 6 0.0156256 
469 296 0.0177785 6 0.0177785 
20 341 0.00416249 6 0.00416249 
348 348 0.00010739 6 0.00010739 
328 212 0.0177785 6 0.0177785 
183 306 0.00907064 6 0.00907064 
515 346 0.0177785 6 0.0177785 
95 210 0.000540854 6 0.000540854 
462 294 0.00206619 6 0.00206619 
456 403 0.000516549 6 0.000516549 
371 306 0.00100785 6 0.00100785 
563 320 0.000516549 6 0.000516549 
337 229 0.0277788 6 0.0277788 
423 227 0.0277788 6 0.0277788 
511 215 0.0277788 6 0.0277788 
139 251 0.00640025 6 0.00640025 
346 371 0.000162285 6 0.000162285 
170 431 0.0138414 6 0.0138414 
595 264 0.00510224 6 0.00510224 
329 251 0.00277019 6 0.00277019 
140 259 0.0138414 6 0.0138414 
81 207 0.00142405 6 0.00142405 
121 356 0.0039064 6 0.0039064 
300 243 0.0123462 6 0.0123462 
240 391 0.0039064 6 0.0039064 
268 233 0.0123462 6 0.0123462 
478 352 0.00142405 6 0.00142405 
94 208 0.0123462 6 0.0123462 
183 313 0.00756173 6 0.00756173 
120 325 0.0236695 6 0.0236695 
588 438 0.0138414 6 0.0138414 
377 378 0.0204089 6 0.0204089 
265 289 0.00262995 6 0.00262995 
384 358 0.00475643 6 0.00475643 
165 361 0.00475643 6 0.00475643 
143 382 0.000840192 6 0.000840192 
375 320 0.0204089 6 0.0204089 
262 287 0.0204089 6 0.0204089 
373 294 0.0204089 6 0.0204089 
478 296 0.0204089 6 0.0204089 
347 328 0.0236695 6 0.0236695 
140 391 0.0177785 5 0.0177785 
367 304 0.000336685 5 0.000336685 
184 359 0.000297277 5 0.000297277 
584 285 0.0110808 5 0.0110808 
233 248 0.00308654 5 0.00308654 
98 302 0.000462499 5 0.000462499 
585 256 0.00292195 5 0.00292195 
407 231 0.000302469 5 0.000302469 
517 226 0.00114914 5 0.00114914 
74 350 0.00237963 5 0.00237963 
272 249 0.00826478 5 0.00826478 
587 418 0.0123462 5 0.0123462 
84 357 0.000594907 5 0.000594907 
371 282 0.0236695 5 0.0236695 
64 263 0.00292195 5 0.00292195 
521 448 0.00444461 5 0.00444461 
474 338 0.0110808 5 0.0110808 
323 413 0.000730488 5 0.000730488 
355 274 0.00308654 5 0.00308654 
112 367 0.0156256 5 0.0156256 
396 307 0.00262995 5 0.00262995 
301 235 0.0204089 5 0.0204089 
606 166 0.0177785 5 0.0177785 
476 245 0.0025001 5 0.0025001 
279 359 0.00206619 5 0.00206619 
565 351 0.0204089 5 0.0204089 
304 204 0.00346034 5 0.00346034 
336 236 0.0277788 5 0.0277788 
462 420 0.00114914 5 0.00114914 
303 396 0.0123462 5 0.0123462 
369 420 0.00346034 5 0.00346034 
83 226 0.0277788 5 0.0277788 
69 278 0.00475643 5 0.00475643 
262 368 0.0177785 5 0.0177785 
238 332 0.000282477 5 0.000282477 
203 233 0.000640948 5 0.000640948 
522 198 0.0138414 5 0.0138414 
107 327 0.000452711 5 0.000452711 
427 247 0.00262995 5 0.00262995 
477 203 0.0138414 5 0.0138414 
118 363 0.000170881 5 0.000170881 
75 387 0.0123462 5 0.0123462 
398 378 0.00694471 5 0.00694471 
135 319 0.000730488 5 0.000730488 
70 408 0.0204089 5 0.0204089 
361 262 0.0156256 5 0.0156256 
226 220 0.0123462 5 0.0123462 
505 326 0.0039064 5 0.0039064 
430 391 0.00510224 5 0.00510224 
120 260 0.0110808 5 0.0110808 
393 396 0.0204089 5 0.0204089 
69 213 0.00025601 5 0.00025601 
330 231 0.00694471 5 0.00694471 
113 367 0.00826478 5 0.00826478 
599 238 0.0204089 5 0.0204089 
390 400 0.00907064 5 0.00907064 
95 353 0.00416249 5 0.00416249 
221 269 0.0330591 5 0.0330591 
259 350 0.000330591 5 0.000330591 
135 351 0.0156256 5 0.0156256 
306 204 0.00756173 5 0.00756173 
13 248 0.0330591 5 0.0330591 
570 410 0.00197538 5 0.00197538 
466 429 0.000946782 5 0.000946782 
371 393 0.000609687 5 0.000609687 
101 228 0.0330591 5 0.0330591 
287 404 0.000287285 5 0.000287285 
355 296 0.0177785 5 0.0177785 
529 211 0.0330591 5 0.0330591 
80 357 0.000342949 5 0.000342949 
377 439 0.00475643 5 0.00475643 
127 325 0.0123462 5 0.0123462 
63 209 0.00756173 5 0.00756173 
532 370 0.000251962 5 0.000251962 
353 310 0.00132236 5 0.00132236 
379 343 0.0277788 5 0.0277788 
286 193 0.0330591 5 0.0330591 
357 207 0.000400015 5 0.000400015 
289 325 0.0236695 5 0.0236695 
580 239 0.00510224 5 0.00510224 
229 316 0.0138414 5 0.0138414 
193 396 0.00826478 5 0.00826478 
596 357 0.0123462 5 0.0123462 
112 341 0.00826478 5 0.00826478 
197 250 0.00591739 5 0.00591739 
144 224 0.00137179 5 0.00137179 
181 241 0.0123462 5 0.0123462 
185 399 0.00826478 5 0.00826478 
219 411 0.0330591 5 0.0330591 
74 226 0.0100004 5 0.0100004 
93 390 0.000336685 5 0.000336685 
423 282 0.00132236 5 0.00132236 
397 336 0.00694471 5 0.00694471 
266 229 0.0100004 5 0.0100004 
505 243 0.00216341 5 0.00216341 
503 255 0.000425141 5 0.000425141 
47 366 0.0330591 5 0.0330591 
465 218 0.000730488 5 0.000730488 
526 336 0.000198381 5 0.000198381 
38 343 0.00189043 5 0.00189043 
290 164 0.00416249 5 0.00416249 
353 258 0.00591739 5 0.00591739 
191 337 0.00262995 5 0.00262995 
242 235 0.0100004 5 0.0100004 
373 354 0.00118911 4 0.00118911 
249 383 0.0138414 4 0.0138414 
359 414 0.000516549 4 0.000516549 
232 410 0.0277788 4 0.0277788 
288 328 0.00160006 4 0.00160006 
399 306 0.00142405 4 0.00142405 
53 279 0.00591739 4 0.00591739 
139 405 0.0204089 4 0.0204089 
437 446 0.0123462 4 0.0123462 
237 186 0.000400015 4 0.000400015 
498 275 0.00024415 4 0.00024415 
518 211 0.00756173 4 0.00756173 
157 193 0.00166604 4 0.00166604 
400 264 0.00181084 4 0.00181084 
106 316 0.000168669 4 0.000168669 
43 332 0.0177785 4 0.0177785 
318 337 0.0177785 4 0.0177785 
385 372 0.0177785 4 0.0177785 
355 395 0.00132236 4 0.00132236 
327 225 0.00346034 4 0.00346034 
387 345 0.00237963 4 0.00237963 
395 452 0.0277788 4 0.0277788 
95 243 0.00308654 4 0.00308654 
223 372 0.00153793 4 0.00153793 
382 354 0.00153793 4 0.00153793 
132 276 0.000566915 4 0.000566915 
372 207 0.00137179 4 0.00137179 
328 222 0.0204089 4 0.0204089 
277 240 0.00367324 4 0.00367324 
435 299 0.000625024 4 0.000625024 
300 437 0.0110808 4 0.0110808 
311 213 0.00907064 4 0.00907064 
516 210 0.00907064 4 0.00907064 
136 186 0.0100004 4 0.0100004 
94 212 0.0100004 4 0.0100004 
177 221 0.000127682 4 0.000127682 
173 309 0.000362826 4 0.000362826 
151 234 0.000594907 4 0.000594907 
529 230 0.00031889 4 0.00031889 
299 274 0.000692547 4 0.000692547 
493 301 0.0123462 4 0.0123462 
64 334 0.0204089 4 0.0204089 
400 314 0.000483052 4 0.000483052 
156 193 0.000793524 4 0.000793524 
504 334 0.0100004 4 0.0100004 
146 341 0.0100004 4 0.0100004 
556 222 0.0330591 4 0.0330591 
299 220 0.0330591 4 0.0330591 
91 219 0.0330591 4 0.0330591 
248 429 0.00326543 4 0.00326543 
253 350 0.000540854 4 0.000540854 
521 453 0.00756173 4 0.00756173 
358 197 0.0330591 4 0.0330591 
467 297 0.000324661 4 0.000324661 
272 282 0.00173618 4 0.00173618 
462 212 0.0123462 4 0.0123462 
515 208 0.0123462 4 0.0123462 
513 257 0.00118911 4 0.00118911 
298 439 0.0177785 4 0.0177785 
207 151 0.00694471 4 0.00694471 
276 254 0.0277788 4 0.0277788 
102 250 0.0277788 4 0.0277788 
269 241 0.0277788 4 0.0277788 
579 426 0.00346034 4 0.00346034 
99 319 0.00756173 4 0.00756173 
89 254 0.00153793 4 0.00153793 
523 368 0.000472608 4 0.000472608 
93 235 0.000580658 4 0.000580658 
442 343 0.0277788 4 0.0277788 
11 201 0.0204089 4 0.0204089 
530 250 0.0236695 4 0.0236695 
104 258 0.0110808 4 0.0110808 
581 42 0.0277788 4 0.0277788 
205 272 0.00262995 4 0.00262995 
332 301 0.0110808 4 0.0110808 
489 311 0.00475643 4 0.00475643 
454 316 0.0110808 4 0.0110808 
228 377 0.0204089 4 0.0204089 
86 230 0.0156256 4 0.0156256 
505 318 0.0110808 4 0.0110808 
318 237 0.00907064 4 0.00907064 
385 386 0.0156256 4 0.0156256 
271 403 0.0039064 4 0.0039064 
336 297 0.000816358 4 0.000816358 
594 314 0.00510224 4 0.00510224 
81 234 0.000553654 4 0.000553654 
349 244 0.0236695 4 0.0236695 
434 245 0.0177785 4 0.0177785 
282 309 0.0025001 4 0.0025001 
110 360 0.00826478 4 0.00826478 
575 248 0.000946782 4 0.000946782 
376 388 0.0039064 4 0.0039064 
202 389 0.00160006 4 0.00160006 
47 257 0.00292195 4 0.00292195 
308 411 0.00277019 4 0.00277019 
434 386 0.000292217 4 0.000292217 
349 281 0.00292195 4 0.00292195 
208 237 0.0138414 4 0.0138414 
89 230 0.00147935 4 0.00147935 
353 403 0.00147935 4 0.00147935 
302 322 0.00226766 4 0.00226766 
241 375 0.00510224 4 0.00510224 
272 440 0.00548718 4 0.00548718 
115 359 0.0009766 4 0.0009766 
432 244 0.0236695 4 0.0236695 
365 357 0.00044323 4 0.00044323 
389 336 0.000553654 4 0.000553654 
132 195 0.0177785 4 0.0177785 
478 288 0.00826478 4 0.00826478 
453 412 0.000493846 4 0.000493846 
495 380 0.00226766 4 0.00226766 
87 253 0.0177785 4 0.0177785 
330 411 0.0236695 4 0.0236695 
98 409 0.00640025 3 0.00640025 
150 229 0.00189043 3 0.00189043 
461 236 0.0110808 3 0.0110808 
96 264 0.000264403 3 0.000264403 
105 263 0.00292195 3 0.00292195 
221 411 0.00640025 3 0.00640025 
233 340 0.0123462 3 0.0123462 
274 375 0.00326543 3 0.00326543 
373 334 0.0330591 3 0.0330591 
404 372 0.0204089 3 0.0204089 
126 349 0.0039064 3 0.0039064 
370 379 0.00510224 3 0.00510224 
435 360 0.00292195 3 0.00292195 
201 345 0.000840192 3 0.000840192 
326 353 0.0100004 3 0.0100004 
379 257 0.0204089 3 0.0204089 
183 326 0.00346034 3 0.00346034 
408 323 0.00277019 3 0.00277019 
556 339 0.00100785 3 0.00100785 
563 251 0.0156256 3 0.0156256 
501 259 0.00237963 3 0.00237963 
96 355 0.0277788 3 0.0277788 
96 352 0.0277788 3 0.0277788 
301 331 0.0277788 3 0.0277788 
265 215 0.00548718 3 0.00548718 
191 242 0.000210048 3 0.000210048 
133 217 0.00142405 3 0.00142405 
380 352 0.00277019 3 0.00277019 
591 323 0.00206619 3 0.00206619 
565 407 0.000400015 3 0.000400015 
440 344 0.0110808 3 0.0110808 
120 320 0.000452711 3 0.000452711 
355 254 0.0330591 3 0.0330591 
509 238 0.00640025 3 0.00640025 
558 323 0.00756173 3 0.00756173 
212 314 0.00367324 3 0.00367324 
549 240 0.00826478 3 0.00826478 
586 375 0.00189043 3 0.00189043 
478 323 0.0330591 3 0.0330591 
112 426 0.00510224 3 0.00510224 
325 235 0.00367324 3 0.00367324 
410 386 0.0123462 3 0.0123462 
438 216 0.0110808 3 0.0110808 
70 345 0.0236695 3 0.0236695 
422 319 0.0100004 3 0.0100004 
527 266 0.000625024 3 0.000625024 
504 215 0.0204089 3 0.0204089 
310 221 0.00826478 3 0.00826478 
215 356 0.00548718 3 0.00548718 
35 243 0.00907064 3 0.00907064 
100 206 0.0236695 3 0.0236695 
117 226 0.00153793 3 0.00153793 
135 237 0.00367324 3 0.00367324 
200 272 0.000472608 3 0.000472608 
135 377 0.0204089 3 0.0204089 
392 342 0.00756173 3 0.00756173 
442 360 0.00166604 3 0.00166604 
501 199 0.00444461 3 0.00444461 
375 394 0.000416509 3 0.000416509 
474 259 0.0039064 3 0.0039064 
384 220 0.00640025 3 0.00640025 
74 366 0.000840192 3 0.000840192 
308 192 0.00292195 3 0.00292195 
512 234 0.00160006 3 0.00160006 
589 247 0.00907064 3 0.00907064 
227 350 0.0138414 3 0.0138414 
76 407 0.000816358 3 0.000816358 
504 391 0.0330591 3 0.0330591 
173 311 0.00907064 3 0.00907064 
246 352 0.00024415 3 0.00024415 
435 322 0.0123462 3 0.0123462 
177 241 0.0236695 3 0.0236695 
153 358 0.00907064 3 0.00907064 
298 395 0.0236695 3 0.0236695 
433 334 0.0177785 3 0.0177785 
435 311 0.000425141 3 0.000425141 
94 365 0.00907064 3 0.00907064 
319 201 0.00206619 3 0.00206619 
343 380 0.0039064 3 0.0039064 
256 201 0.00216341 3 0.00216341 
310 234 0.000918309 3 0.000918309 
71 346 0.00308654 3 0.00308654 
45 321 0.00510224 3 0.00510224 
292 270 0.000505006 3 0.000505006 
432 351 0.00416249 3 0.00416249 
588 348 0.00907064 3 0.00907064 
500 342 0.000219487 3 0.000219487 
98 227 0.0100004 3 0.0100004 
230 278 0.0236695 3 0.0236695 
77 321 0.0156256 3 0.0156256 
165 223 0.00756173 3 0.00756173 
577 370 0.00132236 3 0.00132236 
476 257 0.000273216 3 0.000273216 
56 226 0.0100004 3 0.0100004 
326 235 0.00756173 3 0.00756173 
493 320 0.00416249 3 0.00416249 
98 282 0.000946782 3 0.000946782 
62 295 0.000865085 3 0.000865085 
198 375 0.000462499 3 0.000462499 
325 414 0.0330591 3 0.0330591 
461 174 0.00907064 3 0.00907064 
44 205 0.0156256 3 0.0156256 
480 251 0.00206619 3 0.00206619 
154 244 0.000946782 3 0.000946782 
50 381 0.0177785 3 0.0177785 
123 374 0.0330591 3 0.0330591 
242 393 0.000434044 3 0.000434044 
475 188 0.0236695 3 0.0236695 
337 239 0.000251962 3 0.000251962 
120 408 0.0277788 3 0.0277788 
109 397 0.0110808 3 0.0110808 
182 334 0.00591739 3 0.00591739 
252 348 0.00118911 3 0.00118911 
510 252 0.0138414 3 0.0138414 
105 367 0.000865085 3 0.000865085 
129 220 0.00907064 3 0.00907064 
238 285 0.000302469 3 0.000302469 
372 374 0.0110808 3 0.0110808 
232 388 0.0277788 3 0.0277788 
557 270 0.000408137 3 0.000408137 
460 382 0.0277788 3 0.0277788 
404 375 0.00416249 3 0.00416249 
301 350 0.0236695 3 0.0236695 
110 284 0.000566915 3 0.000566915 
395 253 0.000349389 3 0.000349389 
245 230 0.000640948 3 0.000640948 
165 352 0.00153793 3 0.00153793 
321 381 0.0236695 3 0.0236695 
269 213 0.00907064 3 0.00907064 
21 202 0.0156256 3 0.0156256 
288 427 0.0236695 3 0.0236695 
469 394 0.0330591 2 0.0330591 
298 186 0.0177785 2 0.0177785 
54 347 0.00756173 2 0.00756173 
270 381 0.00510224 2 0.00510224 
540 201 0.0236695 2 0.0236695 
55 273 0.00326543 2 0.00326543 
586 348 0.00197538 2 0.00197538 
514 393 0.000528492 2 0.000528492 
63 393 0.0330591 2 0.0330591 
379 352 0.00548718 2 0.00548718 
446 302 0.00237963 2 0.00237963 
418 380 0.00189043 2 0.00189043 
526 436 0.00166604 2 0.00166604 
304 231 0.00907064 2 0.00907064 
288 445 0.0330591 2 0.0330591 
294 192 0.00153793 2 0.00153793 
398 446 0.0330591 2 0.0330591 
305 338 0.0110808 2 0.0110808 
297 253 0.0012312 2 0.0012312 
290 227 0.0156256 2 0.0156256 
292 454 0.0330591 2 0.0330591 
239 375 0.0330591 2 0.0330591 
126 328 0.000156256 2 0.000156256 
123 260 0.0100004 2 0.0100004 
493 251 0.000946782 2 0.000946782 
347 244 0.00907064 2 0.00907064 
455 335 0.000594907 2 0.000594907 
392 370 0.000302469 2 0.000302469 
413 329 0.0330591 2 0.0330591 
208 198 0.00153793 2 0.00153793 
541 238 0.0156256 2 0.0156256 
472 330 0.0204089 2 0.0204089 
138 239 0.0156256 2 0.0156256 
185 249 0.00197538 2 0.00197538 
310 391 0.0277788 2 0.0277788 
206 312 0.00826478 2 0.00826478 
388 424 0.0277788 2 0.0277788 
252 412 0.0123462 2 0.0123462 
99 389 0.0236695 2 0.0236695 
322 176 0.00548718 2 0.00548718 
581 299 0.00346034 2 0.00346034 
399 196 0.000282477 2 0.000282477 
362 327 0.00591739 2 0.00591739 
310 445 0.0156256 2 0.0156256 
232 393 0.0277788 2 0.0277788 
484 431 0.00756173 2 0.00756173 
256 429 0.0156256 2 0.0156256 
274 356 0.000120763 2 0.000120763 
71 318 0.00114914 2 0.00114914 
369 355 0.0277788 2 0.0277788 
369 348 0.0277788 2 0.0277788 
522 377 0.00277019 2 0.00277019 
151 314 0.00100785 2 0.00100785 
161 220 0.00216341 2 0.00216341 
47 265 0.00591739 2 0.00591739 
133 389 0.0138414 2 0.0138414 
321 403 0.0123462 2 0.0123462 
535 305 0.0001665 2 0.0001665 
250 193 0.00127556 2 0.00127556 
120 349 0.00308654 2 0.00308654 
88 292 0.000540854 2 0.000540854 
170 203 0.000771635 2 0.000771635 
351 354 0.00907064 2 0.00907064 
568 412 0.00416249 2 0.00416249 
11 330 0.0138414 2 0.0138414 
373 304 0.0204089 2 0.0204089 
332 290 0.00107502 2 0.00107502 
30 336 0.00907064 2 0.00907064 
99 331 0.00907064 2 0.00907064 
477 262 0.00262995 2 0.00262995 
191 245 0.0177785 2 0.0177785 
368 322 0.0123462 2 0.0123462 
512 311 0.000377053 2 0.000377053 
243 237 0.0236695 2 0.0236695 
602 416 0.0123462 2 0.0123462 
113 354 0.0138414 2 0.0138414 
95 231 0.0177785 2 0.0177785 
301 450 0.0277788 2 0.0277788 
155 289 0.000566915 2 0.000566915 
364 294 0.0204089 2 0.0204089 
180 393 0.00104062 2 0.00104062 
190 316 0.00640025 2 0.00640025 
386 398 0.0123462 2 0.0123462 
588 458 0.0177785 2 0.0177785 
296 166 0.00591739 2 0.00591739 
121 254 0.0110808 2 0.0110808 
597 42 0.0277788 2 0.0277788 
144 334 0.0100004 2 0.0100004 
457 232 0.0277788 2 0.0277788 
203 412 0.00189043 2 0.00189043 
603 315 0.00694471 2 0.00694471 
124 395 0.000946782 2 0.000946782 
564 261 0.0204089 2 0.0204089 
134 268 0.000472608 2 0.000472608 
451 209 0.0277788 2 0.0277788 
18 428 0.00510224 2 0.00510224 
399 229 0.0110808 2 0.0110808 
59 223 0.00826478 2 0.00826478 
467 248 0.00262995 2 0.00262995 
273 181 0.0277788 2 0.0277788 
365 296 0.00826478 2 0.00826478 
85 228 0.000452711 2 0.000452711 
561 244 0.00118911 2 0.00118911 
114 258 0.0156256 2 0.0156256 
209 425 0.00756173 2 0.00756173 
284 303 0.0277788 2 0.0277788 
189 280 0.0204089 2 0.0204089 
439 229 0.00591739 2 0.00591739 
91 343 0.00548718 2 0.00548718 
82 207 0.00226766 2 0.00226766 
167 231 0.00694471 2 0.00694471 
264 195 0.000180179 2 0.000180179 
94 267 0.00548718 2 0.00548718 
183 309 0.00756173 2 0.00756173 
338 395 0.00694471 2 0.00694471 
130 260 0.0100004 1 0.0100004 
279 440 0.00756173 1 0.00756173 
86 366 0.000840192 1 0.000840192 
368 315 0.000657487 1 0.000657487 
246 310 0.0100004 1 0.0100004 
88 359 0.0236695 1 0.0236695 
378 358 0.000201205 1 0.000201205 
550 395 0.000528492 1 0.000528492 
86 371 0.0330591 1 0.0330591 
569 369 0.000946782 1 0.000946782 
482 280 0.00694471 1 0.00694471 
578 436 0.00166604 1 0.00166604 
456 235 0.0330591 1 0.0330591 
589 280 0.0100004 1 0.0100004 
224 256 0.00147935 1 0.00147935 
233 412 0.00826478 1 0.00826478 
547 256 0.00189043 1 0.00189043 
457 374 0.00475643 1 0.00475643 
54 321 0.0100004 1 0.0100004 
200 254 0.0330591 1 0.0330591 
502 321 0.00694471 1 0.00694471 
343 346 0.0123462 1 0.0123462 
205 332 0.0100004 1 0.0100004 
44 421 0.00326543 1 0.00326543 
27 311 0.0204089 1 0.0204089 
468 340 0.00173618 1 0.00173618 
362 319 0.0236695 1 0.0236695 
510 221 0.000816358 1 0.000816358 
448 358 0.0138414 1 0.0138414 
389 228 0.0177785 1 0.0177785 
369 352 0.00591739 1 0.00591739 
111 377 0.0177785 1 0.0177785 
55 381 0.0177785 1 0.0177785 
482 301 0.0138414 1 0.0138414 
427 312 0.000384482 1 0.000384482 
473 296 0.00591739 1 0.00591739 
314 213 0.00694471 1 0.00694471 
388 369 0.000640948 1 0.000640948 
594 401 0.0156256 1 0.0156256 
369 328 0.000268755 1 0.000268755 
497 355 0.00206619 1 0.00206619 
340 402 0.00147935 1 0.00147935 
372 296 0.00756173 1 0.00756173 
252 232 0.00475643 1 0.00475643 
202 292 0.0277788 1 0.0277788 
61 380 0.00114914 1 0.00114914 
25 381 0.00206619 1 0.00206619 
260 247 0.0277788 1 0.0277788 
63 343 0.0039064 1 0.0039064 
77 337 0.00160006 1 0.00160006 
113 343 0.0156256 1 0.0156256 
591 307 0.00181084 1 0.00181084 
367 262 0.00142405 1 0.00142405 
131 382 0.00907064 1 0.00907064 
254 385 0.00907064 1 0.00907064 
490 245 0.00444461 1 0.00444461 
94 339 0.00132236 1 0.00132236 
404 252 0.0009766 1 0.0009766 
57 342 0.00416249 1 0.00416249 
549 224 0.00756173 1 0.00756173 
460 237 0.0277788 1 0.0277788 
361 420 0.00907064 1 0.00907064 
368 240 0.00756173 1 0.00756173 
274 242 0.0123462 1 0.0123462 
507 219 0.00346034 1 0.00346034 
548 286 0.000674676 1 0.000674676 
348 234 0.0177785 1 0.0177785 
206 335 0.00237963 1 0.00237963 
265 177 0.00694471 1 0.00694471 
214 415 0.0123462 1 0.0123462 
588 80 0.00444461 1 0.00444461 
374 230 0.0156256 1 0.0156256 
464 326 0.0110808 1 0.0110808 
201 352 0.000528492 1 0.000528492 
166 351 0.000594907 1 0.000594907 
116 346 0.00826478 1 0.00826478 
20 369 0.0204089 1 0.0204089 
198 359 0.00756173 1 0.00756173 
238 234 0.00907064 1 0.00907064 
601 452 0.00640025 1 0.00640025 
354 401 0.0110808 1 0.0110808 
310 232 0.0156256 1 0.0156256 
25 364 0.00367324 1 0.00367324 
266 421 0.0236695 1 0.0236695 
191 246 0.00694471 1 0.00694471 
108 249 0.00216341 1 0.00216341 
468 223 0.00326543 1 0.00326543 
376 215 0.00237963 1 0.00237963 
298 252 0.000362826 1 0.000362826 
254 395 0.00548718 1 0.00548718 
269 399 0.00548718 1 0.00548718 
356 405 0.0330591 1 0.0330591 
268 265 0.0177785 1 0.0177785 
323 237 0.0277788 1 0.0277788 
218 171 0.00100785 1 0.00100785 
44 237 0.00640025 1 0.00640025 
402 421 0.00114914 1 0.00114914 
220 245 0.00640025 1 0.00640025 
178 389 0.00694471 1 0.00694471 
478 420 0.0138414 1 0.0138414 
173 201 0.00826478 1 0.00826478 
89 192 0.0277788 1 0.0277788 
352 338 0.0039064 1 0.0039064 
293 185 0.00237963 1 0.00237963 
561 262 0.0110808 1 0.0110808 
218 317 0.000240379 1 0.000240379 
114 269 0.00907064 1 0.00907064 
168 340 0.00216341 1 0.00216341 
172 259 0.00416249 1 0.00416249 
82 378 0.00189043 1 0.00189043 
472 251 0.00416249 1 0.00416249 
289 351 0.00548718 1 0.00548718 
37 202 0.00510224 1 0.00510224 
