995
571.006592 285.500000 1.241375 90.031647 0.000000 90.031647
569.997131 236.331421 1.210236 91.712234 0.000000 91.712234
307.421204 329.139709 1.191990 199.736603 0.000000 199.736603
302.871826 261.058777 1.173094 53.048923 0.000000 53.048923
475.393005 246.750092 1.149942 82.904839 0.000000 82.904839
394.063629 325.395844 1.139892 153.937683 0.000000 153.937683
105.042587 100.601120 1.065933 81.963722 0.000000 81.963722
440.334015 246.083206 1.032332 33.503716 0.000000 33.503716
319.436523 259.087585 0.989306 30.587606 0.000000 30.587606
141.261612 244.500000 0.989112 59.039818 0.000000 59.039818
53.283131 162.118683 0.979659 79.552841 0.000000 79.552841
278.187988 69.174438 0.976900 390.273254 0.000000 390.273254
47.915607 342.258209 0.966386 23.358458 0.000000 23.358458
62.617027 127.645676 0.960686 20.359909 0.000000 20.359909
208.574158 237.494446 0.959699 77.412209 0.000000 77.412209
7.274768 35.582184 0.944273 28.267998 0.000000 28.267998
208.764252 238.566971 0.935505 53.378357 0.000000 53.378357
304.500000 306.305511 0.899986 39.116837 0.000000 39.116837
353.848907 253.739670 0.895222 24.392075 0.000000 24.392075
231.577560 202.824463 0.894939 38.720009 0.000000 38.720009
36.185383 130.226486 0.886697 46.383236 0.000000 46.383236
163.741196 323.972260 0.881687 97.568314 0.000000 97.568314
158.231812 426.694427 0.872325 20.717600 0.000000 20.717600
168.376770 288.087280 0.870929 26.897484 0.000000 26.897484
101.301804 128.842789 0.859507 29.951599 0.000000 29.951599
285.226868 302.525391 0.857200 33.011642 0.000000 33.011642
196.243271 280.165161 0.848098 24.392075 0.000000 24.392075
453.568573 154.739975 0.841378 26.594778 0.000000 26.594778
87.888451 188.224411 0.833305 21.434578 0.000000 21.434578
365.683197 266.392395 0.832721 50.075062 0.000000 50.075062
331.199158 148.896362 0.828052 60.719536 0.000000 60.719536
550.989746 338.768311 0.827307 166.602005 0.000000 166.602005
436.981506 291.500000 0.819144 67.425758 0.000000 67.425758
364.821991 151.820557 0.818354 19.376730 0.000000 19.376730
115.307564 371.142334 0.816794 44.085899 0.000000 44.085899
270.198456 124.297630 0.812975 20.099669 0.000000 20.099669
51.091770 370.468201 0.810406 97.568314 0.000000 97.568314
104.500000 227.769821 0.805493 47.066059 0.000000 47.066059
51.704853 314.202271 0.801928 42.818733 0.000000 42.818733
240.631851 324.871429 0.800240 25.635628 0.000000 25.635628
56.174294 193.604996 0.794727 33.048496 0.000000 33.048496
239.741119 280.806976 0.792595 24.392075 0.000000 24.392075
26.500000 122.288086 0.790894 28.992928 0.000000 28.992928
344.748840 264.190796 0.790688 27.999418 0.000000 27.999418
215.685165 332.426483 0.785270 97.568314 0.000000 97.568314
354.245392 266.597961 0.782472 33.479279 0.000000 33.479279
135.853745 161.869827 0.782230 57.526520 0.000000 57.526520
493.223877 262.981384 0.773359 23.886839 0.000000 23.886839
5.138918 171.746140 0.772650 35.628674 0.000000 35.628674
603.500000 309.500000 0.771391 158.179718 0.000000 158.179718
206.129013 267.184174 0.768441 43.280071 0.000000 43.280071
315.798676 105.490440 0.765882 61.464176 0.000000 61.464176
349.757416 308.312592 0.760373 390.273254 0.000000 390.273254
455.034576 72.107925 0.759917 29.422878 0.000000 29.422878
398.223511 172.773392 0.758511 189.314346 0.000000 189.314346
211.642319 102.916389 0.755617 48.141850 0.000000 48.141850
157.700577 287.829529 0.755430 38.720009 0.000000 38.720009
452.279236 261.407745 0.755421 81.354454 0.000000 81.354454
267.466858 303.926025 0.755369 53.007130 0.000000 53.007130
285.520813 260.060822 0.754586 38.720009 0.000000 38.720009
23.348360 313.831543 0.751877 70.561821 0.000000 70.561821
248.769302 127.154778 0.750705 24.392075 0.000000 24.392075
51.731972 56.188099 0.750542 19.485809 0.000000 19.485809
36.862408 228.186478 0.747758 93.554222 0.000000 93.554222
319.868225 299.855103 0.746407 21.191486 0.000000 21.191486
475.877045 295.147430 0.745783 83.269455 0.000000 83.269455
40.095528 68.841095 0.741298 24.392075 0.000000 24.392075
238.945602 266.271301 0.737552 24.392075 0.000000 24.392075
504.900177 87.897583 0.735143 48.379684 0.000000 48.379684
52.870258 179.855469 0.732707 24.392075 0.000000 24.392075
146.235382 287.923004 0.730637 30.817457 0.000000 30.817457
404.804749 295.051910 0.729452 19.802130 0.000000 19.802130
240.781876 313.915588 0.728997 32.455605 0.000000 32.455605
104.905609 233.500000 0.728288 201.076324 0.000000 201.076324
33.137787 338.505890 0.719827 94.777649 0.000000 94.777649
38.213112 310.500000 0.718456 21.529655 0.000000 21.529655
17.765919 168.930756 0.718287 296.787964 0.000000 296.787964
224.281372 281.445038 0.717217 59.732025 0.000000 59.732025
272.094910 273.348999 0.714827 23.149878 0.000000 23.149878
404.257660 253.500000 0.711969 24.392075 0.000000 24.392075
373.500000 112.898796 0.702531 165.871536 0.000000 165.871536
22.044428 105.076080 0.700391 23.854298 0.000000 23.854298
256.753174 286.805206 0.692884 17.714502 0.000000 17.714502
492.500000 87.630722 0.691195 28.957184 0.000000 28.957184
84.272171 139.017563 0.685372 38.720009 0.000000 38.720009
49.054619 154.598755 0.683228 17.917629 0.000000 17.917629
299.090118 132.941284 0.682865 58.705544 0.000000 58.705544
10.134350 95.790237 0.681835 30.303656 0.000000 30.303656
139.883728 234.189453 0.679387 30.779488 0.000000 30.779488
291.930389 192.818024 0.679262 49.260204 0.000000 49.260204
476.500000 70.456429 0.678601 24.392075 0.000000 24.392075
184.153534 154.239960 0.677407 146.469482 0.000000 146.469482
370.260406 214.868698 0.675751 306.934235 0.000000 306.934235
43.076870 173.846512 0.674329 51.238792 0.000000 51.238792
445.818115 92.324547 0.672389 24.392075 0.000000 24.392075
46.401833 286.500000 0.669820 1561.093262 0.000000 1561.093262
432.512299 335.948273 0.668140 154.880035 0.000000 154.880035
117.710068 316.394104 0.667507 76.954880 0.000000 76.954880
188.901215 181.692261 0.665053 50.605873 0.000000 50.605873
157.365356 274.799072 0.660577 24.392075 0.000000 24.392075
70.501488 103.500000 0.656466 173.387161 0.000000 173.387161
586.344177 118.730682 0.656380 353.843628 0.000000 353.843628
419.998749 144.893127 0.653515 22.073046 0.000000 22.073046
297.902405 273.417511 0.650984 34.286224 0.000000 34.286224
398.160156 115.701195 0.650472 54.600548 0.000000 54.600548
82.639297 284.592590 0.648579 35.598461 0.000000 35.598461
364.421387 132.398224 0.647650 21.354322 0.000000 21.354322
69.100861 311.405060 0.647516 31.794308 0.000000 31.794308
87.121742 326.386871 0.646135 26.283604 0.000000 26.283604
204.500000 134.500000 0.643781 57.826672 0.000000 57.826672
397.617920 161.425629 0.643353 38.720009 0.000000 38.720009
317.757141 155.500000 0.642320 25.956511 0.000000 25.956511
74.265335 366.414642 0.641500 191.462036 0.000000 191.462036
474.961060 218.798889 0.641018 20.280228 0.000000 20.280228
69.950859 128.348587 0.638765 33.915150 0.000000 33.915150
72.871437 101.079605 0.636232 34.482712 0.000000 34.482712
236.500000 130.052261 0.636086 35.887867 0.000000 35.887867
178.480804 125.666389 0.633805 180.375488 0.000000 180.375488
204.684265 144.867279 0.633102 35.799187 0.000000 35.799187
67.856781 140.045624 0.632123 32.963890 0.000000 32.963890
268.279846 273.582062 0.631267 119.439873 0.000000 119.439873
302.707916 194.267517 0.629717 17.780033 0.000000 17.780033
105.277245 83.180428 0.629035 20.019915 0.000000 20.019915
417.209167 101.500000 0.628995 42.172382 0.000000 42.172382
403.500000 268.500000 0.627837 24.392075 0.000000 24.392075
68.890030 285.504852 0.624898 24.392075 0.000000 24.392075
223.732407 268.500000 0.624471 38.720009 0.000000 38.720009
464.201111 347.306061 0.622413 32.686569 0.000000 32.686569
297.251648 144.964828 0.621964 28.696692 0.000000 28.696692
475.754761 261.128387 0.621563 76.919785 0.000000 76.919785
582.726746 151.531296 0.621399 456.638550 0.000000 456.638550
156.208313 118.819939 0.619734 38.720009 0.000000 38.720009
264.208252 327.803162 0.618722 56.075447 0.000000 56.075447
313.261810 122.500000 0.618706 36.580761 0.000000 36.580761
206.500000 310.500000 0.617358 46.221432 0.000000 46.221432
25.900097 310.927277 0.616606 24.392075 0.000000 24.392075
530.836365 321.570862 0.615964 144.575226 0.000000 144.575226
431.500000 258.933502 0.614117 61.443249 0.000000 61.443249
72.790970 113.500000 0.613334 23.343065 0.000000 23.343065
240.606552 306.010254 0.612171 27.744452 0.000000 27.744452
296.187286 450.044067 0.611874 21.232265 0.000000 21.232265
349.500000 303.500000 0.610718 97.568314 0.000000 97.568314
169.612442 129.626816 0.610174 481.725098 0.000000 481.725098
255.035110 238.558777 0.607918 42.538757 0.000000 42.538757
577.500000 145.754517 0.607534 24.392075 0.000000 24.392075
590.366455 269.510864 0.606503 81.829697 0.000000 81.829697
493.500000 244.771927 0.605972 25.309643 0.000000 25.309643
97.429604 141.887833 0.605954 49.454082 0.000000 49.454082
282.900421 121.069504 0.605557 21.423145 0.000000 21.423145
587.500000 254.188431 0.602802 25.670961 0.000000 25.670961
513.969238 214.500000 0.602177 44.268353 0.000000 44.268353
367.521881 254.500000 0.599233 53.179348 0.000000 53.179348
425.540161 276.500000 0.599171 27.916714 0.000000 27.916714
193.500000 267.576752 0.598415 38.720009 0.000000 38.720009
223.674362 372.153503 0.597831 19.149004 0.000000 19.149004
209.924667 323.500000 0.596762 947.701416 0.000000 947.701416
95.095062 182.869720 0.595084 41.084755 0.000000 41.084755
112.167221 243.015396 0.594080 17.887054 0.000000 17.887054
440.500000 261.309448 0.593286 35.500755 0.000000 35.500755
478.778107 311.500000 0.592847 28.096699 0.000000 28.096699
527.125671 310.912445 0.592705 21.267321 0.000000 21.267321
377.500000 92.325554 0.591951 26.032167 0.000000 26.032167
31.726797 266.500000 0.590596 27.537937 0.000000 27.537937
493.886292 262.432434 0.589270 97.568314 0.000000 97.568314
534.500000 133.306732 0.588800 1113.011353 0.000000 1113.011353
99.961632 324.826599 0.588261 18.755516 0.000000 18.755516
587.992493 280.012451 0.588103 19.898155 0.000000 19.898155
137.907028 447.500000 0.587361 45.376556 0.000000 45.376556
123.906898 124.500000 0.586428 24.392075 0.000000 24.392075
75.500000 315.500000 0.585504 5558.656250 0.000000 5558.656250
42.034641 112.971596 0.581371 74.821075 0.000000 74.821075
137.740753 327.866119 0.581095 245.856750 0.000000 245.856750
313.168518 146.775101 0.580882 36.894154 0.000000 36.894154
128.890152 311.364655 0.580874 44.341106 0.000000 44.341106
146.500000 136.500000 0.578580 43.026905 0.000000 43.026905
439.500000 96.741302 0.578470 263.451447 0.000000 263.451447
405.500000 267.270416 0.578165 65.839104 0.000000 65.839104
58.058037 339.110016 0.578117 22.205847 0.000000 22.205847
319.962585 274.570526 0.577490 24.392075 0.000000 24.392075
325.966980 132.565567 0.576302 58.486488 0.000000 58.486488
75.500000 155.500000 0.574527 826.822144 0.000000 826.822144
279.934875 342.238708 0.573401 34.390343 0.000000 34.390343
243.069061 193.648544 0.573299 32.704468 0.000000 32.704468
591.500000 249.500000 0.572988 131.221344 0.000000 131.221344
292.208588 233.440125 0.571912 878.285156 0.000000 878.285156
95.500000 284.085693 0.571748 16.242867 0.000000 16.242867
587.731140 142.658539 0.571089 41.996712 0.000000 41.996712
451.497192 339.500000 0.570257 115.016731 0.000000 115.016731
514.119995 188.563782 0.568124 353.265869 0.000000 353.265869
272.234070 259.500000 0.567806 18.505674 0.000000 18.505674
145.500000 273.866211 0.566237 23.866982 0.000000 23.866982
287.601715 216.466736 0.566018 121.763199 0.000000 121.763199
268.935059 341.170563 0.565611 33.934883 0.000000 33.934883
168.337845 276.500000 0.565186 27.197083 0.000000 27.197083
22.721395 95.671570 0.564946 36.549805 0.000000 36.549805
68.480782 268.393311 0.564916 37.359161 0.000000 37.359161
398.244324 301.816071 0.564722 32.108700 0.000000 32.108700
129.123886 281.500000 0.564601 107.420624 0.000000 107.420624
497.500000 317.500000 0.564474 38.720009 0.000000 38.720009
51.815804 220.993286 0.562966 129.923965 0.000000 129.923965
201.134796 157.273407 0.562860 23.498940 0.000000 23.498940
182.439484 268.107727 0.562727 38.720009 0.000000 38.720009
266.764526 340.767700 0.562437 76.544678 0.000000 76.544678
356.958344 166.749084 0.562280 108.693016 0.000000 108.693016
34.500000 204.210663 0.561500 29.328979 0.000000 29.328979
275.964661 327.297180 0.559489 48.028877 0.000000 48.028877
442.916901 316.322540 0.559452 43.424595 0.000000 43.424595
398.198547 131.795776 0.558393 61.464176 0.000000 61.464176
518.025269 339.865753 0.558057 20.463230 0.000000 20.463230
148.821777 339.785522 0.556399 20.603651 0.000000 20.603651
466.116943 165.037994 0.556202 35.592804 0.000000 35.592804
600.976624 189.315933 0.554928 22.385374 0.000000 22.385374
57.832207 206.452682 0.554510 19.293219 0.000000 19.293219
282.966492 274.015930 0.553922 55.400703 0.000000 55.400703
487.049316 300.030151 0.553708 22.743347 0.000000 22.743347
282.435913 117.500000 0.553637 97.568314 0.000000 97.568314
574.433899 341.098389 0.553331 147.043015 0.000000 147.043015
95.521248 165.500000 0.552450 142.106812 0.000000 142.106812
127.748703 354.698029 0.552023 304.303131 0.000000 304.303131
345.460785 185.500000 0.550167 29.586405 0.000000 29.586405
605.500000 336.500000 0.549750 38.960827 0.000000 38.960827
445.162750 219.007477 0.549438 19.377533 0.000000 19.377533
494.470947 290.235626 0.549246 24.392075 0.000000 24.392075
114.375832 208.897400 0.548633 80.901413 0.000000 80.901413
218.207291 174.176468 0.546394 29.701889 0.000000 29.701889
13.997275 227.537048 0.545721 28.834148 0.000000 28.834148
455.264801 287.500000 0.545521 103.604134 0.000000 103.604134
424.604004 239.222061 0.545348 28.978039 0.000000 28.978039
543.410706 340.878601 0.544580 24.392075 0.000000 24.392075
326.690186 130.500000 0.544399 22.498081 0.000000 22.498081
129.799591 273.500000 0.544253 53.898930 0.000000 53.898930
82.974197 268.881561 0.544131 47.356674 0.000000 47.356674
329.718903 163.969955 0.542766 37.074669 0.000000 37.074669
273.500000 183.500000 0.541929 182.859573 0.000000 182.859573
230.912430 341.069000 0.540712 21.961611 0.000000 21.961611
175.114853 180.500000 0.540685 61.317883 0.000000 61.317883
352.712738 263.500000 0.539969 175.351532 0.000000 175.351532
255.258606 460.136810 0.539375 22.819742 0.000000 22.819742
340.959412 276.126129 0.539345 29.566370 0.000000 29.566370
41.128998 41.366459 0.538649 47.688755 0.000000 47.688755
22.923376 134.165527 0.537544 30.287390 0.000000 30.287390
558.006836 222.050583 0.537217 1561.093262 0.000000 1561.093262
51.500000 233.908371 0.537062 516.539673 0.000000 516.539673
239.018143 93.662277 0.536603 480.273376 0.000000 480.273376
254.331833 175.112259 0.536497 38.720009 0.000000 38.720009
89.500000 121.500000 0.536456 33.714695 0.000000 33.714695
241.037247 283.500000 0.536085 65.349304 0.000000 65.349304
525.634277 164.500000 0.536034 18.445457 0.000000 18.445457
83.128761 314.500000 0.536023 61.464176 0.000000 61.464176
96.785652 291.743073 0.534434 29.649445 0.000000 29.649445
301.187347 173.915146 0.532401 19.650318 0.000000 19.650318
146.455109 317.634644 0.532236 40.329189 0.000000 40.329189
114.500000 273.500000 0.530916 33.321899 0.000000 33.321899
556.327820 204.078827 0.529189 109.856400 0.000000 109.856400
387.500000 259.500000 0.528311 230.045807 0.000000 230.045807
19.645718 78.341919 0.527384 24.392075 0.000000 24.392075
460.634399 318.500000 0.527106 17.183977 0.000000 17.183977
342.500000 126.554779 0.525838 1040.208374 0.000000 1040.208374
68.204063 247.126389 0.525743 31.745178 0.000000 31.745178
429.701233 244.869263 0.525563 28.454294 0.000000 28.454294
531.500000 289.500000 0.525134 154.880035 0.000000 154.880035
576.008423 302.782318 0.524868 19.309525 0.000000 19.309525
86.104439 178.235046 0.524404 27.072454 0.000000 27.072454
574.500000 287.164429 0.524218 24.392075 0.000000 24.392075
567.872986 286.973663 0.524109 18.986065 0.000000 18.986065
607.500000 146.462296 0.523364 65.565163 0.000000 65.565163
237.500000 145.500000 0.523308 154.880035 0.000000 154.880035
94.500000 246.500000 0.522762 15.366042 0.000000 15.366042
303.500000 165.500000 0.522577 192.672272 0.000000 192.672272
36.998253 434.287262 0.522513 23.583126 0.000000 23.583126
212.500000 208.549744 0.522361 30.380936 0.000000 30.380936
98.224258 136.500320 0.521171 187.113205 0.000000 187.113205
531.500000 97.500000 0.520822 24.392075 0.000000 24.392075
232.500000 189.077072 0.520548 21.511650 0.000000 21.511650
210.447876 191.596466 0.518414 52.641563 0.000000 52.641563
83.642784 312.500000 0.518198 38.720009 0.000000 38.720009
308.500000 273.296417 0.517222 32.013748 0.000000 32.013748
14.052822 48.207672 0.516740 53.654301 0.000000 53.654301
538.261230 147.500000 0.516079 560.194702 0.000000 560.194702
187.033371 337.244324 0.515516 85.950058 0.000000 85.950058
355.500000 184.187195 0.515510 46.085716 0.000000 46.085716
513.500000 341.500000 0.515238 87.692291 0.000000 87.692291
269.851807 165.756699 0.514607 16.759312 0.000000 16.759312
372.330292 312.180695 0.513719 118.652954 0.000000 118.652954
596.579102 331.500000 0.513600 24.392075 0.000000 24.392075
350.655914 341.209259 0.513588 48.321682 0.000000 48.321682
244.991364 343.704651 0.512501 18.554461 0.000000 18.554461
448.766083 145.648132 0.511186 18.341635 0.000000 18.341635
119.500000 135.731552 0.511089 491.606415 0.000000 491.606415
499.853973 385.509705 0.510207 18.860701 0.000000 18.860701
48.433727 275.500000 0.509438 359.294495 0.000000 359.294495
303.757294 344.070923 0.507955 26.712410 0.000000 26.712410
105.883522 281.500000 0.507005 135.091568 0.000000 135.091568
28.826044 154.421127 0.506908 18.535725 0.000000 18.535725
549.124146 282.575317 0.506733 43.972870 0.000000 43.972870
592.465942 341.624939 0.506693 40.556610 0.000000 40.556610
92.150528 370.886322 0.506200 66.990250 0.000000 66.990250
337.532288 186.538330 0.505680 24.392075 0.000000 24.392075
17.511744 211.134583 0.505659 115.752586 0.000000 115.752586
203.228378 174.518509 0.505210 37.095947 0.000000 37.095947
272.140778 266.500000 0.504921 15.366042 0.000000 15.366042
292.224060 174.132904 0.504774 26.762724 0.000000 26.762724
39.500000 294.107025 0.504437 28.225641 0.000000 28.225641
387.009491 298.871857 0.503686 65.949890 0.000000 65.949890
253.884674 196.098984 0.503577 40.346436 0.000000 40.346436
167.500000 219.500000 0.502359 619.520264 0.000000 619.520264
268.786469 149.338821 0.500300 57.873623 0.000000 57.873623
588.286560 107.409958 0.499530 45.368572 0.000000 45.368572
527.525879 290.923828 0.499214 24.392075 0.000000 24.392075
323.895325 184.860092 0.498014 93.990448 0.000000 93.990448
274.743683 192.500000 0.496919 38.720009 0.000000 38.720009
203.198029 139.728210 0.496853 1178.044067 0.000000 1178.044067
362.338226 220.889053 0.496650 26.151152 0.000000 26.151152
274.579742 190.627884 0.496019 60.428650 0.000000 60.428650
31.759195 283.500000 0.495452 30.127800 0.000000 30.127800
431.200165 126.500000 0.495278 16.142313 0.000000 16.142313
287.336761 227.929108 0.494612 44.222221 0.000000 44.222221
442.552216 174.342209 0.494557 126.967773 0.000000 126.967773
608.631653 309.719391 0.494059 17.335716 0.000000 17.335716
112.500000 254.637985 0.493872 47.375942 0.000000 47.375942
491.500000 315.842072 0.493775 97.568314 0.000000 97.568314
6.943772 141.852753 0.493758 30.568130 0.000000 30.568130
216.497299 166.500000 0.493665 15.581631 0.000000 15.581631
11.168736 116.992554 0.493383 176.803436 0.000000 176.803436
119.500000 186.887802 0.492662 217.837952 0.000000 217.837952
111.511414 334.500000 0.492110 24.392075 0.000000 24.392075
172.536621 138.896255 0.491682 18.527884 0.000000 18.527884
171.500000 198.115555 0.491003 38.720009 0.000000 38.720009
24.721176 48.835941 0.490074 27.203737 0.000000 27.203737
83.702400 411.464966 0.489924 30.952368 0.000000 30.952368
75.207565 151.343216 0.489808 309.642059 0.000000 309.642059
111.686554 333.500000 0.489490 41.064953 0.000000 41.064953
380.663116 179.781326 0.489045 19.473812 0.000000 19.473812
287.920197 63.243935 0.488890 55.778252 0.000000 55.778252
97.500000 235.500000 0.488499 24.392075 0.000000 24.392075
320.500000 314.857117 0.488474 15.532499 0.000000 15.532499
305.049255 194.777298 0.488241 54.851345 0.000000 54.851345
13.689634 141.716614 0.487547 26.742117 0.000000 26.742117
563.881775 113.171074 0.487432 39.388145 0.000000 39.388145
438.807220 175.848083 0.485474 46.717342 0.000000 46.717342
567.931519 298.662109 0.484999 448.665222 0.000000 448.665222
315.500000 135.500000 0.484927 55.467823 0.000000 55.467823
348.460907 151.621078 0.484610 35.563732 0.000000 35.563732
30.690468 195.653946 0.483489 19.735142 0.000000 19.735142
401.500000 177.675919 0.483242 58.056755 0.000000 58.056755
26.658043 268.529480 0.482992 116.295631 0.000000 116.295631
28.716459 295.062897 0.482951 22.772409 0.000000 22.772409
402.851410 106.422981 0.482238 53.440701 0.000000 53.440701
370.557037 227.293518 0.482078 1184.345825 0.000000 1184.345825
138.500000 186.263321 0.481664 27.754242 0.000000 27.754242
223.144943 107.155128 0.480764 48.038883 0.000000 48.038883
313.500000 111.807014 0.480204 26.093781 0.000000 26.093781
113.888054 158.036469 0.478693 47.308296 0.000000 47.308296
89.905823 230.269104 0.477571 24.392075 0.000000 24.392075
261.500000 145.500000 0.476723 227.994431 0.000000 227.994431
507.772125 336.481384 0.476613 274.125000 0.000000 274.125000
591.731567 91.659019 0.475710 28.704861 0.000000 28.704861
73.565773 372.269653 0.475618 27.377371 0.000000 27.377371
599.799316 99.500000 0.474876 38.720009 0.000000 38.720009
481.500000 105.053467 0.474855 42.800312 0.000000 42.800312
473.500000 295.825378 0.474532 24.392075 0.000000 24.392075
208.500000 162.500000 0.474033 15.366042 0.000000 15.366042
466.163666 89.500000 0.473852 104.009918 0.000000 104.009918
337.161499 389.623596 0.473548 18.021744 0.000000 18.021744
31.500000 193.500000 0.473494 51.098713 0.000000 51.098713
500.490570 104.169502 0.472890 50.601944 0.000000 50.601944
488.967987 173.800888 0.472570 80.509743 0.000000 80.509743
30.155132 211.370300 0.472423 20.543114 0.000000 20.543114
404.103821 143.842880 0.471835 16.911093 0.000000 16.911093
29.500000 61.500000 0.471488 245.856750 0.000000 245.856750
319.500000 274.462646 0.471411 96.804268 0.000000 96.804268
17.500000 172.158890 0.471317 53.137981 0.000000 53.137981
271.840240 53.717403 0.471236 27.464384 0.000000 27.464384
425.896881 391.902100 0.470972 31.999399 0.000000 31.999399
86.306511 342.066071 0.470697 19.970404 0.000000 19.970404
451.397461 446.956848 0.468779 15.366042 0.000000 15.366042
580.847900 340.079926 0.468554 45.231125 0.000000 45.231125
326.612823 139.998322 0.467749 322.823761 0.000000 322.823761
47.842705 116.108795 0.467591 19.709946 0.000000 19.709946
568.439697 163.325195 0.467322 76.557907 0.000000 76.557907
112.075813 165.500000 0.467060 30.871847 0.000000 30.871847
492.120331 166.941711 0.466820 1203.558228 0.000000 1203.558228
90.553497 273.576843 0.466675 518.791565 0.000000 518.791565
473.556152 338.736542 0.465135 18.709229 0.000000 18.709229
320.585022 302.120209 0.464785 162.172852 0.000000 162.172852
178.987640 191.500000 0.464376 262.312256 0.000000 262.312256
388.784882 223.223602 0.463162 81.672966 0.000000 81.672966
535.500000 119.500000 0.462918 602.159119 0.000000 602.159119
298.413025 115.940277 0.461949 81.993736 0.000000 81.993736
531.275024 301.914551 0.461880 25.719206 0.000000 25.719206
174.189224 130.091644 0.461704 38.720009 0.000000 38.720009
284.368439 277.500000 0.461568 107.565620 0.000000 107.565620
564.849915 250.500000 0.461456 20.210108 0.000000 20.210108
586.075439 270.500000 0.461369 27.438961 0.000000 27.438961
40.498230 313.639038 0.461157 346.244019 0.000000 346.244019
291.049408 310.735992 0.460981 46.292648 0.000000 46.292648
410.688568 280.907257 0.460064 24.392075 0.000000 24.392075
456.426453 226.542694 0.460018 1561.093262 0.000000 1561.093262
466.258636 178.352417 0.459513 36.545704 0.000000 36.545704
65.346039 444.928497 0.459028 20.306517 0.000000 20.306517
595.500000 132.500000 0.458527 24.392075 0.000000 24.392075
226.049911 175.500000 0.457792 34.670887 0.000000 34.670887
173.340591 336.500000 0.457604 26.517118 0.000000 26.517118
307.797699 157.500000 0.457484 27.907106 0.000000 27.907106
99.922493 450.837860 0.457477 18.047297 0.000000 18.047297
398.602692 144.500000 0.456864 40.886383 0.000000 40.886383
98.098114 317.500000 0.456543 43.214916 0.000000 43.214916
526.852234 284.488403 0.456523 57.601051 0.000000 57.601051
406.599976 246.559708 0.456209 21.450371 0.000000 21.450371
37.418362 38.457130 0.456092 108.396530 0.000000 108.396530
282.101166 54.820404 0.455844 29.258579 0.000000 29.258579
106.227249 309.547119 0.455817 42.583305 0.000000 42.583305
318.781860 268.172913 0.455725 18.456825 0.000000 18.456825
49.239990 218.283691 0.455357 61.464176 0.000000 61.464176
560.183411 171.847275 0.454616 23.402012 0.000000 23.402012
96.020981 358.207642 0.454479 231.230621 0.000000 231.230621
206.949890 311.500000 0.454371 160.227905 0.000000 160.227905
264.204498 327.500000 0.453784 755.594788 0.000000 755.594788
491.691956 294.302826 0.453582 167.231689 0.000000 167.231689
43.036968 336.676758 0.452925 16.697866 0.000000 16.697866
123.500000 215.336349 0.452079 339.092590 0.000000 339.092590
454.500000 230.500000 0.451827 2515.181885 0.000000 2515.181885
528.788879 340.500000 0.451358 56.348858 0.000000 56.348858
239.225708 240.941574 0.450820 21.979719 0.000000 21.979719
331.114166 89.452843 0.450757 22.649359 0.000000 22.649359
504.158295 105.646423 0.450543 18.708630 0.000000 18.708630
196.889252 313.394745 0.450518 328.693909 0.000000 328.693909
103.567146 197.352158 0.449954 15.366042 0.000000 15.366042
18.319498 9.429148 0.449193 181.833328 0.000000 181.833328
475.704651 379.500000 0.448999 29.852110 0.000000 29.852110
66.095695 374.941986 0.447981 22.660498 0.000000 22.660498
40.942596 410.931305 0.447908 26.852627 0.000000 26.852627
406.051208 301.500000 0.447669 17.889238 0.000000 17.889238
169.062943 255.890076 0.447076 21.009735 0.000000 21.009735
137.500000 325.500000 0.446838 51.295380 0.000000 51.295380
140.211517 193.316132 0.446626 18.856657 0.000000 18.856657
427.476227 267.701477 0.446466 34.082928 0.000000 34.082928
270.499359 309.670410 0.445086 29.246092 0.000000 29.246092
290.732971 343.400909 0.445037 56.928638 0.000000 56.928638
381.973724 99.379387 0.444938 180.585175 0.000000 180.585175
520.957947 260.995728 0.444820 30.143595 0.000000 30.143595
81.500000 242.081833 0.444811 127.423164 0.000000 127.423164
63.500000 246.477631 0.444449 86.318451 0.000000 86.318451
273.288361 369.136475 0.444227 30.893606 0.000000 30.893606
61.500000 341.500000 0.444200 97.568314 0.000000 97.568314
174.690765 239.816086 0.442938 21.715061 0.000000 21.715061
183.142929 312.890259 0.442538 19.748777 0.000000 19.748777
59.835518 197.830872 0.442169 162.194092 0.000000 162.194092
44.500000 13.420828 0.442028 44.834297 0.000000 44.834297
353.096558 361.500000 0.441501 18.110899 0.000000 18.110899
325.070892 285.969727 0.441430 32.211624 0.000000 32.211624
566.130493 300.707611 0.441351 35.916199 0.000000 35.916199
132.725220 332.723541 0.441264 17.434689 0.000000 17.434689
558.103027 336.756317 0.440369 16.766493 0.000000 16.766493
509.500000 230.874420 0.440098 24.392075 0.000000 24.392075
71.500000 277.500000 0.439616 245.856750 0.000000 245.856750
537.560730 285.709747 0.439458 22.166258 0.000000 22.166258
547.500000 111.500000 0.439282 154.880035 0.000000 154.880035
217.096298 460.967041 0.438260 19.759256 0.000000 19.759256
305.500000 109.852066 0.437938 22.318285 0.000000 22.318285
565.769226 297.500000 0.437878 17.316093 0.000000 17.316093
49.500000 206.500000 0.437870 24.392075 0.000000 24.392075
21.950800 211.894836 0.437850 19.529598 0.000000 19.529598
573.566284 117.076889 0.437423 39.971508 0.000000 39.971508
212.608337 205.500000 0.437383 116.554535 0.000000 116.554535
527.056580 106.659615 0.436363 218.070465 0.000000 218.070465
387.225067 145.500000 0.435904 53.904720 0.000000 53.904720
227.500000 163.500000 0.435738 41.724201 0.000000 41.724201
81.474258 271.829407 0.434428 19.757021 0.000000 19.757021
446.783600 130.931290 0.434049 34.915035 0.000000 34.915035
403.108337 340.170319 0.433727 27.697859 0.000000 27.697859
29.112518 146.729279 0.433484 15.692454 0.000000 15.692454
96.223915 338.847473 0.433364 65.363586 0.000000 65.363586
123.500000 184.750732 0.433213 17.213549 0.000000 17.213549
198.936111 205.500000 0.433011 29.963053 0.000000 29.963053
180.500000 109.528770 0.432574 54.867527 0.000000 54.867527
63.500000 107.500000 0.432384 747.186829 0.000000 747.186829
15.436032 133.591782 0.432183 18.360346 0.000000 18.360346
169.885315 168.500000 0.432002 15.405249 0.000000 15.405249
168.709183 152.603622 0.431658 64.711151 0.000000 64.711151
263.200928 272.576111 0.431652 33.498524 0.000000 33.498524
360.500000 366.500000 0.431589 24.392075 0.000000 24.392075
143.256241 178.832870 0.431264 28.727362 0.000000 28.727362
554.581055 187.706741 0.431178 34.349789 0.000000 34.349789
563.195923 154.203049 0.431066 20.426710 0.000000 20.426710
92.157364 401.972076 0.430587 21.270554 0.000000 21.270554
418.464020 145.684402 0.430271 109.664284 0.000000 109.664284
560.361084 253.500000 0.430219 102.370010 0.000000 102.370010
217.325333 426.500000 0.429700 18.985405 0.000000 18.985405
70.500000 203.500000 0.429360 27.028156 0.000000 27.028156
293.500000 158.500000 0.428968 59.522758 0.000000 59.522758
500.038635 259.500000 0.428766 24.554008 0.000000 24.554008
538.067627 298.734497 0.428385 21.530470 0.000000 21.530470
315.500000 322.400940 0.428079 24.392075 0.000000 24.392075
368.500000 299.298889 0.427450 58.709938 0.000000 58.709938
258.524170 251.759933 0.426936 64.601318 0.000000 64.601318
61.423244 203.843613 0.426898 49.391430 0.000000 49.391430
399.500000 331.211151 0.426867 21.610264 0.000000 21.610264
605.755127 322.788910 0.426373 15.983944 0.000000 15.983944
401.999146 383.096375 0.425166 17.158627 0.000000 17.158627
127.500000 248.500000 0.424894 24.392075 0.000000 24.392075
578.342896 101.500000 0.424561 21.098431 0.000000 21.098431
361.687103 172.583420 0.424471 38.720009 0.000000 38.720009
212.706619 153.228745 0.424415 20.499626 0.000000 20.499626
572.979126 254.200058 0.423711 26.354591 0.000000 26.354591
237.612106 331.500000 0.423597 112.618401 0.000000 112.618401
136.737717 128.918625 0.422575 24.392075 0.000000 24.392075
17.500000 55.500000 0.422002 239.921127 0.000000 239.921127
403.648071 233.667282 0.421695 51.740723 0.000000 51.740723
152.383575 281.157349 0.421489 181.750366 0.000000 181.750366
38.882122 305.365387 0.420821 53.843925 0.000000 53.843925
277.100403 164.344818 0.420615 17.730112 0.000000 17.730112
379.084076 161.423065 0.420252 38.720009 0.000000 38.720009
421.963684 151.996750 0.420083 24.392075 0.000000 24.392075
257.500000 252.416290 0.419784 61.464176 0.000000 61.464176
448.610413 142.500000 0.419632 61.464176 0.000000 61.464176
572.868042 263.500000 0.419230 766.391907 0.000000 766.391907
235.882095 372.064789 0.419007 19.347792 0.000000 19.347792
600.809204 98.505241 0.418956 126.590225 0.000000 126.590225
285.283295 229.500000 0.418909 22.293983 0.000000 22.293983
294.374969 115.955559 0.418519 38.542225 0.000000 38.542225
210.500000 317.797028 0.418114 30.060568 0.000000 30.060568
588.138977 292.975098 0.417347 24.392075 0.000000 24.392075
219.890167 202.133698 0.416221 32.498837 0.000000 32.498837
387.251160 92.895538 0.416024 30.375616 0.000000 30.375616
356.661041 227.509567 0.415803 24.392075 0.000000 24.392075
606.267822 204.579544 0.415670 30.058231 0.000000 30.058231
100.507111 189.500000 0.415612 147.002609 0.000000 147.002609
28.207436 236.030380 0.415511 24.392075 0.000000 24.392075
202.077789 373.500000 0.415304 36.966423 0.000000 36.966423
369.705566 141.765915 0.415235 32.080593 0.000000 32.080593
202.046036 372.500000 0.414960 44.579891 0.000000 44.579891
591.500000 220.989166 0.414910 97.568314 0.000000 97.568314
330.500000 381.500000 0.414433 31.843494 0.000000 31.843494
439.424683 266.379700 0.413711 365.862305 0.000000 365.862305
284.132385 235.498978 0.413433 20.648899 0.000000 20.648899
264.258148 135.098206 0.413249 29.957226 0.000000 29.957226
10.335833 343.302094 0.412817 29.871637 0.000000 29.871637
598.500000 306.461029 0.412664 25.323961 0.000000 25.323961
62.026134 401.186432 0.412607 26.764082 0.000000 26.764082
449.815979 211.417145 0.412274 415.631378 0.000000 415.631378
511.297913 341.638580 0.412155 19.571711 0.000000 19.571711
347.634521 322.500000 0.411891 37.763611 0.000000 37.763611
128.253082 171.703613 0.411839 18.871834 0.000000 18.871834
239.828049 186.500000 0.411698 24.392075 0.000000 24.392075
238.519608 382.224731 0.411356 87.600075 0.000000 87.600075
52.261215 131.998566 0.409715 88.769806 0.000000 88.769806
74.500000 141.500000 0.409258 38.720009 0.000000 38.720009
216.405914 372.413544 0.408977 17.123743 0.000000 17.123743
354.345764 308.500000 0.408945 18.760740 0.000000 18.760740
202.796753 98.267036 0.408448 19.779427 0.000000 19.779427
399.471344 104.500000 0.408289 24.392075 0.000000 24.392075
163.372375 164.448654 0.406169 96.657005 0.000000 96.657005
393.523376 340.480011 0.405634 19.057186 0.000000 19.057186
251.500000 105.500000 0.405484 72.412560 0.000000 72.412560
211.671661 194.843460 0.405337 245.856750 0.000000 245.856750
131.679153 293.654541 0.405246 26.234070 0.000000 26.234070
155.500000 159.500000 0.404472 15.366042 0.000000 15.366042
554.500000 102.500000 0.404259 16.266138 0.000000 16.266138
421.522339 214.500000 0.404017 61.464176 0.000000 61.464176
19.500000 436.636963 0.403398 16.500078 0.000000 16.500078
107.303856 401.673676 0.403384 16.846777 0.000000 16.846777
130.521774 126.918526 0.403256 180.831848 0.000000 180.831848
229.900940 294.500000 0.403169 15.366042 0.000000 15.366042
380.184509 107.500000 0.403163 476.415497 0.000000 476.415497
72.814880 295.833496 0.402960 18.734219 0.000000 18.734219
51.790707 390.214142 0.402727 21.124493 0.000000 21.124493
275.500000 178.457733 0.402311 30.845251 0.000000 30.845251
221.086868 192.045685 0.401960 26.341074 0.000000 26.341074
17.500000 23.247131 0.401839 32.112568 0.000000 32.112568
327.500000 340.500000 0.401593 24.392075 0.000000 24.392075
72.052376 187.787994 0.401436 112.696075 0.000000 112.696075
97.952065 199.030121 0.401242 31.229200 0.000000 31.229200
337.588501 182.500000 0.400998 18.050610 0.000000 18.050610
321.153198 306.905426 0.400967 23.653749 0.000000 23.653749
236.919983 248.732605 0.400750 78.572021 0.000000 78.572021
133.315491 329.500000 0.400545 34.995014 0.000000 34.995014
270.140076 151.854828 0.400241 24.392075 0.000000 24.392075
181.192780 169.142990 0.400047 34.520744 0.000000 34.520744
183.632339 301.463196 0.399045 19.804043 0.000000 19.804043
483.500000 316.240051 0.398902 96.182137 0.000000 96.182137
269.184174 401.283508 0.398625 22.615673 0.000000 22.615673
586.553528 134.500000 0.398581 26.016897 0.000000 26.016897
189.500000 283.500000 0.398566 97.568314 0.000000 97.568314
198.123474 194.500000 0.397855 40.822586 0.000000 40.822586
560.779236 300.157806 0.397461 97.568314 0.000000 97.568314
499.138245 321.618958 0.397456 1305.273560 0.000000 1305.273560
101.500320 256.099548 0.397195 21.637724 0.000000 21.637724
116.837906 137.011688 0.396810 32.114666 0.000000 32.114666
479.500000 225.656433 0.396666 471.599213 0.000000 471.599213
479.500000 172.833466 0.396096 541.660645 0.000000 541.660645
17.500000 308.500000 0.395973 29.626989 0.000000 29.626989
144.395370 175.007660 0.395924 72.376282 0.000000 72.376282
102.750168 457.417816 0.395879 15.554214 0.000000 15.554214
573.500000 301.500000 0.395757 123.696205 0.000000 123.696205
211.320648 195.500000 0.395456 250.739105 0.000000 250.739105
593.500000 284.414154 0.394627 94.717865 0.000000 94.717865
564.149597 449.826996 0.394537 21.833679 0.000000 21.833679
552.701721 429.821594 0.394248 17.255754 0.000000 17.255754
258.647980 147.873886 0.394236 27.518839 0.000000 27.518839
19.262728 324.252899 0.394052 33.422657 0.000000 33.422657
156.500000 247.500000 0.393904 43.531734 0.000000 43.531734
399.002045 317.373413 0.393891 51.506893 0.000000 51.506893
30.832390 45.116722 0.393723 30.747528 0.000000 30.747528
22.633972 82.957169 0.393671 76.135567 0.000000 76.135567
415.884033 336.886322 0.393121 21.572109 0.000000 21.572109
14.124220 183.976456 0.392969 19.776814 0.000000 19.776814
223.500000 138.500000 0.392880 15.830920 0.000000 15.830920
530.273865 460.594757 0.392135 30.936611 0.000000 30.936611
461.500000 105.656639 0.392067 45.274147 0.000000 45.274147
142.889648 89.692299 0.391359 750.365540 0.000000 750.365540
363.761841 139.500000 0.391165 276.958954 0.000000 276.958954
303.526062 409.501953 0.390027 35.536659 0.000000 35.536659
514.038208 427.397949 0.389867 21.783260 0.000000 21.783260
339.009552 282.163910 0.389799 18.456373 0.000000 18.456373
37.661938 418.715027 0.389439 16.275995 0.000000 16.275995
599.118347 161.798676 0.389378 20.978159 0.000000 20.978159
165.168411 341.281372 0.387732 24.008949 0.000000 24.008949
28.500000 7.500000 0.387599 16.627316 0.000000 16.627316
217.154449 384.815674 0.387455 24.146646 0.000000 24.146646
47.500000 203.361557 0.387171 47.261047 0.000000 47.261047
15.500000 31.500000 0.387115 619.520264 0.000000 619.520264
543.238770 182.130997 0.387040 17.073257 0.000000 17.073257
519.202026 206.877029 0.386672 16.471231 0.000000 16.471231
216.459503 167.917786 0.385956 120.888680 0.000000 120.888680
5.500000 225.500000 0.385934 24.392075 0.000000 24.392075
485.536469 115.712761 0.385561 97.568314 0.000000 97.568314
24.264559 184.549362 0.385540 28.413439 0.000000 28.413439
587.571655 244.500000 0.385472 19.890472 0.000000 19.890472
594.500000 269.796082 0.385432 24.392075 0.000000 24.392075
261.500000 342.225800 0.385404 27.022539 0.000000 27.022539
451.500000 215.500000 0.384848 154.880035 0.000000 154.880035
353.610962 253.249664 0.384826 5791.379395 0.000000 5791.379395
180.782394 138.500000 0.384583 30.467295 0.000000 30.467295
203.168777 302.178864 0.384445 21.063576 0.000000 21.063576
505.744629 181.151047 0.384236 19.314621 0.000000 19.314621
206.500000 225.370621 0.383718 24.392075 0.000000 24.392075
23.194637 264.993042 0.383331 44.437546 0.000000 44.437546
40.480022 20.885267 0.383169 27.484379 0.000000 27.484379
612.952576 356.500000 0.382818 29.385715 0.000000 29.385715
173.233994 142.989059 0.382731 1629.457153 0.000000 1629.457153
523.341980 164.576447 0.382610 66.570763 0.000000 66.570763
271.500000 279.500000 0.382409 266.560333 0.000000 266.560333
34.166687 397.500000 0.381765 28.711498 0.000000 28.711498
355.388275 173.500000 0.381742 38.720009 0.000000 38.720009
229.795868 148.975098 0.381387 22.363184 0.000000 22.363184
179.700424 209.500000 0.381107 20.866114 0.000000 20.866114
5.420867 453.500000 0.380939 33.737026 0.000000 33.737026
532.154907 238.241302 0.380361 35.315632 0.000000 35.315632
258.092377 126.214043 0.380251 19.187086 0.000000 19.187086
596.480164 326.500000 0.380057 51.067753 0.000000 51.067753
169.984192 158.500000 0.378735 18.813873 0.000000 18.813873
335.084625 90.805870 0.378457 58.625751 0.000000 58.625751
29.500000 9.500000 0.378354 71.694611 0.000000 71.694611
532.041931 169.607025 0.378042 54.497688 0.000000 54.497688
180.018570 194.985687 0.377739 16.494291 0.000000 16.494291
238.500000 154.235596 0.377346 28.565531 0.000000 28.565531
240.500000 176.396103 0.377114 24.392075 0.000000 24.392075
119.500000 227.500000 0.377025 619.520264 0.000000 619.520264
575.500000 253.500000 0.376849 114.498177 0.000000 114.498177
182.852341 326.978821 0.376644 32.604271 0.000000 32.604271
187.671356 196.845551 0.376318 17.026665 0.000000 17.026665
221.500000 338.500000 0.376158 38.720009 0.000000 38.720009
247.500000 200.500000 0.375505 20.169159 0.000000 20.169159
40.583168 352.179413 0.375249 30.280571 0.000000 30.280571
21.500000 294.592834 0.374910 118.396133 0.000000 118.396133
458.021484 297.500000 0.374882 47.043816 0.000000 47.043816
464.500000 215.500000 0.374600 55.163212 0.000000 55.163212
6.050193 395.130615 0.374526 23.479744 0.000000 23.479744
114.653976 184.905716 0.374216 19.231026 0.000000 19.231026
206.500000 296.500000 0.372970 53.294495 0.000000 53.294495
114.974426 268.026428 0.372895 71.641548 0.000000 71.641548
335.500000 268.846497 0.372844 27.771986 0.000000 27.771986
470.532471 102.861115 0.372718 18.865496 0.000000 18.865496
347.500000 107.500000 0.372528 390.273254 0.000000 390.273254
545.430054 252.931519 0.372145 27.865089 0.000000 27.865089
119.329185 148.500000 0.372029 40.266563 0.000000 40.266563
169.500000 302.146393 0.371951 26.490173 0.000000 26.490173
372.384705 440.693512 0.371882 24.392075 0.000000 24.392075
334.525696 369.500000 0.371800 38.720009 0.000000 38.720009
8.371384 141.500000 0.371510 66.183243 0.000000 66.183243
122.768837 439.178497 0.370797 50.087799 0.000000 50.087799
561.500000 430.154480 0.370692 24.392075 0.000000 24.392075
27.174969 417.483002 0.370561 20.019939 0.000000 20.019939
475.500000 219.391556 0.370007 134.371719 0.000000 134.371719
269.364197 314.500000 0.369881 51.036579 0.000000 51.036579
605.632996 324.604431 0.369049 39.729534 0.000000 39.729534
496.965088 329.270935 0.368939 28.416803 0.000000 28.416803
583.500000 364.500000 0.368878 16.289946 0.000000 16.289946
385.500000 227.504730 0.368756 24.392075 0.000000 24.392075
244.804245 293.141693 0.368501 25.623079 0.000000 25.623079
254.002029 278.865875 0.368295 29.187729 0.000000 29.187729
77.039467 185.500000 0.368207 53.968372 0.000000 53.968372
140.206940 340.356873 0.366967 25.472704 0.000000 25.472704
470.500000 444.564911 0.366763 24.392075 0.000000 24.392075
439.995361 403.273224 0.366755 18.703087 0.000000 18.703087
230.273453 385.500000 0.366353 16.581631 0.000000 16.581631
499.794891 455.078247 0.366347 29.893877 0.000000 29.893877
157.934036 457.781128 0.366146 29.094435 0.000000 29.094435
185.258957 281.027649 0.365959 30.530973 0.000000 30.530973
8.500000 59.500000 0.365639 38.720009 0.000000 38.720009
310.488800 280.199463 0.365618 291.338715 0.000000 291.338715
319.500000 164.897964 0.365503 29.891375 0.000000 29.891375
536.522705 254.500000 0.365503 24.392075 0.000000 24.392075
502.320038 302.277222 0.365358 33.727543 0.000000 33.727543
358.500000 325.639648 0.365045 1806.176392 0.000000 1806.176392
414.566071 382.500000 0.364299 33.305798 0.000000 33.305798
32.110874 220.500000 0.364294 29.038324 0.000000 29.038324
240.500000 260.201630 0.363871 16.718512 0.000000 16.718512
278.840027 172.351898 0.363702 32.025337 0.000000 32.025337
62.235641 299.500000 0.363661 31.600828 0.000000 31.600828
588.500000 232.500000 0.363451 24.392075 0.000000 24.392075
577.142151 460.500000 0.362809 60.141796 0.000000 60.141796
355.652679 224.302734 0.362708 85.041908 0.000000 85.041908
569.500000 437.500000 0.362681 19.759506 0.000000 19.759506
26.508324 25.500000 0.362606 55.362030 0.000000 55.362030
72.287201 398.423401 0.362443 19.995510 0.000000 19.995510
142.887390 331.650513 0.361803 24.392075 0.000000 24.392075
521.500000 228.500000 0.361544 24.392075 0.000000 24.392075
119.323509 150.065933 0.361494 32.766338 0.000000 32.766338
494.153961 295.535309 0.361289 22.532024 0.000000 22.532024
35.327599 11.056384 0.360285 24.392075 0.000000 24.392075
298.500000 160.557037 0.360125 22.993383 0.000000 22.993383
392.887238 316.720306 0.359626 24.392075 0.000000 24.392075
390.502136 428.175446 0.359388 33.717705 0.000000 33.717705
138.940643 453.132446 0.358743 138.863388 0.000000 138.863388
318.256317 238.883377 0.358401 21.330475 0.000000 21.330475
98.348541 263.780457 0.358261 115.169037 0.000000 115.169037
305.530487 320.500000 0.358256 38.720009 0.000000 38.720009
121.240585 394.500000 0.357801 32.807453 0.000000 32.807453
339.901031 170.931625 0.357509 24.392075 0.000000 24.392075
338.313812 98.988182 0.357362 110.815071 0.000000 110.815071
381.440491 168.909531 0.357061 298.584656 0.000000 298.584656
499.422150 113.500000 0.356447 154.880035 0.000000 154.880035
156.500000 197.049164 0.356236 18.395615 0.000000 18.395615
4.404692 327.500000 0.356153 18.272091 0.000000 18.272091
267.294067 403.405151 0.356116 54.790337 0.000000 54.790337
432.451721 110.444771 0.355910 89.502647 0.000000 89.502647
244.395416 218.726807 0.355897 224.706635 0.000000 224.706635
114.500000 138.500000 0.355882 61.464176 0.000000 61.464176
223.792236 283.745728 0.355798 360.889832 0.000000 360.889832
82.342522 279.310028 0.355382 18.600338 0.000000 18.600338
369.881439 204.734573 0.355224 24.392075 0.000000 24.392075
41.525402 359.219849 0.355199 24.102203 0.000000 24.102203
123.149391 423.881195 0.354938 20.297041 0.000000 20.297041
490.700684 104.089531 0.354751 48.778522 0.000000 48.778522
271.096436 262.500000 0.354596 53.323975 0.000000 53.323975
291.500000 230.500000 0.354277 15.366042 0.000000 15.366042
279.965240 198.346451 0.353842 17.195127 0.000000 17.195127
491.500000 305.670258 0.352733 395.243103 0.000000 395.243103
317.500000 255.500000 0.352723 75.417953 0.000000 75.417953
173.803284 373.970062 0.352565 29.917940 0.000000 29.917940
379.847046 330.257629 0.352465 20.249241 0.000000 20.249241
449.500000 245.500000 0.352380 24.392075 0.000000 24.392075
501.111237 197.500000 0.352300 58.235073 0.000000 58.235073
441.500000 157.500000 0.352028 177.197571 0.000000 177.197571
210.628723 460.627808 0.351698 19.161839 0.000000 19.161839
355.937836 124.500000 0.351517 29.136168 0.000000 29.136168
100.671059 336.802643 0.351265 16.764771 0.000000 16.764771
487.346313 110.418282 0.350870 720.462830 0.000000 720.462830
459.154510 85.500000 0.350646 22.215010 0.000000 22.215010
565.500000 460.858978 0.350350 27.385410 0.000000 27.385410
575.719116 245.476654 0.350087 18.761322 0.000000 18.761322
498.500000 371.500000 0.350008 17.290630 0.000000 17.290630
313.983765 309.437622 0.349725 29.979290 0.000000 29.979290
79.641891 427.084564 0.349519 17.520735 0.000000 17.520735
32.252857 410.500000 0.349494 15.633628 0.000000 15.633628
31.596348 197.531021 0.349276 116.142159 0.000000 116.142159
32.205624 277.230255 0.349265 19.769159 0.000000 19.769159
131.667068 217.156418 0.349226 28.447121 0.000000 28.447121
318.500000 410.648712 0.348983 18.862717 0.000000 18.862717
17.500000 188.500000 0.348858 35.336243 0.000000 35.336243
19.181660 419.500000 0.348387 28.227621 0.000000 28.227621
425.500000 375.500000 0.346412 38.720009 0.000000 38.720009
283.972626 147.500000 0.346269 24.392075 0.000000 24.392075
290.428802 183.148224 0.345829 38.720009 0.000000 38.720009
318.157532 134.500000 0.345446 17.654858 0.000000 17.654858
440.518188 149.017181 0.345291 29.715359 0.000000 29.715359
574.334229 108.281418 0.344726 61.203751 0.000000 61.203751
479.500000 295.500000 0.344476 22.214472 0.000000 22.214472
51.500000 304.147369 0.344358 33.503872 0.000000 33.503872
195.486740 161.672104 0.344153 17.480955 0.000000 17.480955
188.736893 375.183716 0.344125 33.518562 0.000000 33.518562
84.039154 210.404800 0.344083 19.770039 0.000000 19.770039
397.982910 127.500000 0.343488 28.866169 0.000000 28.866169
350.500000 334.500000 0.342850 2525.607666 0.000000 2525.607666
255.215652 336.980164 0.342820 17.784094 0.000000 17.784094
395.808563 365.459106 0.342665 24.392075 0.000000 24.392075
245.086395 183.310516 0.342602 20.724485 0.000000 20.724485
119.341988 321.718964 0.342601 33.577229 0.000000 33.577229
527.653259 359.541229 0.342215 21.266577 0.000000 21.266577
77.500000 338.625061 0.341712 93.164536 0.000000 93.164536
100.453896 102.023788 0.341654 18.320431 0.000000 18.320431
248.500000 120.500000 0.341502 15.366042 0.000000 15.366042
306.092163 184.684723 0.341412 48.286552 0.000000 48.286552
415.500000 351.500000 0.341110 97.568314 0.000000 97.568314
498.500000 373.500000 0.341065 23.765974 0.000000 23.765974
236.406158 122.225258 0.340855 78.111397 0.000000 78.111397
561.803650 334.500000 0.340544 1754.099731 0.000000 1754.099731
6.580064 353.500000 0.340451 58.987400 0.000000 58.987400
75.162849 327.500000 0.340150 16.241693 0.000000 16.241693
540.500000 429.500000 0.339940 24.392075 0.000000 24.392075
280.954010 150.063370 0.339471 42.990875 0.000000 42.990875
218.581436 305.673523 0.339276 18.392813 0.000000 18.392813
43.500000 3.500000 0.339272 22.934229 0.000000 22.934229
380.925537 220.730530 0.339039 20.100849 0.000000 20.100849
323.117249 335.504456 0.337973 30.931164 0.000000 30.931164
118.961662 139.500000 0.337889 153.927078 0.000000 153.927078
558.268066 361.555725 0.337221 28.952005 0.000000 28.952005
187.072342 193.500000 0.337057 19.794085 0.000000 19.794085
452.157196 282.849396 0.336972 24.392075 0.000000 24.392075
223.224869 243.332565 0.336813 43.496487 0.000000 43.496487
602.927368 127.767601 0.336783 21.193871 0.000000 21.193871
280.802551 317.507568 0.336767 16.614559 0.000000 16.614559
145.500000 217.500000 0.336649 49.653133 0.000000 49.653133
311.509827 457.145386 0.336463 24.169048 0.000000 24.169048
355.405121 117.500000 0.336340 117.976738 0.000000 117.976738
553.434387 255.838776 0.336233 18.276585 0.000000 18.276585
145.525269 237.860565 0.336040 1672.719604 0.000000 1672.719604
79.450752 444.892700 0.335638 24.108496 0.000000 24.108496
75.500000 170.500000 0.335281 55.903671 0.000000 55.903671
371.500000 172.182175 0.334748 539.626221 0.000000 539.626221
227.950302 365.468842 0.333945 26.833031 0.000000 26.833031
345.500000 100.923523 0.333582 43.840965 0.000000 43.840965
149.500000 162.492615 0.333423 21.886757 0.000000 21.886757
416.500000 236.747955 0.333230 24.764742 0.000000 24.764742
355.500000 119.500000 0.333205 97.568314 0.000000 97.568314
246.199570 369.913208 0.333045 20.152807 0.000000 20.152807
269.778717 114.982948 0.332810 58.832310 0.000000 58.832310
390.332642 232.848648 0.332747 345.072754 0.000000 345.072754
445.836365 458.060272 0.332724 19.504686 0.000000 19.504686
51.329678 424.590576 0.332429 20.284338 0.000000 20.284338
369.500000 212.500000 0.332375 29.879206 0.000000 29.879206
204.500000 279.126007 0.332371 17.122492 0.000000 17.122492
398.998016 401.724060 0.331855 28.163000 0.000000 28.163000
3.914437 99.204605 0.331786 21.783785 0.000000 21.783785
98.546135 174.500000 0.331754 22.679964 0.000000 22.679964
49.775108 407.855377 0.331570 26.750141 0.000000 26.750141
188.083847 157.500000 0.331463 30.449347 0.000000 30.449347
229.551788 383.500000 0.331426 44.871975 0.000000 44.871975
549.910889 314.683716 0.331141 22.798277 0.000000 22.798277
332.595459 455.500000 0.331129 16.656151 0.000000 16.656151
90.749947 452.635803 0.330993 17.165861 0.000000 17.165861
103.754097 195.312012 0.330986 47.825420 0.000000 47.825420
79.500000 187.181717 0.330828 38.720009 0.000000 38.720009
23.500000 203.500000 0.330808 390.273254 0.000000 390.273254
175.950089 418.759247 0.330465 32.472740 0.000000 32.472740
358.500000 99.714241 0.330382 16.348858 0.000000 16.348858
59.192928 134.500000 0.330163 16.790998 0.000000 16.790998
98.167816 173.369492 0.329884 29.971859 0.000000 29.971859
263.923431 167.012741 0.329861 29.465876 0.000000 29.465876
16.336107 292.802124 0.329701 57.003826 0.000000 57.003826
434.082855 110.154381 0.329680 50.143948 0.000000 50.143948
113.068939 141.405029 0.329489 19.191771 0.000000 19.191771
401.500000 335.500000 0.329030 121.982567 0.000000 121.982567
209.500000 460.500000 0.328858 24.392075 0.000000 24.392075
24.247475 232.476654 0.328621 73.612488 0.000000 73.612488
203.500000 203.500000 0.328490 6244.373047 0.000000 6244.373047
404.707642 225.724548 0.328095 29.009958 0.000000 29.009958
114.500000 235.500000 0.327759 38.720009 0.000000 38.720009
263.500000 369.053223 0.327729 21.636854 0.000000 21.636854
512.740601 102.524658 0.327065 18.775873 0.000000 18.775873
24.815794 85.016113 0.326402 38.720009 0.000000 38.720009
460.275940 333.174866 0.326381 31.745560 0.000000 31.745560
128.655701 346.864685 0.326286 90.713554 0.000000 90.713554
224.017654 240.894913 0.326183 61.464176 0.000000 61.464176
375.733246 265.902832 0.326170 24.392075 0.000000 24.392075
219.500000 142.423035 0.326043 94.379372 0.000000 94.379372
233.721146 397.966095 0.325988 18.331776 0.000000 18.331776
435.875305 375.612671 0.325633 22.968857 0.000000 22.968857
191.557037 417.649719 0.325404 23.570332 0.000000 23.570332
29.100840 344.500000 0.325321 19.744303 0.000000 19.744303
239.500000 387.500000 0.325243 61.464176 0.000000 61.464176
455.751282 383.785370 0.325237 24.392075 0.000000 24.392075
179.274353 367.013519 0.324897 20.062086 0.000000 20.062086
208.500000 332.065491 0.324543 38.175159 0.000000 38.175159
563.500000 205.181549 0.324095 90.052513 0.000000 90.052513
313.500000 405.500000 0.323555 15.366042 0.000000 15.366042
278.763062 433.500000 0.323469 18.981037 0.000000 18.981037
301.795563 99.500000 0.323442 43.778671 0.000000 43.778671
584.885193 440.875732 0.323077 19.583488 0.000000 19.583488
430.500000 448.500000 0.322736 38.720009 0.000000 38.720009
425.522461 166.056458 0.322647 27.925865 0.000000 27.925865
271.500000 115.500000 0.322478 24.392075 0.000000 24.392075
194.929977 240.626816 0.321934 103.050682 0.000000 103.050682
552.500000 264.045410 0.321433 32.036652 0.000000 32.036652
127.800591 213.500000 0.321240 61.464176 0.000000 61.464176
119.989250 164.128830 0.321049 26.657358 0.000000 26.657358
201.939713 325.500000 0.320858 17.979227 0.000000 17.979227
552.385193 366.437622 0.320857 20.130774 0.000000 20.130774
70.682465 365.231812 0.320632 33.522110 0.000000 33.522110
92.500000 134.791870 0.320183 20.425030 0.000000 20.425030
267.864777 179.105515 0.320167 18.227060 0.000000 18.227060
161.500000 209.271973 0.320008 35.919415 0.000000 35.919415
267.500000 163.403259 0.320007 68.590820 0.000000 68.590820
208.857040 258.349243 0.319999 1282.959473 0.000000 1282.959473
368.319611 211.265869 0.319944 18.955780 0.000000 18.955780
559.500000 241.500000 0.319615 17.311432 0.000000 17.311432
104.500000 184.691971 0.319508 19.261408 0.000000 19.261408
409.416443 394.270386 0.319375 53.853603 0.000000 53.853603
408.071594 369.497528 0.318820 88.242958 0.000000 88.242958
336.766785 226.500000 0.318147 28.232132 0.000000 28.232132
384.328033 279.500000 0.318086 42.013088 0.000000 42.013088
392.500000 322.142761 0.317688 33.713726 0.000000 33.713726
451.072418 328.322998 0.317618 24.392075 0.000000 24.392075
267.677948 187.500000 0.317543 22.401644 0.000000 22.401644
510.500000 324.620880 0.317032 23.135242 0.000000 23.135242
137.896896 418.883331 0.316485 19.632444 0.000000 19.632444
123.446381 452.500000 0.316391 36.637188 0.000000 36.637188
179.500000 148.500000 0.316305 24.392075 0.000000 24.392075
288.397308 379.500000 0.316289 54.479218 0.000000 54.479218
441.500000 293.500000 0.315987 16.076828 0.000000 16.076828
186.112732 148.195648 0.315928 52.012989 0.000000 52.012989
126.982262 223.433319 0.315778 23.932898 0.000000 23.932898
329.500000 80.851982 0.315656 42.830334 0.000000 42.830334
479.444244 334.385803 0.315465 179.405167 0.000000 179.405167
379.888153 339.500000 0.315396 15.791810 0.000000 15.791810
545.223450 206.297729 0.315396 89.756279 0.000000 89.756279
360.500000 160.500000 0.315351 31.279980 0.000000 31.279980
262.761414 366.261414 0.315033 43.313049 0.000000 43.313049
608.414063 116.815956 0.314361 126.847122 0.000000 126.847122
484.189636 318.320801 0.314352 18.651983 0.000000 18.651983
280.163391 359.146973 0.314315 34.045227 0.000000 34.045227
29.443926 375.918915 0.314005 29.429676 0.000000 29.429676
279.500000 107.500000 0.313878 15.366042 0.000000 15.366042
59.500000 250.500000 0.313768 25.587421 0.000000 25.587421
86.335266 106.355240 0.313325 128.734695 0.000000 128.734695
400.500000 155.079117 0.312892 30.178812 0.000000 30.178812
399.977997 412.919678 0.312871 19.282265 0.000000 19.282265
124.574181 205.153824 0.312651 78.095787 0.000000 78.095787
372.500000 277.921875 0.312512 28.124985 0.000000 28.124985
183.698486 357.784454 0.312361 4232.275391 0.000000 4232.275391
268.680298 136.500000 0.312054 54.460342 0.000000 54.460342
45.589092 417.183105 0.311488 18.784430 0.000000 18.784430
398.500000 169.500000 0.311327 18.742420 0.000000 18.742420
389.500000 145.808243 0.310789 20.820087 0.000000 20.820087
146.886353 375.846039 0.310486 17.895733 0.000000 17.895733
356.953217 79.500000 0.309988 154.880035 0.000000 154.880035
42.672649 387.895752 0.309737 18.482698 0.000000 18.482698
156.500000 365.585907 0.309544 29.370623 0.000000 29.370623
545.500000 329.500000 0.309207 18.429241 0.000000 18.429241
535.500000 222.176529 0.309176 580.469543 0.000000 580.469543
313.500000 237.475754 0.309126 97.568314 0.000000 97.568314
558.424988 254.179184 0.309063 17.436077 0.000000 17.436077
327.221497 155.500000 0.309033 25.278889 0.000000 25.278889
471.058350 430.061829 0.308914 24.392075 0.000000 24.392075
367.500000 378.171051 0.308901 73.721863 0.000000 73.721863
346.238983 96.500000 0.308746 23.051117 0.000000 23.051117
463.973297 332.984802 0.308578 64.785690 0.000000 64.785690
339.746674 215.500000 0.308241 87.187881 0.000000 87.187881
24.500000 170.474289 0.308213 18.866217 0.000000 18.866217
165.653885 84.500000 0.308144 24.392075 0.000000 24.392075
593.023254 451.500000 0.307661 61.464176 0.000000 61.464176
609.290039 252.858765 0.307282 86.243759 0.000000 86.243759
370.294861 435.865570 0.307003 24.064150 0.000000 24.064150
206.436615 339.831177 0.306890 30.507034 0.000000 30.507034
141.624573 424.500000 0.306712 18.263201 0.000000 18.263201
32.500000 91.155434 0.306665 38.579807 0.000000 38.579807
54.323853 381.300720 0.306213 16.005043 0.000000 16.005043
324.500000 183.166672 0.306204 24.392075 0.000000 24.392075
584.030396 344.557190 0.306157 16.685169 0.000000 16.685169
464.500000 317.020081 0.306055 61.464176 0.000000 61.464176
458.867096 375.787628 0.305870 18.246443 0.000000 18.246443
609.215637 421.793274 0.305790 35.022896 0.000000 35.022896
364.500000 338.869995 0.305260 25.840744 0.000000 25.840744
407.500000 343.500000 0.305095 41.559105 0.000000 41.559105
430.594299 382.351105 0.304869 23.650827 0.000000 23.650827
180.575912 158.748199 0.304495 24.392075 0.000000 24.392075
514.546570 391.500000 0.304088 94.978607 0.000000 94.978607
347.846619 366.500000 0.303739 24.392075 0.000000 24.392075
134.493759 461.314850 0.303546 24.392075 0.000000 24.392075
527.500000 355.387390 0.303470 44.030640 0.000000 44.030640
543.283997 207.321991 0.303230 29.431740 0.000000 29.431740
68.651787 119.873985 0.303112 16.072653 0.000000 16.072653
21.242086 412.348267 0.302814 25.649719 0.000000 25.649719
101.671158 142.620468 0.302608 2042.857666 0.000000 2042.857666
587.011963 193.500000 0.302401 232.602386 0.000000 232.602386
257.191620 376.500000 0.302350 42.365166 0.000000 42.365166
525.251099 318.322601 0.302238 10321.865234 0.000000 10321.865234
26.083248 35.955414 0.302170 21.555683 0.000000 21.555683
109.840088 384.833435 0.302104 21.927784 0.000000 21.927784
153.500000 374.461395 0.302093 25.075277 0.000000 25.075277
349.384644 216.866928 0.301527 159.237244 0.000000 159.237244
513.500000 424.500000 0.301389 52.025005 0.000000 52.025005
345.297394 389.363037 0.301321 29.024311 0.000000 29.024311
356.841217 82.671371 0.301064 125.236664 0.000000 125.236664
301.124146 378.521545 0.300753 34.402390 0.000000 34.402390
183.110840 435.500000 0.300614 47.303371 0.000000 47.303371
265.500000 188.356323 0.300517 37.813171 0.000000 37.813171
225.500000 119.500000 0.300317 193.058472 0.000000 193.058472
32.500000 171.373383 0.300270 18.482838 0.000000 18.482838
10.500000 211.500000 0.300179 24.392075 0.000000 24.392075
393.245605 353.500000 0.300126 195.010437 0.000000 195.010437
13.500000 235.846817 0.300082 239.347229 0.000000 239.347229
315.500000 396.797302 0.300049 27.972174 0.000000 27.972174
