670
92.901093 255.452454 1.333308 55.008068 0.000000 55.008068
42.500000 204.589508 1.298184 24.392075 0.000000 24.392075
422.171906 321.305328 1.246263 97.568314 0.000000 97.568314
580.979004 265.186707 1.223658 131.670792 0.000000 131.670792
579.567261 321.184235 1.181863 126.827621 0.000000 126.827621
228.426453 327.941650 1.179343 77.155014 0.000000 77.155014
495.918488 371.085541 1.170589 48.830402 0.000000 48.830402
269.500000 280.421661 1.138227 49.249039 0.000000 49.249039
270.067902 280.728973 1.109277 24.392075 0.000000 24.392075
609.584717 184.147781 1.098856 20.540905 0.000000 20.540905
391.311066 386.785767 1.091198 28.075432 0.000000 28.075432
165.836014 250.547699 1.036257 75.091034 0.000000 75.091034
372.962067 201.270645 1.029741 27.338747 0.000000 27.338747
281.058014 385.755676 1.017787 61.464176 0.000000 61.464176
534.762390 264.836456 1.006150 43.450672 0.000000 43.450672
234.548996 207.573746 0.998507 43.938560 0.000000 43.938560
287.688873 278.237488 0.988819 24.392075 0.000000 24.392075
274.106110 357.075836 0.976030 460.539673 0.000000 460.539673
290.402832 164.768036 0.974331 207.732895 0.000000 207.732895
378.952576 387.341370 0.938970 23.133930 0.000000 23.133930
578.235535 381.779602 0.927567 338.447144 0.000000 338.447144
373.565887 356.187653 0.914943 375.031891 0.000000 375.031891
121.062737 290.680176 0.912866 21.902563 0.000000 21.902563
322.235382 326.332153 0.901534 92.574234 0.000000 92.574234
53.032368 164.017517 0.899556 19.923611 0.000000 19.923611
112.912323 339.942902 0.897837 56.633369 0.000000 56.633369
197.550461 336.331238 0.896153 36.121399 0.000000 36.121399
356.732666 195.691376 0.886566 78.463737 0.000000 78.463737
302.599762 207.872620 0.882410 21.618235 0.000000 21.618235
489.245544 362.574860 0.881456 803.719727 0.000000 803.719727
312.882721 204.500000 0.880024 40.090733 0.000000 40.090733
61.573120 237.417801 0.847539 24.392075 0.000000 24.392075
384.213623 325.093292 0.832797 35.515793 0.000000 35.515793
452.717438 234.712769 0.826227 178.417465 0.000000 178.417465
138.787827 205.027374 0.824339 29.181402 0.000000 29.181402
365.425140 289.911377 0.821256 71.129105 0.000000 71.129105
197.731674 348.850037 0.819548 29.456568 0.000000 29.456568
529.006714 357.686859 0.819061 186.919205 0.000000 186.919205
315.823730 190.674088 0.812837 23.385143 0.000000 23.385143
121.086349 187.569519 0.812300 43.634277 0.000000 43.634277
54.029591 239.500000 0.805371 317.635529 0.000000 317.635529
221.101685 215.500000 0.797155 21.584982 0.000000 21.584982
317.159424 279.581696 0.796704 28.184494 0.000000 28.184494
258.131165 403.500000 0.795304 25.899088 0.000000 25.899088
236.796036 246.741699 0.769803 54.604931 0.000000 54.604931
95.752853 302.870331 0.765954 37.642609 0.000000 37.642609
474.668335 266.142273 0.762885 23.039091 0.000000 23.039091
600.327881 179.453384 0.761280 38.720009 0.000000 38.720009
142.387711 183.111633 0.755838 82.387978 0.000000 82.387978
125.424568 227.707382 0.754770 944.506165 0.000000 944.506165
405.734039 402.351471 0.750632 75.582756 0.000000 75.582756
355.855988 409.245850 0.748067 18.581312 0.000000 18.581312
490.756775 267.796173 0.747033 32.484852 0.000000 32.484852
128.032486 375.500000 0.742766 24.392075 0.000000 24.392075
447.470032 353.062958 0.741576 18.222603 0.000000 18.222603
566.098206 223.073700 0.741410 201.297714 0.000000 201.297714
268.948822 293.106873 0.739557 67.789841 0.000000 67.789841
163.500000 281.122650 0.737039 29.082161 0.000000 29.082161
222.555588 371.253662 0.736248 71.886940 0.000000 71.886940
571.765259 221.337387 0.734285 19.749952 0.000000 19.749952
550.724182 403.223846 0.732876 20.580122 0.000000 20.580122
289.500000 201.500000 0.732633 97.568314 0.000000 97.568314
367.925751 409.671295 0.731826 38.106445 0.000000 38.106445
91.500000 243.807663 0.728611 35.933609 0.000000 35.933609
120.865570 304.597778 0.727240 35.084560 0.000000 35.084560
384.323242 293.362579 0.723100 29.711105 0.000000 29.711105
549.383911 379.500000 0.722939 142.671417 0.000000 142.671417
561.993469 221.577789 0.722199 18.105711 0.000000 18.105711
247.144775 326.751740 0.720988 58.818104 0.000000 58.818104
533.400024 279.141174 0.719754 38.720009 0.000000 38.720009
254.117661 244.558289 0.717706 44.831863 0.000000 44.831863
216.691315 307.711090 0.716879 19.065664 0.000000 19.065664
327.678741 287.806946 0.714987 88.838432 0.000000 88.838432
179.197067 336.039825 0.711442 61.464176 0.000000 61.464176
515.500000 211.500000 0.710457 449.093323 0.000000 449.093323
375.500000 324.773743 0.706096 22.466274 0.000000 22.466274
100.166023 188.851837 0.704100 47.002151 0.000000 47.002151
255.188736 378.480896 0.703657 131.465607 0.000000 131.465607
470.321777 239.219345 0.703486 24.248150 0.000000 24.248150
356.652557 408.075592 0.700227 43.778217 0.000000 43.778217
425.500000 336.500000 0.698640 38.720009 0.000000 38.720009
550.279358 266.769897 0.697673 49.224743 0.000000 49.224743
389.500000 189.742325 0.696700 245.856750 0.000000 245.856750
463.573212 265.811920 0.695549 21.474865 0.000000 21.474865
180.310806 204.500000 0.695228 42.180946 0.000000 42.180946
419.339691 178.485886 0.693764 327.464691 0.000000 327.464691
197.564255 299.500000 0.688968 37.697006 0.000000 37.697006
268.755920 367.386444 0.687567 1037.273682 0.000000 1037.273682
271.700073 248.766998 0.687485 61.464176 0.000000 61.464176
96.198593 300.596558 0.686436 84.432358 0.000000 84.432358
37.793419 370.862427 0.686393 43.382133 0.000000 43.382133
78.446831 300.086639 0.681434 89.911156 0.000000 89.911156
467.500000 283.500000 0.679581 154.165070 0.000000 154.165070
41.942532 162.790695 0.679348 45.789646 0.000000 45.789646
411.597870 350.616119 0.675938 16.669945 0.000000 16.669945
365.474182 276.621521 0.674325 117.487968 0.000000 117.487968
325.883392 324.639923 0.674052 29.007236 0.000000 29.007236
19.856880 216.276962 0.672638 179.440414 0.000000 179.440414
180.750504 400.500000 0.670755 15.366042 0.000000 15.366042
172.346664 404.500000 0.668702 24.392075 0.000000 24.392075
143.500000 330.450439 0.664498 38.720009 0.000000 38.720009
17.843380 177.639252 0.663210 113.542717 0.000000 113.542717
95.927963 335.503265 0.663086 45.259396 0.000000 45.259396
435.500000 238.500000 0.663055 24.392075 0.000000 24.392075
342.805450 382.966492 0.661830 44.510220 0.000000 44.510220
575.410950 265.788818 0.661763 22.149231 0.000000 22.149231
47.594028 268.730621 0.659936 26.823502 0.000000 26.823502
574.500000 321.932922 0.659104 23.852793 0.000000 23.852793
179.500000 299.167328 0.657827 111.738602 0.000000 111.738602
514.877136 411.315613 0.657823 72.603584 0.000000 72.603584
76.410774 190.685379 0.657020 111.189079 0.000000 111.189079
14.912651 325.139648 0.656517 33.243431 0.000000 33.243431
198.500000 386.500000 0.654467 61.464176 0.000000 61.464176
538.887329 318.186798 0.651553 22.473705 0.000000 22.473705
599.388733 314.524414 0.651461 20.404497 0.000000 20.404497
42.357914 180.251938 0.649243 38.720009 0.000000 38.720009
288.134949 330.282257 0.648078 28.425875 0.000000 28.425875
231.500000 187.043030 0.648013 74.228210 0.000000 74.228210
18.846220 290.069550 0.647842 214.221329 0.000000 214.221329
574.396851 332.730927 0.646345 545.841125 0.000000 545.841125
14.852360 296.898834 0.644362 38.488987 0.000000 38.488987
584.500000 322.641785 0.643935 21.995962 0.000000 21.995962
426.743652 286.932587 0.643252 54.293987 0.000000 54.293987
319.310852 348.605988 0.642902 105.285294 0.000000 105.285294
534.318420 281.500000 0.640001 154.880035 0.000000 154.880035
448.019714 230.030075 0.637790 24.132608 0.000000 24.132608
515.165100 382.908844 0.635519 169.963684 0.000000 169.963684
519.936951 198.180588 0.634730 19.282516 0.000000 19.282516
367.705566 341.562073 0.631896 21.355671 0.000000 21.355671
135.509628 281.375580 0.627665 37.170689 0.000000 37.170689
526.580261 315.176697 0.625477 38.720009 0.000000 38.720009
98.646088 204.088943 0.625015 86.559555 0.000000 86.559555
360.093658 326.628632 0.624335 17.410429 0.000000 17.410429
340.500000 283.500000 0.623579 61.464176 0.000000 61.464176
559.039063 294.500000 0.622671 27.636108 0.000000 27.636108
586.538574 266.418549 0.622219 21.318363 0.000000 21.318363
571.929993 329.939392 0.621359 19.575859 0.000000 19.575859
489.071686 320.228943 0.621316 31.263245 0.000000 31.263245
114.402939 212.949097 0.619824 31.277098 0.000000 31.277098
415.624420 362.500000 0.619573 53.136230 0.000000 53.136230
87.500000 363.847717 0.618833 425.077545 0.000000 425.077545
366.998199 306.902649 0.617668 135.888458 0.000000 135.888458
78.731758 287.500000 0.617079 68.419144 0.000000 68.419144
488.053223 413.013855 0.614800 23.345655 0.000000 23.345655
180.110825 291.345764 0.614346 97.568314 0.000000 97.568314
198.662720 307.004639 0.610230 84.789658 0.000000 84.789658
453.263123 360.203949 0.609996 18.830313 0.000000 18.830313
291.500000 197.500000 0.604608 38.720009 0.000000 38.720009
468.873596 350.769562 0.604021 30.312277 0.000000 30.312277
142.906769 223.192245 0.599497 20.007093 0.000000 20.007093
265.500000 386.163940 0.599378 45.384739 0.000000 45.384739
417.062561 389.990234 0.599211 61.464176 0.000000 61.464176
180.500000 285.517731 0.598996 46.805172 0.000000 46.805172
215.005508 388.658142 0.598216 48.160946 0.000000 48.160946
344.159607 407.500000 0.597316 36.003971 0.000000 36.003971
282.932220 364.887054 0.595899 21.679190 0.000000 21.679190
384.595581 407.500000 0.593400 102.167358 0.000000 102.167358
250.606033 276.882996 0.593055 35.619179 0.000000 35.619179
109.500000 299.014709 0.592675 70.033707 0.000000 70.033707
286.500000 178.949936 0.592152 1644.911377 0.000000 1644.911377
503.690155 359.148285 0.591216 34.216206 0.000000 34.216206
127.913254 251.815338 0.590962 21.825106 0.000000 21.825106
465.638519 195.993805 0.590852 113.782806 0.000000 113.782806
11.301229 364.266327 0.590539 33.015953 0.000000 33.015953
446.235657 364.931366 0.590194 35.668221 0.000000 35.668221
597.355713 411.128937 0.589648 128.434540 0.000000 128.434540
235.500000 292.186859 0.589547 42.367619 0.000000 42.367619
547.473999 199.548370 0.589063 27.211557 0.000000 27.211557
361.172302 383.108307 0.587853 94.569733 0.000000 94.569733
379.803223 410.811920 0.585844 20.887272 0.000000 20.887272
542.288330 207.998276 0.584892 32.146214 0.000000 32.146214
206.856552 216.108887 0.583626 23.539690 0.000000 23.539690
78.198441 295.217896 0.583099 182.972336 0.000000 182.972336
183.500000 394.500000 0.582523 15.366042 0.000000 15.366042
94.725334 286.948181 0.582433 18.425798 0.000000 18.425798
489.469818 290.984131 0.582004 39.821827 0.000000 39.821827
68.555206 205.664429 0.581375 88.854866 0.000000 88.854866
277.106873 373.970642 0.580801 19.345640 0.000000 19.345640
309.500000 375.013489 0.579840 54.189720 0.000000 54.189720
327.908508 273.133698 0.579790 28.041868 0.000000 28.041868
253.316605 246.403275 0.578972 79.975845 0.000000 79.975845
217.500000 253.759262 0.578642 59.125114 0.000000 59.125114
441.454651 383.160522 0.578093 390.273254 0.000000 390.273254
120.802444 215.411697 0.573379 114.987793 0.000000 114.987793
250.147369 332.808594 0.572528 18.157021 0.000000 18.157021
295.675049 185.728271 0.569151 38.026917 0.000000 38.026917
147.608536 351.873169 0.566525 32.444901 0.000000 32.444901
591.170532 372.581696 0.565967 29.375786 0.000000 29.375786
343.500000 406.393494 0.565868 65.901169 0.000000 65.901169
586.443359 283.347046 0.564731 30.594784 0.000000 30.594784
229.500000 289.500000 0.564637 97.568314 0.000000 97.568314
385.896698 275.500000 0.564450 30.332279 0.000000 30.332279
307.816650 376.457611 0.563329 97.568314 0.000000 97.568314
347.071869 256.101440 0.563191 2941.445557 0.000000 2941.445557
266.135284 374.819580 0.562982 24.075649 0.000000 24.075649
6.067014 349.074249 0.560966 17.637480 0.000000 17.637480
449.030762 357.573059 0.560349 125.183456 0.000000 125.183456
472.941406 290.012543 0.559438 53.898396 0.000000 53.898396
430.500000 387.909973 0.559281 38.720009 0.000000 38.720009
582.353333 329.500000 0.558889 29.198545 0.000000 29.198545
228.445755 257.238770 0.558633 347.332550 0.000000 347.332550
403.119995 384.500000 0.556589 21.420986 0.000000 21.420986
200.806473 293.500000 0.556241 81.683823 0.000000 81.683823
64.985603 203.500000 0.555611 38.720009 0.000000 38.720009
523.500000 254.637543 0.555034 15.366042 0.000000 15.366042
286.500000 295.500000 0.554399 43.960499 0.000000 43.960499
182.500000 334.424591 0.551149 24.392075 0.000000 24.392075
219.500000 443.500000 0.551149 637.370361 0.000000 637.370361
602.408264 318.319916 0.549659 134.160797 0.000000 134.160797
305.500000 377.887970 0.548782 185.113327 0.000000 185.113327
13.372220 351.082611 0.548673 96.058342 0.000000 96.058342
469.020447 274.161285 0.548297 24.118223 0.000000 24.118223
403.257660 379.500000 0.547985 130.847672 0.000000 130.847672
88.653236 218.964615 0.546113 135.054764 0.000000 135.054764
415.473328 265.807465 0.545035 21.123455 0.000000 21.123455
254.087357 248.338547 0.544469 1156.735474 0.000000 1156.735474
70.832596 326.686188 0.544209 37.975353 0.000000 37.975353
411.500000 290.500000 0.543208 37.675438 0.000000 37.675438
457.595612 230.166779 0.541570 21.471626 0.000000 21.471626
34.361988 360.776489 0.539342 33.144409 0.000000 33.144409
327.826874 284.054596 0.539271 21.466724 0.000000 21.466724
555.948120 352.466064 0.539239 73.417435 0.000000 73.417435
127.500000 200.247696 0.538209 46.159111 0.000000 46.159111
277.910278 402.947815 0.537461 36.855907 0.000000 36.855907
57.500000 345.500000 0.535624 38.970798 0.000000 38.970798
396.381836 376.336334 0.534974 20.096346 0.000000 20.096346
502.479218 406.250610 0.534960 97.568314 0.000000 97.568314
409.500000 303.910034 0.533765 31.240559 0.000000 31.240559
548.331177 290.525146 0.533438 109.068954 0.000000 109.068954
158.668549 204.670227 0.532932 69.620888 0.000000 69.620888
438.500000 394.271545 0.532863 38.720009 0.000000 38.720009
63.278954 323.407776 0.532342 15.366042 0.000000 15.366042
151.500000 296.500000 0.532309 39.676888 0.000000 39.676888
286.959900 294.577118 0.530779 97.568314 0.000000 97.568314
148.453461 205.500000 0.527322 25.098206 0.000000 25.098206
194.363266 196.027481 0.527289 28.878902 0.000000 28.878902
512.025024 292.058228 0.526582 18.977037 0.000000 18.977037
216.227081 215.768372 0.526133 24.294764 0.000000 24.294764
429.229645 288.512054 0.525926 510.590454 0.000000 510.590454
337.360291 324.255798 0.525892 26.633585 0.000000 26.633585
525.500000 335.500000 0.522718 149.859299 0.000000 149.859299
360.149994 300.141022 0.521234 21.355913 0.000000 21.355913
117.305466 255.574875 0.518072 4684.998047 0.000000 4684.998047
566.886536 416.999420 0.517432 23.394386 0.000000 23.394386
387.240662 374.872742 0.517016 18.141468 0.000000 18.141468
234.826355 277.500000 0.516939 38.720009 0.000000 38.720009
565.818298 385.312378 0.516775 17.967289 0.000000 17.967289
397.336548 198.162704 0.514433 44.745434 0.000000 44.745434
62.830540 284.851074 0.514339 23.084888 0.000000 23.084888
387.500000 183.923370 0.512826 38.720009 0.000000 38.720009
312.500000 299.500000 0.512479 36.894905 0.000000 36.894905
347.658936 303.600983 0.511285 29.404779 0.000000 29.404779
20.500000 178.500000 0.508271 15.366042 0.000000 15.366042
150.636978 286.943909 0.507365 17.499481 0.000000 17.499481
611.059692 387.958588 0.506364 24.392075 0.000000 24.392075
118.500000 270.500000 0.505470 3933.708984 0.000000 3933.708984
435.163025 379.164215 0.505188 140.598450 0.000000 140.598450
343.500000 403.500000 0.505136 38.720009 0.000000 38.720009
183.955200 215.712479 0.504472 24.392075 0.000000 24.392075
321.500000 395.984253 0.503964 245.856750 0.000000 245.856750
516.779297 348.071747 0.501907 19.577408 0.000000 19.577408
461.735687 382.039185 0.500670 20.648180 0.000000 20.648180
386.602600 192.016846 0.500601 23.458260 0.000000 23.458260
343.388428 358.016663 0.500039 34.915470 0.000000 34.915470
218.060944 253.500000 0.500017 61.464176 0.000000 61.464176
437.441254 201.486572 0.499825 34.013958 0.000000 34.013958
579.399597 333.500000 0.498996 147.724274 0.000000 147.724274
410.865356 260.185059 0.498907 24.392075 0.000000 24.392075
301.291809 459.905212 0.498848 32.407265 0.000000 32.407265
533.500000 415.403412 0.498455 36.118626 0.000000 36.118626
80.500000 331.500000 0.498264 24.392075 0.000000 24.392075
323.109283 250.119949 0.498250 291.086670 0.000000 291.086670
343.384277 331.500000 0.498241 24.970531 0.000000 24.970531
308.500000 250.500000 0.497550 42.282459 0.000000 42.282459
158.500000 205.500000 0.497540 61.464176 0.000000 61.464176
302.708191 197.428040 0.497252 43.834217 0.000000 43.834217
528.500122 245.944489 0.495818 202.864761 0.000000 202.864761
581.091736 277.500000 0.495542 136.554230 0.000000 136.554230
510.500000 354.347778 0.495027 15.701785 0.000000 15.701785
470.872406 266.548981 0.493673 103.934753 0.000000 103.934753
427.491730 276.500000 0.492784 31.733341 0.000000 31.733341
58.020195 369.171204 0.492224 1762.788696 0.000000 1762.788696
330.639587 392.633453 0.491945 24.392075 0.000000 24.392075
185.884369 313.332489 0.490163 20.529245 0.000000 20.529245
268.000366 326.465179 0.488519 77.236435 0.000000 77.236435
216.435013 200.389236 0.486360 80.406319 0.000000 80.406319
422.843018 282.399048 0.485906 189.358597 0.000000 189.358597
440.529358 284.663757 0.485641 170.823578 0.000000 170.823578
222.003250 353.727173 0.485556 69.490158 0.000000 69.490158
198.151398 327.680756 0.484653 29.242550 0.000000 29.242550
392.700043 393.771240 0.484127 20.374823 0.000000 20.374823
263.298370 329.688873 0.484070 17.396982 0.000000 17.396982
249.892776 396.210388 0.483889 24.392075 0.000000 24.392075
605.339722 171.500000 0.483494 35.028557 0.000000 35.028557
48.500000 301.500000 0.483475 15.366042 0.000000 15.366042
134.531113 307.565277 0.482906 15.975479 0.000000 15.975479
155.500000 295.892090 0.482841 97.568314 0.000000 97.568314
103.500000 307.548462 0.482118 619.520264 0.000000 619.520264
89.500000 179.500000 0.481910 29.948103 0.000000 29.948103
445.500000 193.261261 0.481788 39.223228 0.000000 39.223228
369.058258 241.794724 0.479918 80.910347 0.000000 80.910347
537.500000 345.500000 0.479298 15.366042 0.000000 15.366042
410.996216 260.194153 0.479027 42.738125 0.000000 42.738125
497.500000 322.904236 0.478583 74.279572 0.000000 74.279572
384.644165 286.500000 0.478315 15.587360 0.000000 15.587360
386.500000 194.500000 0.477628 57.376396 0.000000 57.376396
405.500000 383.163452 0.476714 48.912300 0.000000 48.912300
130.500000 336.500000 0.476677 48.132881 0.000000 48.132881
255.205048 387.500000 0.476431 487.308777 0.000000 487.308777
338.782227 237.159363 0.476426 34.379196 0.000000 34.379196
386.500000 254.500000 0.476274 59.189510 0.000000 59.189510
591.500000 409.283356 0.475374 29.787273 0.000000 29.787273
288.453857 325.500000 0.475301 120.587784 0.000000 120.587784
18.312782 309.114014 0.474798 19.358356 0.000000 19.358356
433.500000 193.815704 0.474602 24.392075 0.000000 24.392075
479.047485 324.500000 0.473064 23.622326 0.000000 23.622326
61.506363 265.500000 0.472000 45.413311 0.000000 45.413311
181.292053 387.976929 0.471793 309.186768 0.000000 309.186768
231.069977 346.044586 0.470987 364.816437 0.000000 364.816437
524.500000 339.500000 0.470262 38.720009 0.000000 38.720009
569.409241 254.500000 0.467556 2073.067871 0.000000 2073.067871
55.695923 302.896729 0.467042 32.885452 0.000000 32.885452
146.750763 321.112671 0.466783 22.076029 0.000000 22.076029
606.642639 346.034210 0.465249 82.253250 0.000000 82.253250
237.500000 346.263458 0.464921 121.492188 0.000000 121.492188
184.500000 357.500000 0.464228 24.831161 0.000000 24.831161
482.276978 197.500000 0.463158 24.392075 0.000000 24.392075
466.944550 316.420013 0.462362 151.816345 0.000000 151.816345
313.275116 351.215790 0.461768 19.149334 0.000000 19.149334
410.010162 245.475662 0.461289 78.091522 0.000000 78.091522
330.500000 185.500000 0.461261 38.720009 0.000000 38.720009
227.500000 423.146942 0.460192 167.290619 0.000000 167.290619
326.473511 338.197998 0.459800 22.764971 0.000000 22.764971
447.500000 324.004944 0.459531 47.938835 0.000000 47.938835
199.111557 229.147568 0.459173 546.560852 0.000000 546.560852
349.023773 223.496597 0.458159 127.626129 0.000000 127.626129
285.422516 256.082489 0.457398 68.024849 0.000000 68.024849
65.413017 177.111069 0.457262 17.005142 0.000000 17.005142
343.500000 272.500000 0.457056 24.392075 0.000000 24.392075
274.486877 452.887604 0.456069 29.538654 0.000000 29.538654
537.794556 296.149933 0.454949 27.955502 0.000000 27.955502
67.602669 361.815552 0.454231 19.328770 0.000000 19.328770
239.387695 299.500000 0.454120 538.030457 0.000000 538.030457
559.255615 338.162048 0.453558 29.941471 0.000000 29.941471
489.500000 391.500000 0.453237 100.848083 0.000000 100.848083
570.267090 325.481140 0.453214 1889.517578 0.000000 1889.517578
64.934242 187.982239 0.452378 31.399376 0.000000 31.399376
255.646149 237.363510 0.451717 496.266113 0.000000 496.266113
226.500000 386.500000 0.451373 54.846668 0.000000 54.846668
91.500000 197.082260 0.450854 683.969055 0.000000 683.969055
28.944599 282.543152 0.449974 20.733469 0.000000 20.733469
345.785156 372.818054 0.449817 17.877424 0.000000 17.877424
346.313080 226.202591 0.449516 17.956812 0.000000 17.956812
321.571869 208.037567 0.449435 24.392075 0.000000 24.392075
611.064514 325.478210 0.449137 16.327099 0.000000 16.327099
150.859390 334.119232 0.447593 368.310516 0.000000 368.310516
297.500000 160.614716 0.446963 24.392075 0.000000 24.392075
105.500000 370.787292 0.446405 59.108692 0.000000 59.108692
462.500000 327.500000 0.445759 24.392075 0.000000 24.392075
253.500000 360.500000 0.445684 53.731277 0.000000 53.731277
286.821259 255.923248 0.445067 38.720009 0.000000 38.720009
137.376495 387.500000 0.444775 38.720009 0.000000 38.720009
235.117142 342.044098 0.444191 38.720009 0.000000 38.720009
11.774849 206.039307 0.440996 30.343872 0.000000 30.343872
4.821896 339.856903 0.440961 24.392075 0.000000 24.392075
285.788818 340.015594 0.440793 23.425196 0.000000 23.425196
197.599945 404.500000 0.440325 24.392075 0.000000 24.392075
286.701324 324.119019 0.439652 31.268576 0.000000 31.268576
179.500000 380.500000 0.439382 29.044573 0.000000 29.044573
157.923691 208.010788 0.439270 24.392075 0.000000 24.392075
204.599487 359.210022 0.437253 245.856750 0.000000 245.856750
103.717377 370.334656 0.435999 91.356033 0.000000 91.356033
388.393372 266.591553 0.434855 30.904921 0.000000 30.904921
448.263885 266.583038 0.434772 37.771599 0.000000 37.771599
136.176651 190.810486 0.432824 19.148821 0.000000 19.148821
570.500000 338.500000 0.432238 23.087395 0.000000 23.087395
163.862579 322.828827 0.432164 19.053007 0.000000 19.053007
500.723846 354.301453 0.431640 130.796417 0.000000 130.796417
164.146912 190.024582 0.430722 56.288788 0.000000 56.288788
487.620728 331.489441 0.430592 56.098034 0.000000 56.098034
89.732201 359.500000 0.430126 143.085632 0.000000 143.085632
55.500000 359.500000 0.429231 619.520264 0.000000 619.520264
371.622009 255.950745 0.429118 390.273254 0.000000 390.273254
30.039175 297.611664 0.428284 54.373241 0.000000 54.373241
477.500000 373.500000 0.427615 19.418451 0.000000 19.418451
598.758301 416.407318 0.426501 40.252949 0.000000 40.252949
313.514160 223.720291 0.425953 26.218569 0.000000 26.218569
321.560852 370.624298 0.425417 21.435259 0.000000 21.435259
426.662415 265.500000 0.425236 41.946091 0.000000 41.946091
115.500000 386.500000 0.425173 38.720009 0.000000 38.720009
310.500000 264.500000 0.425107 34.560608 0.000000 34.560608
432.849609 458.327087 0.424272 26.685747 0.000000 26.685747
219.500000 268.775421 0.423865 63.735619 0.000000 63.735619
44.518227 244.654663 0.423864 106.618538 0.000000 106.618538
462.204834 290.291779 0.423585 29.263016 0.000000 29.263016
563.500000 335.466797 0.423536 141.771194 0.000000 141.771194
88.500000 195.500000 0.423170 15.366042 0.000000 15.366042
276.512878 339.936951 0.422149 18.562061 0.000000 18.562061
400.566742 258.500000 0.420995 25.291040 0.000000 25.291040
549.500000 228.500000 0.420814 38.720009 0.000000 38.720009
507.430969 200.500000 0.420584 15.806476 0.000000 15.806476
554.987183 366.175171 0.420337 17.257593 0.000000 17.257593
29.500000 254.205704 0.420137 154.880035 0.000000 154.880035
134.359146 178.817413 0.419921 43.152073 0.000000 43.152073
452.147705 218.263718 0.418885 79.746231 0.000000 79.746231
443.440826 346.016876 0.418720 409.303192 0.000000 409.303192
452.655609 264.436981 0.418002 2265.629395 0.000000 2265.629395
146.505035 289.672821 0.417783 387.880402 0.000000 387.880402
112.550674 386.843903 0.417767 154.041290 0.000000 154.041290
573.066406 288.387482 0.417412 332.193329 0.000000 332.193329
221.982376 275.500000 0.416374 24.392075 0.000000 24.392075
380.850525 341.866608 0.414378 32.107483 0.000000 32.107483
495.500000 410.205811 0.413599 15.366042 0.000000 15.366042
456.122894 377.500000 0.412878 120.656555 0.000000 120.656555
42.809929 343.283447 0.412693 18.341066 0.000000 18.341066
35.500000 274.802338 0.412603 33.921486 0.000000 33.921486
199.081100 291.383698 0.412006 36.098904 0.000000 36.098904
115.400223 362.833466 0.411428 21.769989 0.000000 21.769989
255.619080 293.017761 0.410989 80.002220 0.000000 80.002220
365.500000 246.772247 0.410877 21.169125 0.000000 21.169125
138.247147 349.252258 0.410597 20.519623 0.000000 20.519623
515.500000 456.271698 0.409901 24.392075 0.000000 24.392075
520.962341 265.664856 0.409581 31.704536 0.000000 31.704536
292.751465 155.500000 0.409539 17.738253 0.000000 17.738253
448.621185 448.500000 0.409533 46.823078 0.000000 46.823078
363.785095 326.201141 0.409503 69.970413 0.000000 69.970413
521.236389 289.863770 0.409317 30.162354 0.000000 30.162354
333.364838 245.356796 0.408149 26.963434 0.000000 26.963434
554.555969 315.594696 0.407294 101.468765 0.000000 101.468765
235.138779 183.940643 0.406598 17.048721 0.000000 17.048721
439.397247 311.367065 0.406407 21.904341 0.000000 21.904341
275.500000 257.853485 0.405554 303.867004 0.000000 303.867004
440.705322 452.463287 0.405462 24.093393 0.000000 24.093393
203.217453 360.945923 0.405391 201.291107 0.000000 201.291107
55.692684 237.081345 0.405380 18.040689 0.000000 18.040689
391.500000 348.500000 0.404702 16.593065 0.000000 16.593065
164.500000 236.727173 0.404233 24.392075 0.000000 24.392075
55.697243 293.332886 0.403739 189.856750 0.000000 189.856750
421.745270 183.706390 0.403656 43.125969 0.000000 43.125969
60.909172 250.246262 0.403047 24.392075 0.000000 24.392075
190.576416 393.500000 0.402532 22.615032 0.000000 22.615032
569.089294 349.969208 0.402011 17.380678 0.000000 17.380678
610.046387 342.483673 0.401885 16.877817 0.000000 16.877817
394.500000 367.641937 0.401369 30.314592 0.000000 30.314592
123.859383 216.778763 0.400337 32.093388 0.000000 32.093388
489.500000 345.500000 0.400328 23.570044 0.000000 23.570044
385.249908 279.105530 0.400247 17.446966 0.000000 17.446966
474.684937 376.294647 0.400099 69.379204 0.000000 69.379204
286.344055 451.064514 0.398669 24.255758 0.000000 24.255758
252.172226 343.662201 0.398585 19.986513 0.000000 19.986513
360.944611 201.724274 0.398450 20.682819 0.000000 20.682819
346.500000 315.500000 0.398315 18.732670 0.000000 18.732670
389.500000 306.685242 0.398184 38.521324 0.000000 38.521324
124.011047 273.720337 0.398099 17.017769 0.000000 17.017769
217.500000 354.790192 0.397651 30.066204 0.000000 30.066204
252.465897 229.835159 0.397525 42.805225 0.000000 42.805225
310.500000 306.033478 0.397257 29.663826 0.000000 29.663826
566.094116 204.500000 0.396598 24.392075 0.000000 24.392075
607.500000 381.500000 0.395877 154.880035 0.000000 154.880035
52.931026 243.915680 0.395589 31.015320 0.000000 31.015320
549.564636 206.179901 0.394522 15.859634 0.000000 15.859634
567.733398 361.312744 0.393807 31.032434 0.000000 31.032434
362.500000 273.491028 0.393653 36.061150 0.000000 36.061150
128.851974 316.141083 0.393567 30.123941 0.000000 30.123941
350.110260 220.153290 0.392513 23.746567 0.000000 23.746567
388.832184 244.500000 0.392321 24.392075 0.000000 24.392075
486.178406 395.683929 0.392265 30.076283 0.000000 30.076283
600.577026 387.251404 0.390568 47.862026 0.000000 47.862026
316.593933 454.209106 0.390219 54.002728 0.000000 54.002728
498.299316 385.296936 0.390083 54.316372 0.000000 54.316372
376.123840 334.500000 0.389777 30.452805 0.000000 30.452805
214.068283 297.801697 0.388045 45.083317 0.000000 45.083317
123.003563 260.953827 0.386872 19.810265 0.000000 19.810265
561.172729 284.590393 0.386607 28.856087 0.000000 28.856087
367.975037 332.143280 0.386601 16.403366 0.000000 16.403366
42.708946 336.329102 0.386531 209.917480 0.000000 209.917480
494.500000 300.883484 0.386447 24.392075 0.000000 24.392075
590.500000 355.477600 0.386395 39.174534 0.000000 39.174534
584.034058 352.821503 0.385617 184.108017 0.000000 184.108017
42.368504 193.023056 0.385264 47.735683 0.000000 47.735683
164.092194 399.226898 0.384933 24.392075 0.000000 24.392075
293.150391 208.272598 0.384808 17.425196 0.000000 17.425196
489.709869 280.082397 0.384797 35.622543 0.000000 35.622543
80.901268 323.968414 0.384251 20.775774 0.000000 20.775774
426.757782 365.681793 0.383319 28.091093 0.000000 28.091093
244.078110 389.749176 0.382551 17.685781 0.000000 17.685781
380.500000 304.500000 0.382344 15.366042 0.000000 15.366042
82.500000 303.520996 0.382253 24.392075 0.000000 24.392075
414.310669 179.350586 0.382169 20.442186 0.000000 20.442186
96.333542 294.280945 0.382115 16.031116 0.000000 16.031116
72.500000 203.983444 0.381570 24.392075 0.000000 24.392075
224.500000 383.500000 0.381449 24.392075 0.000000 24.392075
88.588203 396.204834 0.381116 37.114521 0.000000 37.114521
491.500000 321.500000 0.381040 171.280243 0.000000 171.280243
544.628357 433.511139 0.380106 780.334229 0.000000 780.334229
497.500000 343.500000 0.379983 26.410589 0.000000 26.410589
473.500000 351.500000 0.378242 245.856750 0.000000 245.856750
275.222595 405.059448 0.377686 147.369720 0.000000 147.369720
425.430939 247.589035 0.376940 470.100311 0.000000 470.100311
51.137215 208.794113 0.375891 41.886421 0.000000 41.886421
531.500000 327.500000 0.374774 360.308014 0.000000 360.308014
268.994476 443.745697 0.374524 36.296413 0.000000 36.296413
246.062729 199.798706 0.374475 37.122498 0.000000 37.122498
492.410492 337.309296 0.374163 21.270891 0.000000 21.270891
339.084503 327.252319 0.373880 136.375580 0.000000 136.375580
352.675629 282.572418 0.373869 24.392075 0.000000 24.392075
386.573608 305.500000 0.373523 61.922340 0.000000 61.922340
179.500000 304.111664 0.373177 448.744476 0.000000 448.744476
576.207214 366.612000 0.373136 23.650692 0.000000 23.650692
31.500000 199.500000 0.373129 647.401306 0.000000 647.401306
52.499859 301.218597 0.372652 77.500488 0.000000 77.500488
351.207794 291.800995 0.372528 23.236912 0.000000 23.236912
597.060547 302.628448 0.372515 28.197786 0.000000 28.197786
480.897003 444.943909 0.372111 20.464191 0.000000 20.464191
552.500000 385.648102 0.371761 34.501137 0.000000 34.501137
323.500000 253.500000 0.371543 28.456720 0.000000 28.456720
285.500000 208.354401 0.371039 16.357435 0.000000 16.357435
174.300293 326.500000 0.370461 27.495075 0.000000 27.495075
446.366241 180.779160 0.370277 116.834442 0.000000 116.834442
271.799927 409.867065 0.369966 32.852924 0.000000 32.852924
293.171326 309.457062 0.369525 38.976818 0.000000 38.976818
460.951355 273.643188 0.368672 19.211561 0.000000 19.211561
24.833363 356.686096 0.368105 524.917725 0.000000 524.917725
363.727661 453.246674 0.368028 114.537491 0.000000 114.537491
3.500000 372.500000 0.366663 24.392075 0.000000 24.392075
529.500000 198.734329 0.366087 24.392075 0.000000 24.392075
363.022980 238.500000 0.365596 25.844564 0.000000 25.844564
445.500000 361.243530 0.364662 24.392075 0.000000 24.392075
474.318359 235.404068 0.363839 114.665070 0.000000 114.665070
203.439163 313.437439 0.363345 25.242615 0.000000 25.242615
548.500000 293.913422 0.363192 32.429974 0.000000 32.429974
168.641556 342.008301 0.361973 22.624798 0.000000 22.624798
522.500000 380.388580 0.361967 38.720009 0.000000 38.720009
161.788971 395.222321 0.361396 81.819084 0.000000 81.819084
316.476227 452.913391 0.361041 129.755295 0.000000 129.755295
316.315613 454.797791 0.359985 24.392075 0.000000 24.392075
376.047119 190.500000 0.359840 37.116810 0.000000 37.116810
293.222168 454.518402 0.359471 24.392075 0.000000 24.392075
196.036362 264.469910 0.358809 83.747124 0.000000 83.747124
26.502645 305.381592 0.358033 18.218777 0.000000 18.218777
336.500000 190.333572 0.356758 24.392075 0.000000 24.392075
73.836815 336.670227 0.356389 20.477615 0.000000 20.477615
151.673050 253.976898 0.356359 99.793411 0.000000 99.793411
545.264099 379.227509 0.355619 47.903641 0.000000 47.903641
470.324127 402.869904 0.355430 24.392075 0.000000 24.392075
553.500000 403.500000 0.355181 73.807663 0.000000 73.807663
467.500000 343.500000 0.354388 151.761902 0.000000 151.761902
469.304718 358.487762 0.352738 21.057913 0.000000 21.057913
108.407219 360.801086 0.352728 67.332977 0.000000 67.332977
307.842041 241.511673 0.351310 33.791985 0.000000 33.791985
340.932098 292.812531 0.351199 32.859791 0.000000 32.859791
162.998428 329.026093 0.350575 18.281790 0.000000 18.281790
491.500000 255.275055 0.349667 154.880035 0.000000 154.880035
179.500000 356.632294 0.349595 97.568314 0.000000 97.568314
251.002136 189.817352 0.349307 34.900082 0.000000 34.900082
464.743500 344.684723 0.349238 28.585051 0.000000 28.585051
338.644867 195.682022 0.348877 29.230030 0.000000 29.230030
180.846588 257.500000 0.348383 38.720009 0.000000 38.720009
314.362366 227.194733 0.348251 91.226837 0.000000 91.226837
410.475891 444.116638 0.347972 45.405052 0.000000 45.405052
143.500000 398.522644 0.347875 24.392075 0.000000 24.392075
502.433105 206.742432 0.347677 110.581055 0.000000 110.581055
442.376312 312.635468 0.347654 78.389282 0.000000 78.389282
581.773193 417.122650 0.346957 72.221306 0.000000 72.221306
191.500000 267.500000 0.346758 154.880035 0.000000 154.880035
484.540985 380.995575 0.346736 24.392075 0.000000 24.392075
238.943130 425.500000 0.346501 18.391968 0.000000 18.391968
181.500000 193.500000 0.346435 50.582306 0.000000 50.582306
489.210358 290.984314 0.346334 108.361145 0.000000 108.361145
285.959656 350.063477 0.346215 38.187141 0.000000 38.187141
87.069359 375.500000 0.344475 53.993568 0.000000 53.993568
224.715805 335.699432 0.343888 21.574780 0.000000 21.574780
175.500000 357.500000 0.343212 154.880035 0.000000 154.880035
353.462769 249.255356 0.343004 18.530167 0.000000 18.530167
278.566406 304.115906 0.342776 407.677094 0.000000 407.677094
71.065811 268.075226 0.342606 20.658842 0.000000 20.658842
251.206146 383.824524 0.341504 27.327778 0.000000 27.327778
534.556702 382.434204 0.340697 23.372154 0.000000 23.372154
39.886261 350.970337 0.340662 70.168472 0.000000 70.168472
69.500000 333.974609 0.340564 138.959503 0.000000 138.959503
135.500000 326.999207 0.340054 28.048338 0.000000 28.048338
414.501373 346.420166 0.337469 68.168518 0.000000 68.168518
463.756042 440.769257 0.336733 27.282484 0.000000 27.282484
439.500000 193.500000 0.336180 24.392075 0.000000 24.392075
47.502178 255.811295 0.334899 40.896069 0.000000 40.896069
351.694916 383.092224 0.334153 22.116186 0.000000 22.116186
446.500000 344.500000 0.332694 24.392075 0.000000 24.392075
437.500000 274.500000 0.331311 39.474892 0.000000 39.474892
355.704620 397.410400 0.331019 18.372038 0.000000 18.372038
257.500000 351.500000 0.330908 154.880035 0.000000 154.880035
16.662651 216.500000 0.330644 16.737530 0.000000 16.737530
601.500000 323.500000 0.330105 38.720009 0.000000 38.720009
418.562988 345.691376 0.329837 29.094135 0.000000 29.094135
238.308228 438.675079 0.329684 35.373478 0.000000 35.373478
98.500000 398.728058 0.329536 48.706402 0.000000 48.706402
164.360016 234.500000 0.329358 39.263466 0.000000 39.263466
328.659393 239.171524 0.329280 115.480133 0.000000 115.480133
299.500000 268.977234 0.329143 7595.395508 0.000000 7595.395508
139.500000 197.500000 0.328439 18.095066 0.000000 18.095066
67.752029 314.500000 0.328412 24.017708 0.000000 24.017708
430.359344 376.214386 0.328206 31.341768 0.000000 31.341768
409.714417 311.320251 0.327828 18.994888 0.000000 18.994888
337.500000 192.500000 0.327676 61.464176 0.000000 61.464176
45.728554 317.361603 0.327214 22.164822 0.000000 22.164822
395.500000 354.500000 0.327009 38.720009 0.000000 38.720009
541.500000 197.500000 0.326992 154.880035 0.000000 154.880035
75.387962 257.136536 0.326545 71.218636 0.000000 71.218636
175.097412 278.018707 0.325194 21.968285 0.000000 21.968285
580.500000 272.500000 0.324978 29.368135 0.000000 29.368135
157.500000 322.028595 0.324559 73.300896 0.000000 73.300896
88.068520 388.500000 0.323072 38.720009 0.000000 38.720009
602.269226 307.377014 0.322771 137.650803 0.000000 137.650803
504.004456 453.816223 0.321699 19.606842 0.000000 19.606842
486.013763 359.500000 0.321537 30.719423 0.000000 30.719423
391.500000 387.500000 0.320541 390.273254 0.000000 390.273254
317.990448 421.274933 0.320343 24.392075 0.000000 24.392075
327.527466 424.500000 0.319757 18.559238 0.000000 18.559238
410.947205 329.472717 0.319686 31.065414 0.000000 31.065414
529.500000 298.493561 0.318903 123.131683 0.000000 123.131683
564.645813 281.053223 0.318745 128.662018 0.000000 128.662018
494.242371 281.159424 0.318478 97.568314 0.000000 97.568314
336.500000 365.085785 0.318022 18.842228 0.000000 18.842228
133.579865 214.406647 0.318011 20.337048 0.000000 20.337048
301.740326 263.709381 0.317609 24.392075 0.000000 24.392075
428.402527 337.872314 0.317547 1188.076538 0.000000 1188.076538
335.856567 431.500000 0.317294 34.413696 0.000000 34.413696
243.205383 291.368744 0.316779 82.838211 0.000000 82.838211
295.852478 400.737671 0.316736 26.654985 0.000000 26.654985
393.500000 283.450836 0.316684 24.392075 0.000000 24.392075
238.500000 295.500000 0.316506 24.392075 0.000000 24.392075
90.352470 328.841705 0.314967 18.875658 0.000000 18.875658
429.140350 186.643051 0.314215 18.467873 0.000000 18.467873
9.918820 169.500000 0.314029 15.366042 0.000000 15.366042
69.500000 353.878265 0.313440 154.880035 0.000000 154.880035
87.709015 377.799927 0.313059 24.022116 0.000000 24.022116
292.500000 367.500000 0.312818 19.072323 0.000000 19.072323
239.500000 340.720306 0.311841 23.034880 0.000000 23.034880
593.915283 352.171204 0.311782 21.689497 0.000000 21.689497
479.821960 388.197449 0.311642 32.318169 0.000000 32.318169
342.500000 349.500000 0.311075 28.633562 0.000000 28.633562
412.500000 247.570770 0.310700 22.406229 0.000000 22.406229
79.500000 385.193970 0.310430 15.366042 0.000000 15.366042
430.721191 233.823730 0.310344 156.167068 0.000000 156.167068
418.107758 422.500000 0.309683 21.241917 0.000000 21.241917
290.088470 366.181763 0.309055 76.871880 0.000000 76.871880
203.500000 194.217575 0.308830 400.286316 0.000000 400.286316
521.266479 321.183075 0.308747 17.501938 0.000000 17.501938
409.814178 373.500000 0.308612 22.430216 0.000000 22.430216
600.001831 349.776367 0.308377 20.846306 0.000000 20.846306
74.500000 282.500000 0.308054 16.254414 0.000000 16.254414
609.500000 250.500000 0.307871 38.720009 0.000000 38.720009
21.500000 206.500000 0.306973 41.020649 0.000000 41.020649
241.930374 446.169861 0.306783 18.813526 0.000000 18.813526
568.500000 372.500000 0.306701 38.720009 0.000000 38.720009
198.791733 276.065674 0.306129 31.390783 0.000000 31.390783
489.835022 441.019470 0.305859 21.003262 0.000000 21.003262
229.306046 256.228821 0.305747 34.081928 0.000000 34.081928
525.500000 407.500000 0.305127 34.008667 0.000000 34.008667
164.894836 334.209503 0.304976 22.846687 0.000000 22.846687
207.318832 290.154999 0.304201 16.825153 0.000000 16.825153
175.500000 379.500000 0.304143 82.018730 0.000000 82.018730
279.500000 360.500000 0.303783 24.392075 0.000000 24.392075
240.199844 360.500000 0.303268 22.867670 0.000000 22.867670
34.135078 346.500000 0.303060 16.355476 0.000000 16.355476
413.031372 459.187134 0.302496 35.585590 0.000000 35.585590
244.899094 240.147141 0.302091 18.865286 0.000000 18.865286
451.952881 215.149704 0.301815 33.276634 0.000000 33.276634
584.457581 366.457062 0.301067 28.908260 0.000000 28.908260
140.500000 370.500000 0.300969 30.889637 0.000000 30.889637
178.582123 275.843933 0.300688 1917.964722 0.000000 1917.964722
