1052
242.152847 406.420227 1.092963 91.439507 0.000000 91.439507
419.061462 330.647430 1.090760 83.353889 0.000000 83.353889
338.360840 398.852661 1.075230 38.720009 0.000000 38.720009
213.635193 309.050629 1.043526 82.500252 0.000000 82.500252
474.498230 95.028481 1.003053 594.304565 0.000000 594.304565
379.769806 329.965088 0.974636 43.896393 0.000000 43.896393
445.307068 194.935410 0.971310 18.039907 0.000000 18.039907
373.123047 387.028931 0.971056 91.377304 0.000000 91.377304
166.618622 292.761871 0.970336 234.006836 0.000000 234.006836
590.611328 371.621552 0.957052 127.200981 0.000000 127.200981
32.219185 284.452972 0.948605 24.392075 0.000000 24.392075
337.569458 429.698273 0.938825 80.958000 0.000000 80.958000
524.743774 408.872437 0.933559 761.555359 0.000000 761.555359
527.346741 337.983063 0.926636 97.568314 0.000000 97.568314
396.500000 386.500000 0.922142 59.810806 0.000000 59.810806
299.109772 162.305008 0.921323 24.392075 0.000000 24.392075
355.500000 163.501465 0.919572 200.939468 0.000000 200.939468
324.909760 256.632629 0.909776 38.720009 0.000000 38.720009
293.550873 174.645142 0.902318 328.324066 0.000000 328.324066
392.513153 136.500000 0.892483 59.265305 0.000000 59.265305
11.342403 268.400940 0.888017 27.975483 0.000000 27.975483
318.021942 357.112213 0.887565 45.031639 0.000000 45.031639
527.163452 321.032532 0.883375 93.988968 0.000000 93.988968
298.549500 299.500000 0.878829 97.568314 0.000000 97.568314
139.103226 220.671219 0.876794 122.846764 0.000000 122.846764
32.366524 303.936951 0.876591 46.701206 0.000000 46.701206
255.344299 169.500000 0.871868 34.798851 0.000000 34.798851
499.120850 161.028366 0.871270 20.586565 0.000000 20.586565
75.632118 145.821228 0.869829 321.406738 0.000000 321.406738
7.500000 358.973999 0.868148 27.751257 0.000000 27.751257
265.930664 227.500000 0.867728 300.361420 0.000000 300.361420
551.977661 194.635223 0.864063 76.679901 0.000000 76.679901
21.275208 252.676605 0.861650 21.399858 0.000000 21.399858
414.202393 417.073212 0.854714 776.895447 0.000000 776.895447
336.509583 335.118774 0.853419 26.086927 0.000000 26.086927
222.461884 250.780304 0.850552 22.489332 0.000000 22.489332
548.682312 342.057373 0.848748 29.753420 0.000000 29.753420
244.781525 413.608795 0.847377 21.956182 0.000000 21.956182
44.200470 123.430908 0.847329 293.067719 0.000000 293.067719
275.417603 393.901276 0.839962 80.412224 0.000000 80.412224
331.500000 214.685455 0.838196 137.990967 0.000000 137.990967
47.002346 393.737366 0.837550 24.049896 0.000000 24.049896
78.500000 192.424026 0.834450 28.602533 0.000000 28.602533
79.236702 295.500000 0.833571 132.727417 0.000000 132.727417
221.322845 401.047180 0.827211 43.319954 0.000000 43.319954
506.262939 194.216965 0.825930 50.111801 0.000000 50.111801
445.480438 242.584961 0.825289 16.943209 0.000000 16.943209
368.889435 415.164429 0.821328 576.564087 0.000000 576.564087
354.172180 251.231750 0.815763 55.981979 0.000000 55.981979
83.513062 392.607666 0.814839 42.060223 0.000000 42.060223
408.500000 169.267990 0.812081 61.464176 0.000000 61.464176
94.366196 126.209412 0.804292 50.147480 0.000000 50.147480
601.870300 425.040497 0.802395 34.689201 0.000000 34.689201
190.569031 200.244324 0.791450 185.483307 0.000000 185.483307
336.613403 358.500000 0.786593 24.392075 0.000000 24.392075
549.567322 318.500000 0.779413 24.392075 0.000000 24.392075
63.261845 301.329010 0.778490 62.504452 0.000000 62.504452
336.523926 357.500000 0.774057 48.436615 0.000000 48.436615
581.780457 309.052094 0.769790 33.510494 0.000000 33.510494
418.525146 346.499146 0.767298 61.464176 0.000000 61.464176
509.727600 145.837143 0.764443 28.133604 0.000000 28.133604
588.884460 407.186096 0.763235 30.597696 0.000000 30.597696
508.592590 281.660492 0.762658 97.568314 0.000000 97.568314
548.500000 333.292816 0.756336 22.676823 0.000000 22.676823
408.418335 240.492889 0.755864 114.921555 0.000000 114.921555
211.500000 172.197479 0.753381 154.880035 0.000000 154.880035
465.919647 163.835922 0.752134 24.392075 0.000000 24.392075
487.441650 176.587891 0.750785 108.507172 0.000000 108.507172
534.077209 167.077499 0.750183 18.543642 0.000000 18.543642
316.665070 340.017059 0.747540 52.672291 0.000000 52.672291
213.500000 169.829544 0.747373 61.464176 0.000000 61.464176
284.355103 348.904266 0.746564 587.398682 0.000000 587.398682
84.375595 371.317596 0.744501 85.457008 0.000000 85.457008
342.119965 431.770721 0.743464 21.842165 0.000000 21.842165
140.369492 359.336487 0.735263 81.547150 0.000000 81.547150
351.813782 236.898499 0.732014 22.692875 0.000000 22.692875
357.783813 180.661697 0.729654 18.359459 0.000000 18.359459
9.615736 334.202698 0.729146 35.021332 0.000000 35.021332
292.226715 239.933060 0.728210 115.291084 0.000000 115.291084
306.898834 423.500000 0.727569 252.390289 0.000000 252.390289
353.844574 217.788589 0.717839 51.365868 0.000000 51.365868
203.682068 131.031616 0.716922 54.675377 0.000000 54.675377
508.722565 235.616074 0.704406 60.801311 0.000000 60.801311
289.176422 181.751328 0.704002 51.497688 0.000000 51.497688
168.110321 234.680573 0.700601 20.668692 0.000000 20.668692
138.664093 370.777222 0.699091 489.245575 0.000000 489.245575
185.206055 141.323822 0.698161 22.409710 0.000000 22.409710
7.155141 346.047119 0.697421 34.354443 0.000000 34.354443
473.085602 334.500000 0.696730 60.373219 0.000000 60.373219
581.500000 417.736328 0.695975 165.553635 0.000000 165.553635
219.466309 199.510208 0.695777 17.796455 0.000000 17.796455
433.981659 239.193741 0.692883 22.693684 0.000000 22.693684
241.462051 198.705826 0.691991 25.742174 0.000000 25.742174
191.887833 175.049164 0.687451 78.922913 0.000000 78.922913
587.177856 183.500000 0.687008 199.834976 0.000000 199.834976
521.132324 149.940643 0.686990 42.575851 0.000000 42.575851
441.500000 229.623291 0.685905 189.292999 0.000000 189.292999
213.742264 170.495804 0.685082 55.227192 0.000000 55.227192
81.616371 406.203003 0.683899 23.054823 0.000000 23.054823
138.202072 344.085785 0.682261 34.171982 0.000000 34.171982
122.158989 167.815521 0.681782 121.139839 0.000000 121.139839
323.397308 158.500000 0.681174 39.817554 0.000000 39.817554
168.835190 404.692902 0.681041 21.936094 0.000000 21.936094
398.420624 287.787201 0.679836 38.720009 0.000000 38.720009
336.612671 246.497742 0.678591 96.819374 0.000000 96.819374
515.672607 137.487640 0.675416 24.392075 0.000000 24.392075
351.946594 230.577057 0.670929 17.603239 0.000000 17.603239
386.449402 423.767120 0.669424 71.181030 0.000000 71.181030
73.157959 155.717270 0.668978 49.829514 0.000000 49.829514
101.100021 135.412323 0.665276 21.415642 0.000000 21.415642
171.508072 429.500000 0.664892 28.372322 0.000000 28.372322
379.500000 347.500000 0.664537 506.062561 0.000000 506.062561
33.777035 368.752472 0.661331 17.314066 0.000000 17.314066
317.500000 213.500000 0.659607 104.088623 0.000000 104.088623
280.948120 355.500000 0.658700 117.656525 0.000000 117.656525
21.500000 136.500000 0.657767 15.366042 0.000000 15.366042
271.578400 299.500000 0.657694 11949.587891 0.000000 11949.587891
277.500000 180.862808 0.657573 28.116529 0.000000 28.116529
596.497498 236.562653 0.654977 229.563400 0.000000 229.563400
55.093884 372.165253 0.653457 23.435061 0.000000 23.435061
527.285217 331.500000 0.652363 284.911255 0.000000 284.911255
440.329468 380.552734 0.650660 81.586288 0.000000 81.586288
237.201630 262.212830 0.648888 22.787790 0.000000 22.787790
78.950394 293.226776 0.648291 61.464176 0.000000 61.464176
380.757721 294.613617 0.647349 86.509323 0.000000 86.509323
373.210266 430.988525 0.646404 49.248302 0.000000 49.248302
540.793823 389.776215 0.642010 17.407509 0.000000 17.407509
516.145752 146.700714 0.641970 185.936462 0.000000 185.936462
463.500000 216.587387 0.641195 24.392075 0.000000 24.392075
14.676850 419.500000 0.640859 61.464176 0.000000 61.464176
79.130852 288.367645 0.638551 19.643040 0.000000 19.643040
32.700996 419.316589 0.638458 479.041412 0.000000 479.041412
610.826294 230.079437 0.637070 19.699951 0.000000 19.699951
199.470001 363.566132 0.637000 88.092422 0.000000 88.092422
245.500000 431.500000 0.634397 97.568314 0.000000 97.568314
439.500000 327.227112 0.633459 38.720009 0.000000 38.720009
111.321251 430.500000 0.631915 35.529007 0.000000 35.529007
49.875717 203.687668 0.630707 50.397724 0.000000 50.397724
172.183014 370.551086 0.626467 114.616341 0.000000 114.616341
140.188553 353.500000 0.625759 245.856750 0.000000 245.856750
147.500000 207.500000 0.625455 61.464176 0.000000 61.464176
336.500000 196.656082 0.625389 48.884804 0.000000 48.884804
37.500000 255.215683 0.623786 38.720009 0.000000 38.720009
219.076141 365.062622 0.623646 57.118702 0.000000 57.118702
141.500000 150.874222 0.623346 28.818333 0.000000 28.818333
259.309845 130.500000 0.622858 38.720009 0.000000 38.720009
351.649902 376.307648 0.622346 73.046249 0.000000 73.046249
106.619904 185.097992 0.622253 118.028641 0.000000 118.028641
65.186050 395.177338 0.616703 97.568314 0.000000 97.568314
521.343811 211.500000 0.616601 33.335041 0.000000 33.335041
586.945862 423.500000 0.616125 37.632980 0.000000 37.632980
426.894836 361.877075 0.615437 19.612070 0.000000 19.612070
394.940247 300.240753 0.612486 19.289049 0.000000 19.289049
160.513626 174.465576 0.611707 16.901199 0.000000 16.901199
430.143250 185.082779 0.611555 108.837273 0.000000 108.837273
220.047806 435.266846 0.611240 19.458792 0.000000 19.458792
237.623215 366.425476 0.611224 75.584793 0.000000 75.584793
439.881409 347.993042 0.611173 48.754421 0.000000 48.754421
284.500000 164.500000 0.609618 41.657650 0.000000 41.657650
162.552322 222.961151 0.608346 137.131653 0.000000 137.131653
51.500000 151.522842 0.608237 97.568314 0.000000 97.568314
497.389099 153.395905 0.606930 19.262308 0.000000 19.262308
505.500000 341.029327 0.604307 75.171745 0.000000 75.171745
477.162354 151.077042 0.604058 18.814983 0.000000 18.814983
15.500000 223.500000 0.603142 123.227074 0.000000 123.227074
555.357483 408.114929 0.602677 24.392075 0.000000 24.392075
473.500000 196.120392 0.602397 178.436234 0.000000 178.436234
235.455048 414.969055 0.602223 24.392075 0.000000 24.392075
115.710144 259.500000 0.602110 61.464176 0.000000 61.464176
335.500000 196.500000 0.600801 22.287392 0.000000 22.287392
86.551125 349.919556 0.600026 217.497177 0.000000 217.497177
356.128998 234.557739 0.599021 107.234428 0.000000 107.234428
283.500000 164.349060 0.598854 33.840462 0.000000 33.840462
460.622589 295.798737 0.596823 42.876389 0.000000 42.876389
260.037598 132.956100 0.596374 19.994457 0.000000 19.994457
600.516541 275.998810 0.596362 28.300474 0.000000 28.300474
485.689545 410.699432 0.595461 70.972206 0.000000 70.972206
487.500000 134.786026 0.593581 104.283173 0.000000 104.283173
486.023560 338.835327 0.592727 61.464176 0.000000 61.464176
123.500000 148.998322 0.592375 150.546356 0.000000 150.546356
495.410431 206.809647 0.592233 52.804657 0.000000 52.804657
485.017548 322.213623 0.591819 61.464176 0.000000 61.464176
294.786346 191.173843 0.591589 43.743614 0.000000 43.743614
246.601944 349.108551 0.591246 47.166183 0.000000 47.166183
546.408569 370.543823 0.590720 72.010643 0.000000 72.010643
309.500000 433.285767 0.588879 30.287315 0.000000 30.287315
28.912994 201.458405 0.588651 104.244919 0.000000 104.244919
171.231781 294.500000 0.588404 34.940430 0.000000 34.940430
208.500000 293.871796 0.587483 17.581572 0.000000 17.581572
533.959106 178.145157 0.587308 53.109219 0.000000 53.109219
38.500000 384.678558 0.585874 23.891905 0.000000 23.891905
493.643646 329.000519 0.585574 432.956146 0.000000 432.956146
76.202774 137.073883 0.584272 18.006832 0.000000 18.006832
436.253601 229.170502 0.583674 47.242477 0.000000 47.242477
271.500000 359.500000 0.583605 221.349976 0.000000 221.349976
189.235031 382.007751 0.583467 20.730465 0.000000 20.730465
356.432495 243.500000 0.583394 390.273254 0.000000 390.273254
141.874802 328.311066 0.581881 175.550339 0.000000 175.550339
446.409424 426.151062 0.581622 19.733723 0.000000 19.733723
107.172432 372.301086 0.580711 25.850368 0.000000 25.850368
54.546482 338.253876 0.580301 132.076080 0.000000 132.076080
222.500000 239.500000 0.579728 56.404350 0.000000 56.404350
480.296082 382.955688 0.578904 154.880035 0.000000 154.880035
546.779297 233.933197 0.578732 22.440248 0.000000 22.440248
366.110687 413.500000 0.577106 154.880035 0.000000 154.880035
481.740021 192.948486 0.576903 23.071388 0.000000 23.071388
562.050598 187.694931 0.576802 23.352373 0.000000 23.352373
416.500000 243.500000 0.575569 25.542356 0.000000 25.542356
225.055115 377.832153 0.574011 18.887804 0.000000 18.887804
484.500000 411.492645 0.573925 40.568970 0.000000 40.568970
287.192139 370.279541 0.573334 21.473124 0.000000 21.473124
588.494019 337.885132 0.572502 433.469208 0.000000 433.469208
429.803284 169.654816 0.572038 18.048370 0.000000 18.048370
35.091694 351.376068 0.570955 20.304552 0.000000 20.304552
455.622009 411.825226 0.570300 21.211266 0.000000 21.211266
337.818176 232.158112 0.570125 43.036163 0.000000 43.036163
370.026093 185.511551 0.570067 21.017609 0.000000 21.017609
30.018272 382.782074 0.570038 30.033640 0.000000 30.033640
463.500000 311.473999 0.569791 47.609482 0.000000 47.609482
501.500000 323.500000 0.569689 97.568314 0.000000 97.568314
484.067993 155.264511 0.569675 134.980118 0.000000 134.980118
383.500000 293.981750 0.569325 154.880035 0.000000 154.880035
52.632538 190.426682 0.569099 93.544983 0.000000 93.544983
117.500000 414.258484 0.568847 38.720009 0.000000 38.720009
242.079636 178.454727 0.568501 29.058674 0.000000 29.058674
593.317810 366.132111 0.567009 19.538486 0.000000 19.538486
75.399429 140.381531 0.566958 40.739998 0.000000 40.739998
159.958664 167.900482 0.566317 18.675695 0.000000 18.675695
65.315903 254.282227 0.566206 22.996851 0.000000 22.996851
313.874634 402.227203 0.565948 24.392075 0.000000 24.392075
18.845892 268.667664 0.565727 21.322767 0.000000 21.322767
242.158325 226.268234 0.564966 46.107319 0.000000 46.107319
80.903603 360.615936 0.564866 23.282597 0.000000 23.282597
562.500000 354.298584 0.564419 32.851517 0.000000 32.851517
53.171898 334.550598 0.564153 31.152159 0.000000 31.152159
74.666916 275.270935 0.561805 38.605213 0.000000 38.605213
140.706253 142.139130 0.561694 19.108412 0.000000 19.108412
123.476608 174.251160 0.560816 17.233465 0.000000 17.233465
595.330750 398.869873 0.560660 19.972309 0.000000 19.972309
394.500000 188.500000 0.560567 38.720009 0.000000 38.720009
508.900208 312.980255 0.560366 26.284788 0.000000 26.284788
17.566582 241.500000 0.559871 22.132303 0.000000 22.132303
472.458740 209.500000 0.557887 26.693232 0.000000 26.693232
506.394958 323.542908 0.557454 28.784922 0.000000 28.784922
381.606201 248.917374 0.555760 142.049667 0.000000 142.049667
597.093018 407.484070 0.554566 24.392075 0.000000 24.392075
140.500000 394.657837 0.552996 27.164734 0.000000 27.164734
533.018005 221.225372 0.552503 17.314308 0.000000 17.314308
603.500000 179.232361 0.552427 15.675228 0.000000 15.675228
464.811707 424.675476 0.552138 23.009895 0.000000 23.009895
192.186798 160.488205 0.550606 15.366042 0.000000 15.366042
29.500000 227.270859 0.550490 228.392166 0.000000 228.392166
504.415894 283.857574 0.549266 22.336454 0.000000 22.336454
153.271729 151.666229 0.547920 22.841511 0.000000 22.841511
187.613632 201.144058 0.545950 21.098259 0.000000 21.098259
26.056063 240.314850 0.545911 28.521753 0.000000 28.521753
81.424973 372.618652 0.544787 38.720009 0.000000 38.720009
439.118225 365.500000 0.544483 61.464176 0.000000 61.464176
164.172592 286.075836 0.543813 24.392075 0.000000 24.392075
191.410812 233.500000 0.542587 53.686859 0.000000 53.686859
255.084991 177.408661 0.541523 17.480389 0.000000 17.480389
148.678421 334.437927 0.541401 20.294210 0.000000 20.294210
514.500000 427.500000 0.540723 29.750059 0.000000 29.750059
29.297287 152.027100 0.540541 163.699966 0.000000 163.699966
122.500000 142.909241 0.539418 24.392075 0.000000 24.392075
23.500000 410.819580 0.538466 38.720009 0.000000 38.720009
314.940704 236.197586 0.538052 21.921455 0.000000 21.921455
357.500000 355.209198 0.537912 29.404175 0.000000 29.404175
59.500000 197.758347 0.537293 390.273254 0.000000 390.273254
197.500000 230.778549 0.536941 165.489273 0.000000 165.489273
469.648102 409.319153 0.536362 19.871864 0.000000 19.871864
415.999481 233.500000 0.535619 17.201799 0.000000 17.201799
236.500000 157.060959 0.534258 22.412289 0.000000 22.412289
335.869263 372.789276 0.533652 51.626862 0.000000 51.626862
13.264743 377.445557 0.532932 28.089199 0.000000 28.089199
526.218689 221.790695 0.532926 20.000486 0.000000 20.000486
37.943600 116.049934 0.532483 46.553192 0.000000 46.553192
35.344582 256.515930 0.531877 64.396332 0.000000 64.396332
599.791809 328.651093 0.531339 116.578911 0.000000 116.578911
396.527618 330.500000 0.531154 57.978672 0.000000 57.978672
454.746063 176.789719 0.530517 213.062363 0.000000 213.062363
258.259888 132.756302 0.530392 106.557098 0.000000 106.557098
229.502090 258.200439 0.529390 21.569345 0.000000 21.569345
210.872772 219.544312 0.529148 17.778906 0.000000 17.778906
53.404835 291.109406 0.528789 30.139196 0.000000 30.139196
73.681702 430.099304 0.528272 16.327507 0.000000 16.327507
85.978119 158.669891 0.526461 47.892387 0.000000 47.892387
148.049606 354.535187 0.526101 19.683325 0.000000 19.683325
571.660339 272.580872 0.525917 48.421722 0.000000 48.421722
218.294189 139.658478 0.525894 189.957504 0.000000 189.957504
512.500000 225.500000 0.525741 15.366042 0.000000 15.366042
86.836433 265.575104 0.525496 323.581970 0.000000 323.581970
504.405090 429.897949 0.524656 18.528212 0.000000 18.528212
594.762268 325.225983 0.524138 24.392075 0.000000 24.392075
203.500000 200.500000 0.522897 24.392075 0.000000 24.392075
599.182190 439.937378 0.522887 34.797169 0.000000 34.797169
94.589020 434.517120 0.522745 20.232656 0.000000 20.232656
111.500000 198.236176 0.522329 24.392075 0.000000 24.392075
446.316437 204.894012 0.521854 23.742617 0.000000 23.742617
417.500000 197.684921 0.520689 188.032547 0.000000 188.032547
505.500000 383.500000 0.520397 97.568314 0.000000 97.568314
248.238251 256.566162 0.520273 83.852631 0.000000 83.852631
433.515900 164.576187 0.518869 88.061836 0.000000 88.061836
29.949751 172.504868 0.517947 174.413086 0.000000 174.413086
100.032669 244.126740 0.517759 506.610046 0.000000 506.610046
147.910248 234.730835 0.517170 19.554497 0.000000 19.554497
310.077087 192.404175 0.516178 28.742950 0.000000 28.742950
597.008850 222.164017 0.515772 35.564133 0.000000 35.564133
207.365479 434.505188 0.515155 24.392075 0.000000 24.392075
142.733276 165.818771 0.515028 31.513519 0.000000 31.513519
605.500000 402.274750 0.514137 27.291262 0.000000 27.291262
364.317963 419.468811 0.513954 38.720009 0.000000 38.720009
45.500000 357.500000 0.513461 33.133293 0.000000 33.133293
30.500000 222.780655 0.513059 32.256081 0.000000 32.256081
259.516815 184.180481 0.513019 19.654741 0.000000 19.654741
573.803894 423.084473 0.512463 35.762367 0.000000 35.762367
337.719421 343.484863 0.512292 18.976763 0.000000 18.976763
548.995789 325.039825 0.512018 21.321028 0.000000 21.321028
549.500000 401.364990 0.511625 25.712107 0.000000 25.712107
82.500000 432.500000 0.510758 38.720009 0.000000 38.720009
189.561188 411.703094 0.510003 27.605942 0.000000 27.605942
502.500000 358.844269 0.509108 24.392075 0.000000 24.392075
471.500000 265.989563 0.507656 121.313385 0.000000 121.313385
270.500000 175.651505 0.507217 2478.081299 0.000000 2478.081299
468.003387 272.500000 0.507009 24.392075 0.000000 24.392075
451.115479 208.808670 0.506831 104.666512 0.000000 104.666512
19.500000 141.500000 0.506231 121.147560 0.000000 121.147560
126.500000 220.500000 0.505107 32.344425 0.000000 32.344425
536.018677 437.253754 0.504707 18.384834 0.000000 18.384834
474.342560 422.961426 0.504475 31.400633 0.000000 31.400633
250.500000 390.165253 0.502715 15.456675 0.000000 15.456675
31.348042 413.738708 0.502617 1530.981201 0.000000 1530.981201
156.540787 393.500000 0.502143 26.632174 0.000000 26.632174
315.923065 387.500000 0.501967 140.237732 0.000000 140.237732
577.934570 338.909393 0.501824 45.168400 0.000000 45.168400
30.995398 229.687378 0.501660 31.210711 0.000000 31.210711
172.721756 306.500000 0.501566 40.845596 0.000000 40.845596
163.751862 435.171631 0.500856 19.851337 0.000000 19.851337
445.716217 174.500000 0.500691 45.732082 0.000000 45.732082
452.943237 351.852997 0.500605 23.739773 0.000000 23.739773
267.062073 254.268417 0.500587 60.269424 0.000000 60.269424
583.702026 327.772614 0.500437 121.884460 0.000000 121.884460
396.152069 352.189545 0.500192 112.945366 0.000000 112.945366
566.772888 365.024597 0.499989 139.932266 0.000000 139.932266
79.500000 218.041672 0.499598 30.561541 0.000000 30.561541
199.360626 344.249359 0.499573 76.415070 0.000000 76.415070
368.826782 300.848938 0.499275 451.626068 0.000000 451.626068
607.747620 196.224060 0.499051 16.105251 0.000000 16.105251
488.119019 286.076935 0.498613 115.283836 0.000000 115.283836
259.278870 319.088135 0.497913 20.671324 0.000000 20.671324
423.418976 388.625916 0.497449 15.991706 0.000000 15.991706
545.651978 233.336182 0.496803 849.559448 0.000000 849.559448
384.500000 240.137512 0.496749 17.043190 0.000000 17.043190
337.500000 415.500000 0.495794 38.720009 0.000000 38.720009
64.721283 223.011673 0.495527 49.835392 0.000000 49.835392
584.598755 132.770065 0.495414 21.939779 0.000000 21.939779
525.073975 402.413116 0.494039 22.978703 0.000000 22.978703
551.730103 120.450127 0.493905 36.608288 0.000000 36.608288
527.500000 385.500000 0.493746 113.809929 0.000000 113.809929
562.947876 137.622498 0.493358 61.869812 0.000000 61.869812
314.514862 346.912689 0.492952 139.218689 0.000000 139.218689
43.500000 341.500000 0.492071 38.720009 0.000000 38.720009
347.299133 312.004822 0.491146 22.202080 0.000000 22.202080
550.500000 376.451965 0.489558 18.571487 0.000000 18.571487
426.548462 374.763306 0.489318 24.392075 0.000000 24.392075
263.996399 176.500000 0.488876 24.589630 0.000000 24.589630
115.500000 395.430420 0.488219 390.273254 0.000000 390.273254
178.500000 154.102722 0.487758 24.392075 0.000000 24.392075
288.284546 255.236008 0.487654 21.830845 0.000000 21.830845
291.122833 203.500000 0.487411 113.535889 0.000000 113.535889
334.500000 431.500000 0.487343 32.714901 0.000000 32.714901
37.500000 115.500000 0.486942 24.392075 0.000000 24.392075
340.087891 240.695160 0.486840 18.707211 0.000000 18.707211
551.183716 335.500000 0.486658 163.329132 0.000000 163.329132
439.665070 168.360489 0.486279 21.158674 0.000000 21.158674
82.823456 419.122925 0.486275 620.362793 0.000000 620.362793
13.489605 373.500000 0.486244 85.971512 0.000000 85.971512
122.734177 393.950439 0.486006 48.604046 0.000000 48.604046
261.500000 436.087738 0.485957 24.392075 0.000000 24.392075
606.856079 438.500000 0.484455 30.364799 0.000000 30.364799
420.888824 411.277557 0.484394 19.530403 0.000000 19.530403
69.786232 115.353012 0.484329 27.780956 0.000000 27.780956
218.060089 229.500000 0.483898 35.996769 0.000000 35.996769
65.431290 237.120316 0.483887 52.044724 0.000000 52.044724
196.147934 409.686401 0.483144 97.303467 0.000000 97.303467
139.650558 136.500000 0.482986 15.579222 0.000000 15.579222
331.297272 183.688614 0.482752 30.457188 0.000000 30.457188
78.796913 255.037979 0.481996 24.244572 0.000000 24.244572
562.743164 279.163513 0.481871 30.398958 0.000000 30.398958
381.500000 346.910278 0.481457 97.568314 0.000000 97.568314
336.968201 386.860748 0.480834 80.061684 0.000000 80.061684
389.500000 182.949509 0.480773 184.276459 0.000000 184.276459
197.400879 154.500000 0.480092 15.996347 0.000000 15.996347
277.142426 370.584442 0.479775 23.495855 0.000000 23.495855
599.509460 124.420830 0.479627 28.471933 0.000000 28.471933
165.005402 188.057755 0.479376 20.770657 0.000000 20.770657
458.500000 75.552696 0.479130 24.392075 0.000000 24.392075
64.500000 422.061462 0.479116 26.178366 0.000000 26.178366
456.817322 210.318054 0.479109 19.818975 0.000000 19.818975
337.500000 388.500000 0.478670 61.464176 0.000000 61.464176
538.500000 421.741241 0.478240 34.194637 0.000000 34.194637
379.686584 209.500000 0.478201 61.464176 0.000000 61.464176
501.188690 216.250275 0.478046 18.328114 0.000000 18.328114
307.815063 371.216217 0.477704 17.987886 0.000000 17.987886
478.586578 434.958191 0.477635 46.930260 0.000000 46.930260
76.975151 196.057617 0.477504 187.185806 0.000000 187.185806
396.500000 226.576599 0.477358 37.843906 0.000000 37.843906
362.019501 433.843353 0.476861 21.043556 0.000000 21.043556
123.919022 154.169708 0.476747 416.575165 0.000000 416.575165
558.500000 142.500000 0.476729 19.858421 0.000000 19.858421
126.383232 256.500000 0.475525 30.596382 0.000000 30.596382
29.500000 385.891266 0.475394 138.033081 0.000000 138.033081
383.030029 189.500000 0.474359 24.392075 0.000000 24.392075
271.917633 182.809830 0.473864 66.452293 0.000000 66.452293
581.236206 174.500000 0.472974 15.395357 0.000000 15.395357
412.452881 192.681625 0.472525 44.142452 0.000000 44.142452
595.677979 155.500000 0.472180 390.273254 0.000000 390.273254
96.096191 398.804443 0.471421 21.633495 0.000000 21.633495
544.162659 395.500000 0.471339 154.880035 0.000000 154.880035
198.453171 381.982086 0.470864 24.392075 0.000000 24.392075
467.500000 233.938797 0.469190 175.692947 0.000000 175.692947
23.500000 147.500000 0.469026 390.273254 0.000000 390.273254
380.228210 421.758850 0.468781 17.579113 0.000000 17.579113
405.818298 153.239395 0.468517 38.720009 0.000000 38.720009
510.619232 291.982086 0.468316 26.844675 0.000000 26.844675
378.500000 243.500000 0.468225 38.720009 0.000000 38.720009
239.569580 232.596146 0.467906 168.424957 0.000000 168.424957
195.152206 347.005249 0.467705 21.367701 0.000000 21.367701
420.803650 211.153503 0.467550 19.946672 0.000000 19.946672
266.500000 335.765533 0.467415 58.888569 0.000000 58.888569
487.078552 239.060791 0.466146 154.880035 0.000000 154.880035
514.022339 279.500000 0.465891 479.132172 0.000000 479.132172
156.838623 362.351868 0.465864 20.806978 0.000000 20.806978
419.500000 381.347595 0.464323 154.880035 0.000000 154.880035
79.500000 343.595093 0.463562 15.366042 0.000000 15.366042
456.091644 164.500000 0.462958 24.392075 0.000000 24.392075
149.319153 249.190399 0.462945 97.568314 0.000000 97.568314
291.500000 241.500000 0.462927 24.244276 0.000000 24.244276
218.814133 132.866852 0.462468 28.782957 0.000000 28.782957
46.610340 315.921631 0.462092 19.193203 0.000000 19.193203
588.303711 197.836563 0.461656 19.962490 0.000000 19.962490
590.658997 417.087189 0.460918 30.307373 0.000000 30.307373
89.500000 419.500000 0.460386 154.880035 0.000000 154.880035
253.149277 278.500000 0.460223 1880.065552 0.000000 1880.065552
453.303192 287.654602 0.460171 16.789360 0.000000 16.789360
441.500000 391.604065 0.459742 18.848778 0.000000 18.848778
161.079819 227.703033 0.459543 24.392075 0.000000 24.392075
457.179047 83.696167 0.459304 28.102049 0.000000 28.102049
93.500000 213.500000 0.459128 42.237648 0.000000 42.237648
399.251587 209.997772 0.458595 21.857357 0.000000 21.857357
497.500000 193.347809 0.458213 31.326672 0.000000 31.326672
351.500000 157.481354 0.457843 24.392075 0.000000 24.392075
45.431465 257.054016 0.457680 23.443501 0.000000 23.443501
261.687103 435.500000 0.457651 41.976418 0.000000 41.976418
466.995209 76.500000 0.457485 27.245689 0.000000 27.245689
521.740479 376.637909 0.457331 20.299971 0.000000 20.299971
421.418488 293.500000 0.457192 97.568314 0.000000 97.568314
491.885498 359.007568 0.456493 17.593243 0.000000 17.593243
424.011078 228.771286 0.456264 56.090649 0.000000 56.090649
114.589653 213.918488 0.456224 18.009609 0.000000 18.009609
60.556934 264.621277 0.455650 54.372784 0.000000 54.372784
278.500000 251.500000 0.455616 47.052177 0.000000 47.052177
277.333069 194.139435 0.455338 29.778759 0.000000 29.778759
104.795586 400.838165 0.455224 21.928703 0.000000 21.928703
324.500000 380.784637 0.454812 26.515223 0.000000 26.515223
609.500000 175.233582 0.453193 16.959881 0.000000 16.959881
407.500000 384.504608 0.453004 80.493637 0.000000 80.493637
478.504974 200.500000 0.452972 19.494427 0.000000 19.494427
487.500000 355.500000 0.452632 61.464176 0.000000 61.464176
471.500000 380.892914 0.452624 28.478819 0.000000 28.478819
424.840302 396.366119 0.452379 24.392075 0.000000 24.392075
420.670166 383.671753 0.452311 97.568314 0.000000 97.568314
55.500000 231.500000 0.452166 390.273254 0.000000 390.273254
456.206726 165.500000 0.451442 26.111322 0.000000 26.111322
591.500000 283.056152 0.451106 516.884094 0.000000 516.884094
377.500000 243.292633 0.448671 37.125675 0.000000 37.125675
249.815445 430.684784 0.448484 20.704542 0.000000 20.704542
462.769928 195.190201 0.448159 47.359543 0.000000 47.359543
69.830231 392.697693 0.448112 22.738981 0.000000 22.738981
417.500000 296.500000 0.447905 15.366042 0.000000 15.366042
121.277893 278.306122 0.447721 30.170456 0.000000 30.170456
442.500000 365.553650 0.447049 38.720009 0.000000 38.720009
315.500000 308.305969 0.446886 18.058918 0.000000 18.058918
180.089447 200.500000 0.446755 19.904942 0.000000 19.904942
118.084770 195.292831 0.446444 22.918972 0.000000 22.918972
483.763916 149.564590 0.446023 18.879248 0.000000 18.879248
129.500000 144.500000 0.445914 38.720009 0.000000 38.720009
248.751190 366.617096 0.445634 36.366779 0.000000 36.366779
15.866013 185.935486 0.445240 18.053211 0.000000 18.053211
218.607391 419.500000 0.445220 59.949642 0.000000 59.949642
57.183361 209.775162 0.444659 28.706379 0.000000 28.706379
495.500000 162.740997 0.444160 554.278137 0.000000 554.278137
65.864471 279.447540 0.443959 33.868694 0.000000 33.868694
335.500000 214.282333 0.442426 24.392075 0.000000 24.392075
462.500000 342.500000 0.442190 24.392075 0.000000 24.392075
53.100735 257.500000 0.442086 24.392075 0.000000 24.392075
126.175095 188.296265 0.441831 29.083179 0.000000 29.083179
139.864670 403.041962 0.441536 30.953901 0.000000 30.953901
527.500000 385.083221 0.441139 38.720009 0.000000 38.720009
307.500000 219.500000 0.440270 18.967375 0.000000 18.967375
535.554077 366.288605 0.440138 24.392075 0.000000 24.392075
524.500000 289.633972 0.440007 24.392075 0.000000 24.392075
149.853745 374.329956 0.439612 85.387550 0.000000 85.387550
116.487083 199.500000 0.439368 110.953087 0.000000 110.953087
519.738770 164.805466 0.439278 52.937649 0.000000 52.937649
525.882690 424.387451 0.438735 77.204292 0.000000 77.204292
451.223785 360.852051 0.438479 21.054529 0.000000 21.054529
529.972473 158.500000 0.438332 24.392075 0.000000 24.392075
217.455078 220.124100 0.438203 21.032520 0.000000 21.032520
79.291740 334.835876 0.438144 17.998922 0.000000 17.998922
470.988739 295.862427 0.437638 327.982910 0.000000 327.982910
125.951248 370.897705 0.437501 25.259075 0.000000 25.259075
84.106903 420.693451 0.437194 22.327351 0.000000 22.327351
243.162277 165.364792 0.436588 390.273254 0.000000 390.273254
336.008331 216.052979 0.436384 29.425940 0.000000 29.425940
228.349167 318.725952 0.435660 24.392075 0.000000 24.392075
152.777939 157.910492 0.435157 20.493237 0.000000 20.493237
89.504295 328.500000 0.434553 44.700764 0.000000 44.700764
232.500000 170.458466 0.434415 51.779617 0.000000 51.779617
96.509216 419.593384 0.432768 31.351412 0.000000 31.351412
406.086578 226.118195 0.432748 56.318329 0.000000 56.318329
420.008026 294.197571 0.432739 57.928898 0.000000 57.928898
454.500000 433.333710 0.431847 43.012142 0.000000 43.012142
426.854889 276.483856 0.431590 586.255554 0.000000 586.255554
263.219513 195.674515 0.431586 41.654984 0.000000 41.654984
130.815567 141.723785 0.431014 16.755322 0.000000 16.755322
77.572807 204.837646 0.430799 21.686024 0.000000 21.686024
443.500000 426.248322 0.430700 85.159691 0.000000 85.159691
446.397186 185.941330 0.430677 32.575054 0.000000 32.575054
468.006866 257.873108 0.430243 30.598228 0.000000 30.598228
525.500000 237.131683 0.429998 20.051340 0.000000 20.051340
94.913666 258.500000 0.429945 27.297300 0.000000 27.297300
83.482857 173.500000 0.429823 61.464176 0.000000 61.464176
77.500000 334.500000 0.429805 24.392075 0.000000 24.392075
255.183853 303.051453 0.429368 27.810999 0.000000 27.810999
598.209778 276.188507 0.428370 122.849724 0.000000 122.849724
559.500000 327.500000 0.428085 73.806732 0.000000 73.806732
594.500000 311.258636 0.427822 61.464176 0.000000 61.464176
67.211647 202.660141 0.427515 30.740458 0.000000 30.740458
577.500000 398.500000 0.427128 33.160549 0.000000 33.160549
281.500000 339.500000 0.427011 77.237526 0.000000 77.237526
432.500000 398.500000 0.426399 17.361830 0.000000 17.361830
149.500000 344.679718 0.426305 38.720009 0.000000 38.720009
542.529724 411.608124 0.425724 17.073545 0.000000 17.073545
217.818451 183.464905 0.425570 36.414455 0.000000 36.414455
41.500000 357.500000 0.425144 74.621941 0.000000 74.621941
339.065857 352.586334 0.424290 292.315186 0.000000 292.315186
297.156403 338.426605 0.423268 59.567326 0.000000 59.567326
94.090927 281.698303 0.423078 22.016872 0.000000 22.016872
13.500000 222.500000 0.422648 18.998060 0.000000 18.998060
143.618774 386.653534 0.422557 24.392075 0.000000 24.392075
572.982788 196.354828 0.421819 67.601631 0.000000 67.601631
14.500000 304.500000 0.421627 38.720009 0.000000 38.720009
607.192932 222.258148 0.421514 33.294544 0.000000 33.294544
120.500000 379.583099 0.421478 19.119961 0.000000 19.119961
225.664673 263.500000 0.421086 97.568314 0.000000 97.568314
487.500000 226.500000 0.421045 16.856644 0.000000 16.856644
286.717224 433.215118 0.420879 46.860401 0.000000 46.860401
153.772614 376.500000 0.420869 29.409451 0.000000 29.409451
569.968140 290.500000 0.420728 18.081202 0.000000 18.081202
53.500000 289.500000 0.420543 61.464176 0.000000 61.464176
593.642029 333.500000 0.420519 32.044621 0.000000 32.044621
14.500000 139.500000 0.419894 15.366042 0.000000 15.366042
351.500000 431.500000 0.419798 97.568314 0.000000 97.568314
521.500000 165.559891 0.419502 68.995476 0.000000 68.995476
139.500000 234.500000 0.418846 15.366042 0.000000 15.366042
435.247742 203.975494 0.418019 23.644014 0.000000 23.644014
160.553406 165.432861 0.417933 47.040775 0.000000 47.040775
528.276794 185.052536 0.417419 279.618713 0.000000 279.618713
206.458450 235.176208 0.417373 22.306581 0.000000 22.306581
260.064972 241.634964 0.417253 23.392384 0.000000 23.392384
6.242316 205.803360 0.417226 18.607878 0.000000 18.607878
445.500000 143.149719 0.416957 75.711899 0.000000 75.711899
141.500000 239.500000 0.416827 15.366042 0.000000 15.366042
312.700287 420.500000 0.416606 31.774839 0.000000 31.774839
456.636536 253.335846 0.416162 52.659592 0.000000 52.659592
452.500000 361.234039 0.416080 32.150036 0.000000 32.150036
249.853134 399.500000 0.415565 19.041964 0.000000 19.041964
492.373810 85.500000 0.415511 39.103264 0.000000 39.103264
263.184021 228.500000 0.414943 16.452778 0.000000 16.452778
145.500000 433.500000 0.414569 24.392075 0.000000 24.392075
402.725281 198.354736 0.414468 26.951586 0.000000 26.951586
233.105743 359.500000 0.413846 563.304504 0.000000 563.304504
594.298096 207.229233 0.413776 33.851913 0.000000 33.851913
60.190739 284.258575 0.413633 17.138853 0.000000 17.138853
260.500000 197.500000 0.413183 38.720009 0.000000 38.720009
181.500000 394.500000 0.413071 32.208389 0.000000 32.208389
361.500000 299.500000 0.412847 154.880035 0.000000 154.880035
475.278625 260.744324 0.412229 18.487873 0.000000 18.487873
595.500000 208.500000 0.411604 42.251530 0.000000 42.251530
486.500000 203.500000 0.411277 24.392075 0.000000 24.392075
393.500000 413.500000 0.411052 34.805378 0.000000 34.805378
131.310547 411.500000 0.410878 62.911568 0.000000 62.911568
273.737793 210.833038 0.410479 29.244850 0.000000 29.244850
416.500000 419.500000 0.410440 18.709534 0.000000 18.709534
316.277557 220.500000 0.410419 24.392075 0.000000 24.392075
53.923809 166.500000 0.410348 2680.561035 0.000000 2680.561035
107.625175 258.611145 0.410191 15.366042 0.000000 15.366042
217.222336 354.155823 0.409544 22.254183 0.000000 22.254183
571.500000 191.500000 0.409470 16.140600 0.000000 16.140600
52.605530 343.893677 0.409325 18.787802 0.000000 18.787802
411.289307 147.147263 0.408250 16.985048 0.000000 16.985048
299.500000 171.500000 0.408220 24.392075 0.000000 24.392075
79.849083 323.955414 0.408209 24.392075 0.000000 24.392075
248.395599 238.038773 0.407561 56.243176 0.000000 56.243176
147.500000 248.250031 0.407325 52.192093 0.000000 52.192093
122.488930 324.802917 0.407121 42.510891 0.000000 42.510891
37.644360 395.500000 0.406874 29.651480 0.000000 29.651480
579.500000 287.195709 0.406705 282.286682 0.000000 282.286682
236.783310 429.744141 0.406276 28.160591 0.000000 28.160591
63.500000 377.500000 0.406229 37.390457 0.000000 37.390457
185.252853 143.763229 0.406153 555.422852 0.000000 555.422852
159.577484 428.214020 0.406144 115.397339 0.000000 115.397339
171.107895 359.500000 0.406126 249.782547 0.000000 249.782547
392.745148 202.500000 0.405873 24.392075 0.000000 24.392075
116.500000 196.500000 0.405339 50.852394 0.000000 50.852394
459.055328 368.500000 0.404168 26.415722 0.000000 26.415722
565.754944 201.631012 0.404074 15.373417 0.000000 15.373417
511.500000 421.819397 0.403839 137.732574 0.000000 137.732574
58.516365 354.514313 0.403544 963.622314 0.000000 963.622314
367.793854 194.500000 0.403400 30.002775 0.000000 30.002775
284.094849 419.500000 0.403252 29.621206 0.000000 29.621206
198.689026 258.447754 0.402110 150.091141 0.000000 150.091141
483.757843 76.381035 0.401628 24.392075 0.000000 24.392075
359.161499 365.390259 0.401511 26.012621 0.000000 26.012621
558.478699 365.287964 0.401433 21.523369 0.000000 21.523369
96.721306 276.429901 0.401079 17.372972 0.000000 17.372972
321.500000 333.500000 0.400479 24.392075 0.000000 24.392075
505.980438 407.500000 0.400314 32.376232 0.000000 32.376232
465.462372 152.446655 0.400256 85.315292 0.000000 85.315292
251.945862 133.573151 0.399985 18.269739 0.000000 18.269739
39.900021 303.502716 0.399929 19.174578 0.000000 19.174578
444.500000 233.390488 0.399843 25.259823 0.000000 25.259823
611.713379 334.500000 0.399827 38.720009 0.000000 38.720009
347.500000 342.742004 0.399750 41.129379 0.000000 41.129379
439.721375 312.944946 0.399644 20.736132 0.000000 20.736132
524.244690 181.340714 0.399618 234.696136 0.000000 234.696136
609.500000 185.685562 0.399473 40.929787 0.000000 40.929787
578.835083 198.609802 0.399023 27.414574 0.000000 27.414574
572.500000 304.500000 0.399014 38.720009 0.000000 38.720009
329.001770 274.831970 0.398327 1376.896484 0.000000 1376.896484
528.922058 139.908676 0.397797 30.299818 0.000000 30.299818
62.135410 392.666901 0.397727 30.428953 0.000000 30.428953
604.944397 413.500000 0.397484 25.755638 0.000000 25.755638
309.500000 182.500000 0.397345 24.392075 0.000000 24.392075
203.519226 390.500000 0.397310 52.640076 0.000000 52.640076
502.500000 310.500000 0.397012 1561.093262 0.000000 1561.093262
544.214417 360.500000 0.396943 20.339697 0.000000 20.339697
29.061504 342.327240 0.396931 124.122406 0.000000 124.122406
505.907410 421.500000 0.396820 28.632000 0.000000 28.632000
274.500000 430.500000 0.396675 15.366042 0.000000 15.366042
95.606239 344.023834 0.396497 31.442860 0.000000 31.442860
563.500000 225.500000 0.396252 24.183495 0.000000 24.183495
153.765549 434.746002 0.396219 18.789518 0.000000 18.789518
600.362305 163.500000 0.395971 96.459702 0.000000 96.459702
416.298645 206.032471 0.395286 18.127693 0.000000 18.127693
507.171021 276.500000 0.394350 31.163210 0.000000 31.163210
461.500000 183.506409 0.394189 21.825502 0.000000 21.825502
191.685089 422.500000 0.393801 42.575035 0.000000 42.575035
13.658364 297.186523 0.393543 133.800598 0.000000 133.800598
203.406418 229.922836 0.393369 19.374296 0.000000 19.374296
538.793518 219.500000 0.392961 24.392075 0.000000 24.392075
229.105270 428.500000 0.392652 29.401072 0.000000 29.401072
320.087677 230.388824 0.392507 32.261917 0.000000 32.261917
390.500000 225.689728 0.392298 60.864025 0.000000 60.864025
529.889832 403.236786 0.392263 91.822670 0.000000 91.822670
118.586121 312.825226 0.392143 149.250427 0.000000 149.250427
502.215881 292.974548 0.392042 18.653532 0.000000 18.653532
465.776306 418.141113 0.391899 115.104874 0.000000 115.104874
128.116669 243.390808 0.391726 79.273186 0.000000 79.273186
85.373848 417.927216 0.391606 48.725140 0.000000 48.725140
489.310791 172.217194 0.391575 24.392075 0.000000 24.392075
133.142761 391.341797 0.391167 17.403515 0.000000 17.403515
424.901764 438.091614 0.391054 24.392075 0.000000 24.392075
150.224503 402.661560 0.390960 24.392075 0.000000 24.392075
253.421753 384.654327 0.390790 17.577881 0.000000 17.577881
335.500000 208.003311 0.390738 24.392075 0.000000 24.392075
63.500000 413.500000 0.390661 38.720009 0.000000 38.720009
103.500000 326.293701 0.390386 38.435387 0.000000 38.435387
159.500000 411.500000 0.389755 390.273254 0.000000 390.273254
404.451996 411.500000 0.389457 179.150452 0.000000 179.150452
355.500000 302.500000 0.389324 61.464176 0.000000 61.464176
248.150833 313.797699 0.388182 22.167717 0.000000 22.167717
541.261902 133.314514 0.387883 20.972843 0.000000 20.972843
425.808441 416.537720 0.387332 138.245789 0.000000 138.245789
354.884430 428.155914 0.387070 30.001110 0.000000 30.001110
208.964340 242.750076 0.387049 71.921928 0.000000 71.921928
404.549774 181.568039 0.386688 54.494862 0.000000 54.494862
562.677307 209.500000 0.386249 24.392075 0.000000 24.392075
281.515839 231.500000 0.385905 20.700315 0.000000 20.700315
268.500000 251.500000 0.385864 21.204172 0.000000 21.204172
413.500000 217.413818 0.385520 24.392075 0.000000 24.392075
370.276520 264.500000 0.384747 61.233585 0.000000 61.233585
89.023941 137.363815 0.384636 23.831339 0.000000 23.831339
92.657127 188.856140 0.384421 65.392860 0.000000 65.392860
160.049179 179.793396 0.383627 3160.266113 0.000000 3160.266113
360.376617 231.703995 0.383447 37.795414 0.000000 37.795414
172.500000 323.883392 0.383442 23.309336 0.000000 23.309336
244.988403 285.558624 0.383402 717.009888 0.000000 717.009888
13.500000 299.500000 0.383320 154.880035 0.000000 154.880035
473.953064 400.780945 0.383288 34.914021 0.000000 34.914021
266.500000 395.594727 0.383273 24.771812 0.000000 24.771812
235.500000 171.500000 0.383264 126.653923 0.000000 126.653923
249.400146 160.152756 0.382984 24.392075 0.000000 24.392075
439.772766 408.094147 0.382827 94.997757 0.000000 94.997757
99.243118 391.907379 0.382786 22.984119 0.000000 22.984119
373.025665 422.897369 0.382395 20.511248 0.000000 20.511248
321.123718 391.500000 0.381816 29.218599 0.000000 29.218599
235.500000 311.500000 0.381539 118.536324 0.000000 118.536324
275.207855 147.182404 0.381333 29.661545 0.000000 29.661545
494.500000 262.500000 0.381275 2685.533447 0.000000 2685.533447
37.012978 133.264389 0.381011 41.992779 0.000000 41.992779
578.376221 251.500000 0.380170 179.583817 0.000000 179.583817
218.246170 379.938477 0.380041 30.984083 0.000000 30.984083
332.959930 157.299789 0.379988 17.446661 0.000000 17.446661
553.500000 227.098679 0.379614 26.732939 0.000000 26.732939
408.977448 429.320770 0.379054 15.981321 0.000000 15.981321
227.567047 137.247894 0.378926 326.927856 0.000000 326.927856
30.114601 341.646240 0.378825 57.456448 0.000000 57.456448
223.558701 213.500000 0.378793 30.549374 0.000000 30.549374
270.500000 185.801422 0.378540 37.247459 0.000000 37.247459
108.500000 228.013657 0.378360 18.360189 0.000000 18.360189
494.829010 431.294708 0.378169 141.687531 0.000000 141.687531
548.727234 181.500000 0.377776 24.392075 0.000000 24.392075
321.582336 237.009781 0.377740 23.145941 0.000000 23.145941
583.500000 257.620941 0.377737 50.902683 0.000000 50.902683
259.500000 140.500000 0.377651 15.366042 0.000000 15.366042
417.500000 162.500000 0.377553 18.594856 0.000000 18.594856
105.500000 390.258423 0.377447 97.568314 0.000000 97.568314
191.061874 434.384949 0.377363 24.099020 0.000000 24.099020
283.042480 173.273849 0.376678 26.791307 0.000000 26.791307
178.291580 320.716064 0.376477 85.312134 0.000000 85.312134
239.797440 168.814728 0.376349 29.783468 0.000000 29.783468
317.500000 241.500000 0.376348 126.767632 0.000000 126.767632
370.591187 242.500000 0.376237 48.778198 0.000000 48.778198
443.399536 434.739319 0.376137 24.392075 0.000000 24.392075
397.801788 305.094910 0.375638 1622.614746 0.000000 1622.614746
379.500000 231.212875 0.375429 51.378490 0.000000 51.378490
462.786285 206.895096 0.375260 15.366042 0.000000 15.366042
138.636887 256.008240 0.374616 24.392075 0.000000 24.392075
413.465088 202.101227 0.374577 51.424515 0.000000 51.424515
491.237396 241.534042 0.374135 30.136553 0.000000 30.136553
181.862701 297.377716 0.374071 31.799988 0.000000 31.799988
212.500000 184.500000 0.374058 38.720009 0.000000 38.720009
44.241741 326.782593 0.372892 24.969296 0.000000 24.969296
405.717010 407.254669 0.372638 20.533272 0.000000 20.533272
264.607574 330.113800 0.372331 23.364616 0.000000 23.364616
102.967415 331.500000 0.371926 146.043121 0.000000 146.043121
482.020813 235.736038 0.371805 24.392075 0.000000 24.392075
469.500000 416.500000 0.371724 26.434586 0.000000 26.434586
96.683029 427.349640 0.371540 17.903608 0.000000 17.903608
603.500000 437.496490 0.371100 110.332207 0.000000 110.332207
561.919312 232.702515 0.370811 88.544220 0.000000 88.544220
268.500000 235.500000 0.370716 61.464176 0.000000 61.464176
587.159058 366.500000 0.370272 23.927622 0.000000 23.927622
72.874458 419.116608 0.370152 30.358616 0.000000 30.358616
465.465851 411.969513 0.370147 390.273254 0.000000 390.273254
187.088043 235.500000 0.370011 19.386827 0.000000 19.386827
212.500000 295.500000 0.369901 41.144810 0.000000 41.144810
389.129700 328.182770 0.369780 19.231079 0.000000 19.231079
95.556999 372.947479 0.369582 23.789667 0.000000 23.789667
262.820587 146.713181 0.369422 97.568314 0.000000 97.568314
208.600998 226.711411 0.368812 29.915390 0.000000 29.915390
117.500000 286.199615 0.368739 208.072479 0.000000 208.072479
369.008331 240.500000 0.368449 19.985912 0.000000 19.985912
396.376862 269.778107 0.368396 84.961052 0.000000 84.961052
197.500000 273.823975 0.368311 194.868423 0.000000 194.868423
213.500000 295.933105 0.367958 35.518913 0.000000 35.518913
576.728394 412.696350 0.367660 41.121483 0.000000 41.121483
326.145538 417.992920 0.367594 22.181845 0.000000 22.181845
446.433319 226.022156 0.367478 33.279331 0.000000 33.279331
65.840195 414.251678 0.367174 132.568268 0.000000 132.568268
471.813507 233.500000 0.365903 26.388166 0.000000 26.388166
550.312317 218.042038 0.365400 30.636814 0.000000 30.636814
225.500000 199.866745 0.365374 24.563948 0.000000 24.563948
321.860992 185.196716 0.365295 33.408985 0.000000 33.408985
31.500000 342.774750 0.365284 24.392075 0.000000 24.392075
579.500000 250.500000 0.365277 31.811310 0.000000 31.811310
192.461380 394.037903 0.365253 58.952702 0.000000 58.952702
383.863098 199.674454 0.365061 26.316647 0.000000 26.316647
269.748932 413.602783 0.364814 19.533754 0.000000 19.533754
169.500000 311.500000 0.364786 60.191174 0.000000 60.191174
531.773621 352.368713 0.363713 52.122089 0.000000 52.122089
403.006622 300.302338 0.362063 19.116079 0.000000 19.116079
511.163879 187.807404 0.361647 17.868334 0.000000 17.868334
609.850037 210.632416 0.361622 30.102558 0.000000 30.102558
543.500000 207.331421 0.361369 24.392075 0.000000 24.392075
68.500000 192.263901 0.361189 41.405415 0.000000 41.405415
80.156097 183.743576 0.360985 21.521851 0.000000 21.521851
463.292816 198.767822 0.360729 24.392075 0.000000 24.392075
172.428009 242.830627 0.360617 166.375107 0.000000 166.375107
241.539841 211.684448 0.360206 35.071190 0.000000 35.071190
593.741699 215.500000 0.360046 140.845810 0.000000 140.845810
172.500000 392.107697 0.359758 18.002466 0.000000 18.002466
195.296036 366.778412 0.359346 24.127203 0.000000 24.127203
314.505280 306.724304 0.359228 87.382637 0.000000 87.382637
265.500000 263.828613 0.358650 24.392075 0.000000 24.392075
321.688629 402.784607 0.358560 17.139864 0.000000 17.139864
505.500000 398.500000 0.358264 33.227489 0.000000 33.227489
196.824768 316.483826 0.358248 107.986870 0.000000 107.986870
232.270782 183.500000 0.358038 49.994503 0.000000 49.994503
322.891266 425.356628 0.358000 18.799498 0.000000 18.799498
262.354126 348.500000 0.357692 36.967953 0.000000 36.967953
517.500000 394.001404 0.356525 29.922176 0.000000 29.922176
189.500000 433.500000 0.355526 38.720009 0.000000 38.720009
385.466553 245.525818 0.355480 24.392075 0.000000 24.392075
99.500000 153.184845 0.355341 79.655014 0.000000 79.655014
270.397644 432.500000 0.355103 24.392075 0.000000 24.392075
537.067200 201.884705 0.354854 31.502888 0.000000 31.502888
36.766445 147.141907 0.354663 58.009823 0.000000 58.009823
426.500000 216.500000 0.354370 28.498014 0.000000 28.498014
428.011688 425.751404 0.354306 31.010710 0.000000 31.010710
385.101929 281.500000 0.354137 16.090715 0.000000 16.090715
311.500000 387.441956 0.353779 29.695133 0.000000 29.695133
8.980215 407.500000 0.353768 61.464176 0.000000 61.464176
508.579590 178.008621 0.353645 37.600410 0.000000 37.600410
27.500000 348.753143 0.353445 17.611820 0.000000 17.611820
513.913269 416.052460 0.352950 33.163887 0.000000 33.163887
552.804260 193.500000 0.352833 15.366042 0.000000 15.366042
520.768677 180.041992 0.352573 97.568314 0.000000 97.568314
520.297913 381.725922 0.352212 20.104317 0.000000 20.104317
8.500000 409.924744 0.351370 24.392075 0.000000 24.392075
15.500000 355.500000 0.351062 916.165283 0.000000 916.165283
243.546844 334.697693 0.350764 97.568314 0.000000 97.568314
228.174896 436.241486 0.350178 29.526081 0.000000 29.526081
250.616913 244.345459 0.349732 783.971191 0.000000 783.971191
371.500000 319.348846 0.349370 18.806297 0.000000 18.806297
233.500000 184.510315 0.349270 35.299225 0.000000 35.299225
53.187153 353.880646 0.349211 53.215015 0.000000 53.215015
16.500000 295.500000 0.349113 24.392075 0.000000 24.392075
597.580566 212.500000 0.348648 22.667477 0.000000 22.667477
64.211090 318.500000 0.348212 38.720009 0.000000 38.720009
126.860847 199.500000 0.347871 27.146177 0.000000 27.146177
378.500000 342.500000 0.347328 38.720009 0.000000 38.720009
563.500000 136.500000 0.347326 18.106646 0.000000 18.106646
81.415581 299.500000 0.347273 11831.099609 0.000000 11831.099609
54.663853 382.210266 0.347194 18.370832 0.000000 18.370832
128.500000 153.772430 0.347086 17.805468 0.000000 17.805468
469.500000 108.025200 0.346975 15.366042 0.000000 15.366042
89.500000 269.500000 0.346658 24.392075 0.000000 24.392075
214.500000 240.500000 0.346445 15.366042 0.000000 15.366042
549.500000 221.969315 0.346377 82.077385 0.000000 82.077385
199.980881 431.500000 0.346200 37.047092 0.000000 37.047092
131.500000 232.500000 0.345943 17.593122 0.000000 17.593122
36.500000 202.445038 0.345623 30.686766 0.000000 30.686766
220.500000 149.570496 0.345608 38.720009 0.000000 38.720009
309.500000 176.125351 0.345539 37.365067 0.000000 37.365067
184.158005 448.500000 0.344536 52.350952 0.000000 52.350952
177.009796 333.809082 0.344251 29.724421 0.000000 29.724421
331.500000 363.500000 0.344031 983.427124 0.000000 983.427124
435.500000 224.172867 0.343610 18.330135 0.000000 18.330135
51.500000 283.500000 0.343329 25.970287 0.000000 25.970287
259.350983 153.956039 0.343131 171.000137 0.000000 171.000137
173.380569 170.330048 0.343048 45.782475 0.000000 45.782475
271.953918 422.874664 0.343017 20.786798 0.000000 20.786798
179.500000 403.523315 0.342435 22.150614 0.000000 22.150614
479.824799 425.500000 0.342408 30.293167 0.000000 30.293167
380.395020 231.500000 0.341962 15.924100 0.000000 15.924100
293.326874 371.372589 0.341870 18.853909 0.000000 18.853909
557.958740 198.075531 0.341604 19.192694 0.000000 19.192694
127.500000 205.500000 0.341341 28.773119 0.000000 28.773119
524.500000 182.690155 0.340677 28.401447 0.000000 28.401447
184.216431 137.369431 0.340633 222.705414 0.000000 222.705414
73.500000 345.038086 0.340613 15.366042 0.000000 15.366042
103.697952 353.567444 0.340608 23.884201 0.000000 23.884201
161.500000 206.500000 0.340359 49.436928 0.000000 49.436928
8.664561 404.235046 0.340350 78.282219 0.000000 78.282219
311.500000 177.500000 0.339970 61.464176 0.000000 61.464176
431.500000 131.500000 0.339554 390.273254 0.000000 390.273254
93.500000 336.500000 0.339444 23.692425 0.000000 23.692425
34.953213 171.243073 0.339345 58.802284 0.000000 58.802284
421.588470 145.624207 0.339344 23.795807 0.000000 23.795807
174.578125 457.500000 0.339321 19.360655 0.000000 19.360655
251.500000 183.944977 0.339068 15.366042 0.000000 15.366042
69.500000 191.500000 0.338848 24.392075 0.000000 24.392075
520.500000 316.500000 0.338600 24.392075 0.000000 24.392075
352.323090 369.439545 0.338464 16.152554 0.000000 16.152554
588.500000 223.500000 0.338452 24.392075 0.000000 24.392075
481.211060 85.329590 0.338179 35.283039 0.000000 35.283039
555.500000 141.089462 0.337968 323.389099 0.000000 323.389099
272.298981 329.338593 0.337730 20.072874 0.000000 20.072874
77.813713 238.837234 0.337643 18.217596 0.000000 18.217596
246.500000 436.500000 0.337185 22.352150 0.000000 22.352150
134.500000 374.691986 0.336838 19.332706 0.000000 19.332706
141.253525 156.353638 0.336723 227.478058 0.000000 227.478058
53.500000 273.500000 0.335569 38.430763 0.000000 38.430763
597.327881 131.500000 0.335254 25.367039 0.000000 25.367039
261.742554 215.500000 0.335161 67.046715 0.000000 67.046715
402.286652 214.500000 0.334764 44.938675 0.000000 44.938675
152.831299 171.123703 0.334631 21.839767 0.000000 21.839767
172.500000 300.976196 0.334116 18.679914 0.000000 18.679914
405.158691 397.742126 0.334085 30.116442 0.000000 30.116442
177.771378 338.608643 0.333671 103.488617 0.000000 103.488617
15.500000 163.500000 0.333284 983.427124 0.000000 983.427124
63.500000 334.500000 0.333228 24.392075 0.000000 24.392075
578.500000 288.500000 0.333167 38.720009 0.000000 38.720009
530.447632 202.500000 0.333001 24.392075 0.000000 24.392075
367.721527 332.529663 0.332716 24.392075 0.000000 24.392075
439.500000 135.500000 0.332535 245.856750 0.000000 245.856750
225.615280 219.931732 0.332203 97.568314 0.000000 97.568314
64.968025 318.457184 0.331982 90.458733 0.000000 90.458733
505.500000 400.500000 0.331863 20.944357 0.000000 20.944357
467.500000 319.393402 0.331714 20.775679 0.000000 20.775679
339.395569 117.500000 0.331691 28.602028 0.000000 28.602028
604.500000 167.500000 0.331684 24.392075 0.000000 24.392075
191.851151 252.866959 0.331677 27.559872 0.000000 27.559872
319.692383 245.630859 0.331576 27.390804 0.000000 27.390804
434.575897 437.148621 0.331278 17.640266 0.000000 17.640266
440.500000 340.500000 0.331247 24.392075 0.000000 24.392075
251.382736 197.599609 0.330756 20.759884 0.000000 20.759884
416.279358 428.500000 0.330681 38.720009 0.000000 38.720009
367.674164 330.775970 0.330541 32.464443 0.000000 32.464443
368.398499 223.482025 0.330446 104.736206 0.000000 104.736206
564.500000 296.744171 0.330407 24.168097 0.000000 24.168097
136.226166 319.500000 0.329979 511.414673 0.000000 511.414673
353.944031 449.606628 0.329704 18.476028 0.000000 18.476028
544.338379 369.178192 0.329519 21.853651 0.000000 21.853651
497.500000 260.996033 0.329250 78.121796 0.000000 78.121796
262.574707 312.500000 0.329169 16.879166 0.000000 16.879166
172.630066 315.933838 0.328729 19.445251 0.000000 19.445251
528.628845 236.148621 0.328698 127.167488 0.000000 127.167488
335.246002 175.761108 0.328627 37.561714 0.000000 37.561714
597.056335 245.668991 0.328581 30.952791 0.000000 30.952791
322.960663 429.980103 0.328511 28.872999 0.000000 28.872999
123.500000 427.500000 0.328405 56.458347 0.000000 56.458347
606.500000 209.500000 0.327955 61.464176 0.000000 61.464176
306.082977 424.500000 0.327903 26.930014 0.000000 26.930014
461.858704 235.759598 0.327756 48.957817 0.000000 48.957817
360.500000 207.500000 0.327572 24.392075 0.000000 24.392075
601.320679 362.455475 0.327292 18.220076 0.000000 18.220076
430.500000 165.996017 0.327252 993.000671 0.000000 993.000671
257.512360 198.601120 0.327242 322.851501 0.000000 322.851501
126.640610 384.500000 0.327174 15.366042 0.000000 15.366042
399.849579 295.500000 0.327168 892.362366 0.000000 892.362366
78.689232 255.500000 0.326923 85.794983 0.000000 85.794983
281.978821 312.133240 0.326917 25.833227 0.000000 25.833227
378.126831 257.286346 0.326708 47.337231 0.000000 47.337231
261.500000 212.500000 0.326420 39.614548 0.000000 39.614548
571.027405 169.757324 0.326394 29.677446 0.000000 29.677446
150.990524 197.403717 0.326094 16.278606 0.000000 16.278606
200.500000 430.500000 0.326057 38.749828 0.000000 38.749828
597.500000 397.500000 0.325154 245.856750 0.000000 245.856750
545.568604 190.681061 0.324938 19.134308 0.000000 19.134308
245.281998 235.888672 0.324896 16.968153 0.000000 16.968153
432.500000 303.424866 0.324290 47.179749 0.000000 47.179749
503.500000 352.500000 0.323811 32.413380 0.000000 32.413380
193.557571 352.143646 0.323566 478.682037 0.000000 478.682037
365.500000 204.500000 0.323520 55.859207 0.000000 55.859207
611.500000 427.500000 0.323003 27.525152 0.000000 27.525152
9.507714 188.367859 0.322833 115.288895 0.000000 115.288895
315.500000 434.378967 0.322722 28.022612 0.000000 28.022612
396.055145 404.563293 0.322664 30.416496 0.000000 30.416496
183.500000 261.500000 0.322591 61.464176 0.000000 61.464176
566.105652 211.500000 0.322415 135.785934 0.000000 135.785934
111.926376 151.415985 0.322330 15.366042 0.000000 15.366042
549.500000 383.960175 0.322140 23.797924 0.000000 23.797924
601.131897 127.533150 0.321920 79.469627 0.000000 79.469627
26.162935 146.293640 0.321599 51.375980 0.000000 51.375980
424.500000 203.500000 0.321514 24.392075 0.000000 24.392075
95.944458 210.123856 0.321413 163.896240 0.000000 163.896240
219.587158 162.273834 0.321328 32.524052 0.000000 32.524052
61.500000 267.500000 0.320950 24.392075 0.000000 24.392075
552.043396 285.258759 0.320941 17.951996 0.000000 17.951996
531.500000 197.500000 0.320804 97.568314 0.000000 97.568314
23.500000 174.500000 0.320789 48.113968 0.000000 48.113968
389.698730 225.500000 0.320370 66.605461 0.000000 66.605461
352.500000 395.500000 0.320253 23.008345 0.000000 23.008345
294.033081 423.358368 0.319697 24.392075 0.000000 24.392075
180.276886 346.675934 0.319566 47.070724 0.000000 47.070724
524.500000 419.500000 0.319548 31.862358 0.000000 31.862358
129.500000 209.500000 0.319507 33.307152 0.000000 33.307152
530.979065 282.194763 0.319247 121.919907 0.000000 121.919907
504.875580 437.896667 0.319216 22.360083 0.000000 22.360083
137.558762 161.164444 0.318979 18.190668 0.000000 18.190668
114.500000 375.175720 0.318647 28.876827 0.000000 28.876827
467.636841 389.981293 0.318553 32.609409 0.000000 32.609409
83.579208 232.670135 0.318141 18.254061 0.000000 18.254061
166.368561 204.638611 0.317002 119.780746 0.000000 119.780746
513.500000 211.500000 0.316475 245.856750 0.000000 245.856750
406.500000 398.500000 0.316075 38.720009 0.000000 38.720009
415.688049 407.500000 0.316000 127.874176 0.000000 127.874176
346.962311 174.111221 0.315808 44.689747 0.000000 44.689747
75.284737 126.916039 0.315799 47.563297 0.000000 47.563297
131.118103 320.967346 0.315553 18.665882 0.000000 18.665882
149.001282 229.500000 0.315322 66.874313 0.000000 66.874313
113.351166 405.500000 0.315283 181.706604 0.000000 181.706604
502.479462 137.928055 0.315191 20.398390 0.000000 20.398390
518.500000 181.516144 0.314906 1188.648560 0.000000 1188.648560
544.500000 225.500000 0.314419 24.392075 0.000000 24.392075
32.619823 292.315887 0.314122 927.250549 0.000000 927.250549
56.973221 366.536621 0.313948 206.899261 0.000000 206.899261
123.500000 343.500000 0.313515 27.648077 0.000000 27.648077
19.872440 342.500000 0.313455 24.392075 0.000000 24.392075
112.500000 141.500000 0.313385 49.318024 0.000000 49.318024
88.798019 288.861725 0.312863 23.003065 0.000000 23.003065
227.302322 187.500000 0.312850 24.392075 0.000000 24.392075
117.605659 345.500000 0.312220 24.392075 0.000000 24.392075
384.500000 177.022293 0.312139 32.794167 0.000000 32.794167
112.500000 158.500000 0.311960 30.464489 0.000000 30.464489
109.500000 285.622955 0.311879 49.024090 0.000000 49.024090
240.500000 454.854523 0.311384 21.070461 0.000000 21.070461
428.500000 238.096237 0.311072 15.366042 0.000000 15.366042
455.883850 224.433121 0.310965 18.139875 0.000000 18.139875
112.500000 137.500000 0.310963 34.823410 0.000000 34.823410
611.320801 302.110443 0.310953 32.118000 0.000000 32.118000
124.500000 362.500000 0.310947 32.679596 0.000000 32.679596
365.500000 317.500000 0.310443 97.568314 0.000000 97.568314
47.275749 456.500000 0.310168 28.227703 0.000000 28.227703
535.500000 382.500000 0.309922 27.552603 0.000000 27.552603
400.432190 176.500000 0.309605 21.297995 0.000000 21.297995
550.268677 209.039780 0.308993 24.301720 0.000000 24.301720
453.493591 309.887238 0.308877 18.784575 0.000000 18.784575
180.536133 399.653107 0.308715 97.568314 0.000000 97.568314
417.270782 198.500000 0.308504 31.632397 0.000000 31.632397
563.269043 433.293365 0.308167 336.013855 0.000000 336.013855
223.500000 211.500000 0.307849 98.227608 0.000000 98.227608
544.538330 122.000229 0.307508 32.872658 0.000000 32.872658
432.986908 416.854431 0.307455 16.831875 0.000000 16.831875
496.262848 335.272949 0.307318 32.304977 0.000000 32.304977
414.397125 399.726196 0.306707 24.392075 0.000000 24.392075
602.175110 364.500000 0.306536 46.255936 0.000000 46.255936
107.582161 409.056915 0.306525 30.958139 0.000000 30.958139
610.629578 397.409821 0.306218 21.852047 0.000000 21.852047
541.500000 294.503082 0.306046 61.464176 0.000000 61.464176
548.770325 455.500000 0.305949 18.244263 0.000000 18.244263
82.776207 369.340363 0.305732 22.662724 0.000000 22.662724
407.653931 386.503510 0.303946 24.392075 0.000000 24.392075
217.002762 293.451630 0.303675 18.057871 0.000000 18.057871
571.357361 330.173187 0.303655 42.946026 0.000000 42.946026
301.500000 303.500000 0.303473 24.392075 0.000000 24.392075
175.500000 406.121552 0.303316 191.831467 0.000000 191.831467
119.500000 149.500000 0.303122 52.608536 0.000000 52.608536
574.500000 223.500000 0.302974 38.720009 0.000000 38.720009
53.228760 311.500000 0.302738 29.200729 0.000000 29.200729
115.971298 387.922791 0.302281 26.723049 0.000000 26.723049
527.727112 369.150146 0.302188 146.746277 0.000000 146.746277
39.027985 267.721558 0.302072 29.222904 0.000000 29.222904
195.098923 225.913406 0.301938 18.249453 0.000000 18.249453
280.216125 385.029297 0.301890 20.815170 0.000000 20.815170
607.937134 253.500000 0.301879 45.315792 0.000000 45.315792
151.086075 189.230057 0.301813 17.044889 0.000000 17.044889
150.983322 457.211670 0.301757 34.477615 0.000000 34.477615
457.209198 373.412018 0.301548 97.568314 0.000000 97.568314
463.500000 269.500000 0.301333 84.250786 0.000000 84.250786
276.189667 303.013062 0.301189 170.919540 0.000000 170.919540
215.629456 320.433807 0.301127 16.104790 0.000000 16.104790
258.500000 352.162445 0.301013 38.720009 0.000000 38.720009
134.912140 335.249756 0.300837 50.710575 0.000000 50.710575
311.500000 173.933533 0.300563 17.635540 0.000000 17.635540
406.500000 291.500000 0.300439 15.366042 0.000000 15.366042
338.882538 253.500000 0.300308 43.756779 0.000000 43.756779
94.256958 167.500000 0.300197 34.746037 0.000000 34.746037
