902
468.964508 334.258484 1.298971 61.464176 0.000000 61.464176
270.486694 355.813141 1.215588 37.743393 0.000000 37.743393
588.638489 405.374359 1.166677 56.581738 0.000000 56.581738
55.602703 240.166473 1.156552 18.707241 0.000000 18.707241
532.248169 327.500000 1.093229 21.174448 0.000000 21.174448
306.529724 369.098114 1.087793 138.549500 0.000000 138.549500
591.712402 330.766754 1.039790 22.985605 0.000000 22.985605
306.073730 349.500000 1.029634 138.984131 0.000000 138.984131
443.306641 341.715607 1.003599 61.464176 0.000000 61.464176
519.698669 441.500000 1.002320 23.495213 0.000000 23.495213
578.500000 327.500000 0.991619 41.957344 0.000000 41.957344
36.931137 320.791016 0.989515 146.849991 0.000000 146.849991
178.341263 359.500000 0.973665 154.880035 0.000000 154.880035
443.696075 341.784912 0.972534 60.381733 0.000000 60.381733
450.641296 445.403107 0.968512 373.805237 0.000000 373.805237
533.861389 390.071747 0.965593 71.612724 0.000000 71.612724
157.250732 305.894867 0.963252 111.418320 0.000000 111.418320
377.826324 108.853554 0.943452 645.197754 0.000000 645.197754
180.018494 431.561798 0.928672 91.637672 0.000000 91.637672
536.883728 439.267242 0.920969 21.862974 0.000000 21.862974
151.528290 424.923553 0.901583 69.511009 0.000000 69.511009
389.709045 454.608734 0.890848 38.720009 0.000000 38.720009
597.034424 153.122910 0.877215 24.392075 0.000000 24.392075
212.819382 223.500000 0.874630 106.403877 0.000000 106.403877
385.134247 406.233002 0.854994 126.915726 0.000000 126.915726
306.102600 422.959259 0.841648 169.848343 0.000000 169.848343
406.832245 331.864868 0.840557 119.184570 0.000000 119.184570
582.064758 424.910919 0.840259 222.288300 0.000000 222.288300
307.500000 359.500000 0.832817 526.269897 0.000000 526.269897
417.772858 289.718201 0.824144 293.930298 0.000000 293.930298
283.962677 298.844299 0.821732 124.302994 0.000000 124.302994
258.069214 369.360535 0.820247 88.420158 0.000000 88.420158
344.850464 191.105850 0.813725 28.505270 0.000000 28.505270
163.916351 200.552246 0.812609 377.487854 0.000000 377.487854
82.362999 373.860321 0.810014 19.467497 0.000000 19.467497
570.974731 223.159500 0.773479 24.392075 0.000000 24.392075
442.725647 354.636292 0.773378 82.646484 0.000000 82.646484
232.355453 247.091797 0.766585 47.307529 0.000000 47.307529
522.157227 420.225555 0.765657 17.954727 0.000000 17.954727
46.381027 158.699738 0.765007 22.609337 0.000000 22.609337
391.273804 142.488556 0.761946 139.943634 0.000000 139.943634
429.187988 209.337112 0.761069 301.082214 0.000000 301.082214
448.195831 340.510590 0.753197 1278.059814 0.000000 1278.059814
333.422607 417.284821 0.752598 57.315559 0.000000 57.315559
326.836548 191.500000 0.749554 24.392075 0.000000 24.392075
57.542671 393.535156 0.747886 116.960190 0.000000 116.960190
569.600525 253.500000 0.744549 19.637617 0.000000 19.637617
529.783325 216.584427 0.743422 97.568314 0.000000 97.568314
533.121399 219.909592 0.735535 41.254028 0.000000 41.254028
77.064987 142.678574 0.733754 24.392075 0.000000 24.392075
86.546768 441.939056 0.725132 18.861206 0.000000 18.861206
473.263519 231.757202 0.719856 20.952400 0.000000 20.952400
276.500000 342.500000 0.716927 17.862871 0.000000 17.862871
58.909027 458.733276 0.716007 23.878777 0.000000 23.878777
404.041687 186.783524 0.715615 29.432604 0.000000 29.432604
373.500000 333.039154 0.712505 77.314156 0.000000 77.314156
559.222595 253.228531 0.711124 28.409229 0.000000 28.409229
500.672119 174.276413 0.708760 359.287964 0.000000 359.287964
386.590149 409.711334 0.707373 326.107025 0.000000 326.107025
391.377380 419.500000 0.706746 24.392075 0.000000 24.392075
19.500000 375.500000 0.706035 509.457825 0.000000 509.457825
389.005219 364.780609 0.705488 97.568314 0.000000 97.568314
100.133247 234.800690 0.705273 34.835876 0.000000 34.835876
234.066147 394.164612 0.702287 45.566177 0.000000 45.566177
391.225281 444.500000 0.700762 17.599655 0.000000 17.599655
122.994080 264.350281 0.697298 245.856750 0.000000 245.856750
554.050354 156.674393 0.695140 174.250092 0.000000 174.250092
599.824219 174.777618 0.692661 72.855553 0.000000 72.855553
288.154053 156.520508 0.692511 24.392075 0.000000 24.392075
383.825958 181.170547 0.691329 133.001450 0.000000 133.001450
396.045074 160.214035 0.690906 21.621241 0.000000 21.621241
417.711639 454.179260 0.690798 24.392075 0.000000 24.392075
575.978699 404.400665 0.689196 35.106075 0.000000 35.106075
177.182434 380.102661 0.686070 137.459763 0.000000 137.459763
204.025421 381.655975 0.685126 60.632500 0.000000 60.632500
444.282043 347.500000 0.682516 221.011551 0.000000 221.011551
160.756592 198.855011 0.680341 73.606331 0.000000 73.606331
159.782272 257.179047 0.680269 17.888472 0.000000 17.888472
98.791481 205.141968 0.680032 24.392075 0.000000 24.392075
227.876144 163.307495 0.679930 38.540356 0.000000 38.540356
108.044044 399.658020 0.679420 32.784943 0.000000 32.784943
123.500000 265.105896 0.678748 300.152618 0.000000 300.152618
327.020538 340.580261 0.677312 16.223650 0.000000 16.223650
59.929207 169.259689 0.674810 46.098991 0.000000 46.098991
401.951508 176.989624 0.673720 24.392075 0.000000 24.392075
558.007080 265.280823 0.673113 24.392075 0.000000 24.392075
402.500000 332.215454 0.672249 32.355637 0.000000 32.355637
283.873138 388.775024 0.669635 18.523163 0.000000 18.523163
48.005627 227.916214 0.669414 21.938637 0.000000 21.938637
333.130066 348.500000 0.664391 61.464176 0.000000 61.464176
552.676086 205.052994 0.663880 24.392075 0.000000 24.392075
160.834564 322.290527 0.662172 22.128284 0.000000 22.128284
411.907257 331.274689 0.660161 22.823650 0.000000 22.823650
58.531120 453.250397 0.658845 137.073318 0.000000 137.073318
355.309204 202.891693 0.657525 43.246891 0.000000 43.246891
127.500000 167.500000 0.656600 19.096449 0.000000 19.096449
569.491150 210.859695 0.654896 18.389996 0.000000 18.389996
337.161743 314.664764 0.652898 20.004316 0.000000 20.004316
129.752579 169.500000 0.652878 47.470100 0.000000 47.470100
148.082520 236.606949 0.652283 30.290827 0.000000 30.290827
440.623901 295.035248 0.648400 41.582489 0.000000 41.582489
268.121857 185.139847 0.645147 275.151031 0.000000 275.151031
113.777405 179.207108 0.644959 19.637899 0.000000 19.637899
411.890289 298.013000 0.642901 24.392075 0.000000 24.392075
376.232513 137.147354 0.642235 22.886715 0.000000 22.886715
177.500000 254.734680 0.637656 55.533413 0.000000 55.533413
429.996521 212.523590 0.635831 24.392075 0.000000 24.392075
157.373032 197.559006 0.635383 22.177996 0.000000 22.177996
395.848267 295.128723 0.633461 38.720009 0.000000 38.720009
102.303589 201.873688 0.633382 119.595444 0.000000 119.595444
188.500000 206.500000 0.631994 46.631691 0.000000 46.631691
243.779938 270.855072 0.629830 20.397350 0.000000 20.397350
398.538879 99.441048 0.628792 33.099640 0.000000 33.099640
424.500000 298.500000 0.626780 24.392075 0.000000 24.392075
131.413315 148.273651 0.626521 48.425564 0.000000 48.425564
88.500000 259.744965 0.623540 24.392075 0.000000 24.392075
601.848877 186.384201 0.622121 44.210876 0.000000 44.210876
571.895691 265.538696 0.621140 32.911732 0.000000 32.911732
369.622009 202.526123 0.619934 16.715902 0.000000 16.715902
344.066956 218.882843 0.617987 76.861076 0.000000 76.861076
283.768463 157.500000 0.617648 97.568314 0.000000 97.568314
234.014496 345.787079 0.617039 25.059736 0.000000 25.059736
57.500000 367.500000 0.616323 151.247116 0.000000 151.247116
357.329865 217.906281 0.616261 19.055441 0.000000 19.055441
134.101776 379.370178 0.615824 55.198513 0.000000 55.198513
106.773094 246.737579 0.615421 38.307823 0.000000 38.307823
354.500000 239.747345 0.614958 30.007900 0.000000 30.007900
403.664398 212.985855 0.614408 23.766434 0.000000 23.766434
365.483429 325.085388 0.613462 17.167820 0.000000 17.167820
27.315739 425.513916 0.611184 25.193081 0.000000 25.193081
432.129578 203.225250 0.608815 29.879660 0.000000 29.879660
527.500000 348.131683 0.608049 81.137680 0.000000 81.137680
585.597473 341.588043 0.607903 638.931885 0.000000 638.931885
251.500000 436.704620 0.607645 921.478821 0.000000 921.478821
333.321075 428.500000 0.607154 32.388199 0.000000 32.388199
279.143036 303.278839 0.605631 20.423456 0.000000 20.423456
211.993958 241.142349 0.603844 79.201523 0.000000 79.201523
120.339722 371.500000 0.602851 111.449165 0.000000 111.449165
242.500000 352.066254 0.600923 42.921562 0.000000 42.921562
308.363159 451.913177 0.600421 135.610718 0.000000 135.610718
333.500000 211.794571 0.600336 29.026459 0.000000 29.026459
526.895630 418.779114 0.599338 244.876999 0.000000 244.876999
78.752632 204.192307 0.599018 83.327232 0.000000 83.327232
257.194580 303.227417 0.598872 154.757095 0.000000 154.757095
131.041885 372.736389 0.598829 390.273254 0.000000 390.273254
471.500000 213.308685 0.597914 63.426575 0.000000 63.426575
610.500000 393.295258 0.597221 39.677116 0.000000 39.677116
184.479797 238.180084 0.595642 58.254681 0.000000 58.254681
138.172607 155.500000 0.594886 23.683857 0.000000 23.683857
145.138306 409.139099 0.591929 34.691513 0.000000 34.691513
526.266357 214.114822 0.591538 43.986752 0.000000 43.986752
517.840637 206.150101 0.591109 349.999390 0.000000 349.999390
522.815491 390.500000 0.589141 1193.441284 0.000000 1193.441284
393.782837 113.042488 0.587738 22.482504 0.000000 22.482504
149.285477 190.500000 0.587533 24.392075 0.000000 24.392075
548.757019 331.598663 0.586268 115.651215 0.000000 115.651215
270.047668 449.191162 0.585347 33.927235 0.000000 33.927235
476.473145 453.274902 0.585274 66.128387 0.000000 66.128387
152.967545 310.364594 0.585030 22.555647 0.000000 22.555647
435.500000 166.841263 0.584950 135.806625 0.000000 135.806625
492.035431 184.123291 0.583668 1875.803833 0.000000 1875.803833
222.627762 245.663254 0.582407 27.086643 0.000000 27.086643
73.918869 253.712128 0.580037 32.488117 0.000000 32.488117
161.691956 310.872925 0.579975 20.346649 0.000000 20.346649
377.058655 231.157806 0.579667 22.959990 0.000000 22.959990
602.500000 135.500000 0.579243 43.481361 0.000000 43.481361
160.500000 302.549316 0.577469 24.392075 0.000000 24.392075
23.243698 175.961365 0.575706 23.061045 0.000000 23.061045
169.500000 209.644974 0.573789 68.817787 0.000000 68.817787
44.378986 168.578217 0.573307 192.585770 0.000000 192.585770
235.427048 41.664352 0.572897 331.753998 0.000000 331.753998
530.109192 153.365738 0.572315 141.834824 0.000000 141.834824
496.500000 197.349182 0.572018 27.900482 0.000000 27.900482
86.956902 342.994904 0.570913 22.923836 0.000000 22.923836
455.714722 154.766022 0.570898 97.568314 0.000000 97.568314
488.262299 209.666901 0.570213 134.683563 0.000000 134.683563
114.500000 190.667648 0.570205 24.392075 0.000000 24.392075
597.943726 138.983322 0.569916 19.289738 0.000000 19.289738
365.917053 188.770798 0.568953 22.618597 0.000000 22.618597
334.332001 448.703369 0.565719 59.851498 0.000000 59.851498
394.243896 209.896698 0.565586 23.151693 0.000000 23.151693
424.236969 282.366058 0.565034 34.639778 0.000000 34.639778
324.449005 203.500000 0.564895 30.455046 0.000000 30.455046
337.881287 233.500000 0.563159 76.750885 0.000000 76.750885
493.301056 157.422058 0.562774 21.580503 0.000000 21.580503
256.894653 346.738586 0.561754 87.455078 0.000000 87.455078
512.500000 222.531952 0.559777 36.646717 0.000000 36.646717
125.500000 425.500000 0.558820 108.820297 0.000000 108.820297
405.942841 234.500000 0.558431 33.010601 0.000000 33.010601
32.083675 205.899429 0.558293 44.525097 0.000000 44.525097
308.309021 303.730164 0.557332 137.087494 0.000000 137.087494
413.952881 251.711334 0.556870 28.886124 0.000000 28.886124
390.568268 412.452484 0.555973 1189.428955 0.000000 1189.428955
443.429810 429.500000 0.555679 15.366042 0.000000 15.366042
406.527222 203.500000 0.555597 119.890129 0.000000 119.890129
61.935219 178.780991 0.554895 777.191528 0.000000 777.191528
566.044312 406.500000 0.554503 24.392075 0.000000 24.392075
239.159439 223.013199 0.553894 323.532288 0.000000 323.532288
235.448380 407.689514 0.553704 38.720009 0.000000 38.720009
32.779312 169.023849 0.553414 30.207361 0.000000 30.207361
17.546772 182.282242 0.552449 29.203730 0.000000 29.203730
468.500000 434.740753 0.550914 46.024086 0.000000 46.024086
211.215225 243.500000 0.550236 50.250252 0.000000 50.250252
279.646088 295.612427 0.550230 21.113497 0.000000 21.113497
529.500000 347.500000 0.549564 31.951044 0.000000 31.951044
52.763260 210.889404 0.549502 22.610035 0.000000 22.610035
242.861603 274.492920 0.548859 81.226753 0.000000 81.226753
117.874550 454.389801 0.548321 24.392075 0.000000 24.392075
496.202942 64.600197 0.546395 602.667053 0.000000 602.667053
148.796127 169.128693 0.546254 76.727196 0.000000 76.727196
367.860138 153.500000 0.546144 169.306778 0.000000 169.306778
546.500000 183.260986 0.542111 26.647728 0.000000 26.647728
369.355255 451.608276 0.540823 31.356308 0.000000 31.356308
411.915222 282.500000 0.539564 37.562973 0.000000 37.562973
16.334288 325.917786 0.539103 131.821640 0.000000 131.821640
397.013428 194.247772 0.537788 439.644806 0.000000 439.644806
243.147476 236.500000 0.537678 38.430637 0.000000 38.430637
222.500000 182.500000 0.537482 2385.751465 0.000000 2385.751465
16.796938 193.889359 0.537383 28.268343 0.000000 28.268343
46.376816 172.151947 0.536803 18.482010 0.000000 18.482010
438.798035 188.108780 0.535935 33.600224 0.000000 33.600224
333.706451 420.908356 0.535812 20.521015 0.000000 20.521015
262.073578 405.635590 0.533140 20.989313 0.000000 20.989313
411.039246 205.835159 0.532867 36.026096 0.000000 36.026096
171.972702 380.500000 0.532625 58.078526 0.000000 58.078526
610.717529 318.733215 0.532466 29.873728 0.000000 29.873728
556.064697 175.593384 0.531197 24.392075 0.000000 24.392075
170.166840 186.869980 0.530140 35.432892 0.000000 35.432892
85.500000 450.977051 0.529824 154.880035 0.000000 154.880035
545.632141 427.684662 0.528319 24.392075 0.000000 24.392075
34.191875 391.381714 0.528173 127.107834 0.000000 127.107834
265.500000 183.353088 0.528066 144.987640 0.000000 144.987640
57.168682 264.787140 0.527839 97.568314 0.000000 97.568314
184.581284 350.206451 0.527279 24.392075 0.000000 24.392075
365.027405 169.500000 0.525697 108.384460 0.000000 108.384460
375.787415 192.156174 0.525256 41.388699 0.000000 41.388699
363.097260 445.828918 0.525205 19.411573 0.000000 19.411573
369.500000 135.531219 0.525115 33.834908 0.000000 33.834908
310.715942 234.857239 0.524708 19.675011 0.000000 19.675011
427.500000 418.041504 0.524658 270.066193 0.000000 270.066193
269.500000 214.339066 0.524451 72.524887 0.000000 72.524887
363.260162 236.851456 0.523382 37.888203 0.000000 37.888203
477.295929 456.176758 0.522432 18.748337 0.000000 18.748337
329.088684 324.249329 0.522099 6145.022949 0.000000 6145.022949
457.288940 424.032379 0.521830 33.414196 0.000000 33.414196
266.315063 166.582123 0.520636 76.475143 0.000000 76.475143
416.307129 261.209839 0.520284 37.162292 0.000000 37.162292
467.282043 175.022720 0.520269 239.448425 0.000000 239.448425
217.663895 290.278259 0.519810 438.917877 0.000000 438.917877
223.500000 144.710815 0.519672 38.720009 0.000000 38.720009
459.262848 130.824829 0.519226 20.405668 0.000000 20.405668
575.500000 345.416779 0.518786 49.740585 0.000000 49.740585
133.500000 175.500000 0.516716 149.999496 0.000000 149.999496
94.831917 379.216034 0.515924 433.190002 0.000000 433.190002
302.126099 192.114822 0.515886 97.568314 0.000000 97.568314
37.064159 360.141479 0.515717 34.856426 0.000000 34.856426
112.708275 237.500000 0.515509 26.671339 0.000000 26.671339
525.500000 390.500000 0.513912 24.392075 0.000000 24.392075
270.522827 232.621780 0.513711 17.535288 0.000000 17.535288
484.910706 172.297363 0.512543 23.935501 0.000000 23.935501
128.132553 171.500000 0.512430 476.444214 0.000000 476.444214
467.906616 359.076385 0.512421 49.855801 0.000000 49.855801
203.301483 447.183990 0.512094 194.853622 0.000000 194.853622
81.500000 364.500000 0.511896 55.866001 0.000000 55.866001
337.398376 201.926117 0.511176 22.061066 0.000000 22.061066
83.500000 436.406738 0.510720 38.720009 0.000000 38.720009
523.500000 384.373383 0.510139 619.520264 0.000000 619.520264
282.287048 273.148926 0.510000 17.356060 0.000000 17.356060
93.023430 248.500000 0.509400 42.981220 0.000000 42.981220
302.332367 234.936218 0.508803 21.061291 0.000000 21.061291
256.500000 362.265472 0.508746 19.489256 0.000000 19.489256
253.447098 212.886368 0.508571 53.250462 0.000000 53.250462
365.606110 218.410538 0.507833 20.616791 0.000000 20.616791
226.093567 206.919662 0.506912 33.005047 0.000000 33.005047
106.523270 386.355499 0.505916 117.011604 0.000000 117.011604
186.958725 397.288879 0.504817 27.136126 0.000000 27.136126
153.340851 285.968903 0.503709 106.300102 0.000000 106.300102
75.304802 344.518799 0.503055 349.974274 0.000000 349.974274
56.500000 369.500000 0.501227 45.877964 0.000000 45.877964
428.268250 156.842743 0.500187 463.481812 0.000000 463.481812
72.432838 250.157059 0.499726 133.518127 0.000000 133.518127
282.528015 177.725632 0.499344 19.190424 0.000000 19.190424
188.254913 462.997559 0.499242 30.955959 0.000000 30.955959
185.934357 422.588165 0.496936 18.853693 0.000000 18.853693
562.303711 244.179230 0.496198 61.464176 0.000000 61.464176
610.821167 354.208313 0.496026 39.288441 0.000000 39.288441
522.804199 402.675049 0.494525 32.302067 0.000000 32.302067
319.627075 117.190796 0.494099 1249.213013 0.000000 1249.213013
466.231049 340.643036 0.494048 19.355310 0.000000 19.355310
333.080414 365.111542 0.493578 43.078442 0.000000 43.078442
547.845337 232.832977 0.493529 32.386314 0.000000 32.386314
514.277893 389.857422 0.493475 32.620125 0.000000 32.620125
286.500000 462.177979 0.492787 24.392075 0.000000 24.392075
17.500000 429.500000 0.492769 177.334396 0.000000 177.334396
107.500000 323.387543 0.492616 107.895004 0.000000 107.895004
238.500000 191.673843 0.492332 1561.093262 0.000000 1561.093262
137.500000 223.500000 0.492037 22.500671 0.000000 22.500671
411.685669 49.339046 0.491106 34.941277 0.000000 34.941277
107.970024 347.483612 0.490941 24.392075 0.000000 24.392075
204.083832 429.500000 0.490883 45.853298 0.000000 45.853298
242.838181 207.744431 0.490402 48.557304 0.000000 48.557304
359.169525 180.726685 0.490208 28.657879 0.000000 28.657879
281.905548 226.335037 0.490098 24.323145 0.000000 24.323145
59.500000 329.500000 0.489580 90.649963 0.000000 90.649963
52.462948 262.704407 0.489158 209.834061 0.000000 209.834061
594.428589 222.833893 0.489144 29.404362 0.000000 29.404362
293.899261 209.953735 0.488028 132.269669 0.000000 132.269669
141.094864 257.358704 0.487790 85.361946 0.000000 85.361946
19.500000 429.500000 0.487512 154.880035 0.000000 154.880035
146.958664 234.776642 0.486664 68.263023 0.000000 68.263023
611.717346 327.400146 0.485759 20.500879 0.000000 20.500879
537.487915 196.500000 0.485345 28.081036 0.000000 28.081036
547.149048 442.218170 0.485174 108.960655 0.000000 108.960655
588.580627 208.742096 0.484468 81.205681 0.000000 81.205681
587.500000 399.500000 0.483050 359.726013 0.000000 359.726013
569.232117 201.017807 0.482854 22.068264 0.000000 22.068264
560.774231 160.500000 0.482798 20.485165 0.000000 20.485165
333.163940 353.632751 0.482524 34.599510 0.000000 34.599510
376.198700 160.903290 0.482491 26.095335 0.000000 26.095335
559.151184 355.728485 0.482277 24.392075 0.000000 24.392075
49.234962 214.500000 0.482116 1985.680420 0.000000 1985.680420
391.737305 314.916473 0.481293 1140.146240 0.000000 1140.146240
252.756897 227.412582 0.480809 35.645634 0.000000 35.645634
221.875443 133.023575 0.479682 58.170574 0.000000 58.170574
471.220367 348.170959 0.479318 38.720009 0.000000 38.720009
210.500000 226.500061 0.478806 24.392075 0.000000 24.392075
473.761230 142.143997 0.478486 22.158876 0.000000 22.158876
204.500000 428.854797 0.478074 24.392075 0.000000 24.392075
505.617462 427.923981 0.476525 20.080454 0.000000 20.080454
77.500000 199.500000 0.475971 154.880035 0.000000 154.880035
244.562546 322.409546 0.475399 473.323151 0.000000 473.323151
39.187580 277.031311 0.474953 19.080816 0.000000 19.080816
333.291656 427.596222 0.474901 293.334351 0.000000 293.334351
365.241089 370.500000 0.474190 55.369175 0.000000 55.369175
591.969482 393.572357 0.474012 47.251602 0.000000 47.251602
173.055801 376.054535 0.473989 21.915562 0.000000 21.915562
147.201141 206.500000 0.473651 1812.385498 0.000000 1812.385498
374.020905 345.017090 0.473451 20.748940 0.000000 20.748940
432.159912 159.212662 0.472428 17.899029 0.000000 17.899029
4.237260 269.057404 0.472376 61.464176 0.000000 61.464176
293.500000 229.454941 0.471935 19.043924 0.000000 19.043924
546.110413 424.650269 0.471595 106.653343 0.000000 106.653343
591.147949 195.500000 0.471520 34.200878 0.000000 34.200878
122.679932 208.063385 0.471295 189.381836 0.000000 189.381836
465.500000 369.963470 0.470733 24.710037 0.000000 24.710037
10.127028 182.922424 0.470712 18.793644 0.000000 18.793644
368.500000 171.516052 0.470205 38.720009 0.000000 38.720009
84.279114 394.410522 0.469869 96.208565 0.000000 96.208565
122.994080 236.345734 0.469847 24.101988 0.000000 24.101988
37.669327 195.988052 0.469490 22.809484 0.000000 22.809484
587.686096 161.034531 0.468451 567.954285 0.000000 567.954285
259.761902 192.912704 0.468188 17.927189 0.000000 17.927189
210.035782 220.508026 0.467142 18.153330 0.000000 18.153330
229.500000 316.604553 0.466906 97.568314 0.000000 97.568314
233.478439 374.500000 0.466717 24.392075 0.000000 24.392075
518.075806 43.502510 0.466462 24.392075 0.000000 24.392075
203.129547 420.815063 0.465507 88.539162 0.000000 88.539162
157.149658 390.299286 0.465389 24.392075 0.000000 24.392075
174.426117 237.048279 0.464940 18.990820 0.000000 18.990820
388.802948 352.500000 0.464211 25.308516 0.000000 25.308516
172.601334 208.652634 0.464112 37.650181 0.000000 37.650181
365.432831 102.626320 0.463999 112.041321 0.000000 112.041321
320.397797 195.500000 0.463585 15.366042 0.000000 15.366042
131.500000 154.383942 0.462340 121.177750 0.000000 121.177750
336.491577 189.984848 0.461991 20.132010 0.000000 20.132010
605.831543 368.606964 0.460766 29.717962 0.000000 29.717962
434.663422 426.814667 0.460758 82.670929 0.000000 82.670929
462.819855 218.261368 0.460674 19.321953 0.000000 19.321953
392.500000 433.500000 0.460536 16.586016 0.000000 16.586016
83.593216 393.736847 0.460195 24.392075 0.000000 24.392075
510.328491 360.240143 0.460001 70.328957 0.000000 70.328957
361.123871 239.500000 0.459993 97.568314 0.000000 97.568314
389.500000 437.500000 0.459307 61.464176 0.000000 61.464176
185.500000 189.500000 0.458566 24.392075 0.000000 24.392075
463.500000 163.500000 0.458131 466.276855 0.000000 466.276855
152.731461 302.583923 0.457378 17.031450 0.000000 17.031450
281.470367 450.395813 0.457051 20.007891 0.000000 20.007891
231.327927 198.611206 0.457030 34.048767 0.000000 34.048767
537.439270 447.500000 0.456777 888.210388 0.000000 888.210388
400.757935 200.287903 0.456581 53.666309 0.000000 53.666309
262.070190 217.500000 0.456347 16.554001 0.000000 16.554001
203.500000 371.500000 0.456283 37.738155 0.000000 37.738155
151.500000 322.093506 0.456128 23.583237 0.000000 23.583237
575.575195 351.940613 0.456040 20.620979 0.000000 20.620979
287.500000 243.500000 0.455806 51.078388 0.000000 51.078388
328.888672 48.567448 0.455048 737.184937 0.000000 737.184937
493.876343 226.617569 0.454897 29.450233 0.000000 29.450233
335.500000 361.888580 0.454795 401.442352 0.000000 401.442352
155.858765 449.004486 0.454126 19.994040 0.000000 19.994040
360.500000 136.629974 0.453605 38.720009 0.000000 38.720009
368.926544 118.664513 0.453276 142.404373 0.000000 142.404373
560.708984 208.712997 0.453113 24.392075 0.000000 24.392075
439.144592 75.897911 0.452260 1136.383301 0.000000 1136.383301
320.976074 462.364777 0.451258 32.090954 0.000000 32.090954
96.675362 37.774506 0.451199 179.715912 0.000000 179.715912
31.505299 453.555878 0.450997 27.055359 0.000000 27.055359
22.282774 402.507019 0.450109 31.771599 0.000000 31.771599
470.123993 188.931992 0.450020 50.329590 0.000000 50.329590
486.007965 154.155457 0.449713 21.562029 0.000000 21.562029
187.820953 216.912064 0.449183 16.151653 0.000000 16.151653
467.104889 406.450775 0.448925 16.764368 0.000000 16.764368
222.410049 134.714798 0.448923 24.392075 0.000000 24.392075
387.500000 90.500000 0.448473 38.720009 0.000000 38.720009
362.811707 308.500000 0.448266 26.108904 0.000000 26.108904
124.360252 220.725098 0.448242 16.148161 0.000000 16.148161
507.500000 184.158554 0.448075 28.973623 0.000000 28.973623
226.500000 144.983932 0.447952 18.669369 0.000000 18.669369
389.787933 338.954559 0.447804 53.322762 0.000000 53.322762
3.735456 176.062775 0.447700 19.189238 0.000000 19.189238
164.321854 443.352509 0.447680 18.131046 0.000000 18.131046
191.160599 179.256683 0.447295 46.257339 0.000000 46.257339
41.962532 180.671051 0.447067 18.093889 0.000000 18.093889
4.442862 193.990753 0.447066 18.812000 0.000000 18.812000
450.037079 159.500000 0.447033 15.366042 0.000000 15.366042
470.388763 189.247101 0.445351 94.151283 0.000000 94.151283
332.666534 245.500000 0.445184 18.985397 0.000000 18.985397
26.072292 246.552185 0.445180 41.883877 0.000000 41.883877
559.354370 313.500000 0.444761 30.580549 0.000000 30.580549
589.500000 348.713440 0.444611 31.507673 0.000000 31.507673
589.867615 199.853638 0.444504 174.384445 0.000000 174.384445
402.258392 405.254486 0.444312 44.890694 0.000000 44.890694
475.079010 197.500000 0.444059 27.155832 0.000000 27.155832
531.362793 173.999695 0.443717 30.610294 0.000000 30.610294
261.500000 233.576584 0.442502 166.071777 0.000000 166.071777
37.500000 221.832123 0.442439 23.945921 0.000000 23.945921
119.538635 227.500000 0.442000 154.880035 0.000000 154.880035
56.155083 172.549438 0.441996 25.946537 0.000000 25.946537
581.500000 275.106018 0.441961 221.322342 0.000000 221.322342
512.448120 390.149994 0.441805 116.216927 0.000000 116.216927
142.024796 37.445076 0.441231 469.662567 0.000000 469.662567
269.936310 202.413788 0.440609 55.449444 0.000000 55.449444
420.779266 217.159805 0.439965 32.912815 0.000000 32.912815
297.989532 205.380402 0.439630 18.796141 0.000000 18.796141
38.500000 210.500000 0.439376 24.392075 0.000000 24.392075
398.500000 276.009399 0.439296 24.392075 0.000000 24.392075
537.500000 417.612915 0.438579 23.150295 0.000000 23.150295
241.773590 371.939117 0.438568 21.006540 0.000000 21.006540
362.500000 328.500000 0.438551 61.464176 0.000000 61.464176
211.500000 235.475464 0.438491 28.388042 0.000000 28.388042
484.500000 183.500000 0.438445 16.028891 0.000000 16.028891
332.655640 437.500000 0.438346 35.941174 0.000000 35.941174
21.500000 446.380798 0.437761 204.914703 0.000000 204.914703
525.105591 334.785553 0.437513 24.392075 0.000000 24.392075
507.500000 391.500000 0.437051 27.570627 0.000000 27.570627
50.500000 360.297089 0.436934 24.392075 0.000000 24.392075
557.500000 366.424011 0.436580 37.826069 0.000000 37.826069
539.500000 206.091812 0.436481 39.508381 0.000000 39.508381
587.500000 202.500000 0.436467 31.353189 0.000000 31.353189
253.982742 423.109100 0.436073 141.312424 0.000000 141.312424
107.313171 203.458710 0.435994 19.155928 0.000000 19.155928
339.500000 218.709534 0.435906 24.392075 0.000000 24.392075
424.500000 232.500000 0.435844 24.392075 0.000000 24.392075
320.067780 245.093323 0.435547 22.251020 0.000000 22.251020
534.002808 175.331268 0.435176 75.737991 0.000000 75.737991
371.500000 222.391922 0.434999 269.539734 0.000000 269.539734
45.500000 263.875153 0.434567 129.864182 0.000000 129.864182
240.253387 248.365540 0.434399 17.756065 0.000000 17.756065
373.023407 217.375275 0.434230 18.851868 0.000000 18.851868
185.500000 443.308319 0.433818 24.392075 0.000000 24.392075
578.500000 168.500000 0.433504 15.366042 0.000000 15.366042
349.001648 195.500000 0.433240 190.992203 0.000000 190.992203
113.925186 344.651154 0.432796 157.471176 0.000000 157.471176
283.500000 230.005661 0.432549 127.178246 0.000000 127.178246
447.196960 409.278870 0.432258 61.464176 0.000000 61.464176
270.882507 406.422424 0.432088 15.665244 0.000000 15.665244
600.651978 318.913635 0.432060 24.197811 0.000000 24.197811
285.446075 163.757614 0.431346 16.176378 0.000000 16.176378
498.464508 246.500000 0.430834 2819.635254 0.000000 2819.635254
361.763062 89.500000 0.430731 21.147017 0.000000 21.147017
185.391693 383.885437 0.430503 26.315809 0.000000 26.315809
539.500000 404.500000 0.430165 24.392075 0.000000 24.392075
79.766937 26.037352 0.429403 34.679260 0.000000 34.679260
450.500000 168.500000 0.429337 22.325354 0.000000 22.325354
602.500000 198.351456 0.429150 31.327974 0.000000 31.327974
234.360245 236.469147 0.428924 16.759144 0.000000 16.759144
471.500000 353.912689 0.428533 123.408463 0.000000 123.408463
506.662872 207.129913 0.427798 21.691545 0.000000 21.691545
348.876038 220.545410 0.427626 24.392075 0.000000 24.392075
510.170898 148.008820 0.427276 27.315287 0.000000 27.315287
172.810394 397.008087 0.426873 22.218502 0.000000 22.218502
200.500000 397.460449 0.425252 19.479280 0.000000 19.479280
142.192566 249.500000 0.425180 15.366042 0.000000 15.366042
140.500000 260.500000 0.425113 15.366042 0.000000 15.366042
430.442108 182.961487 0.425064 26.933130 0.000000 26.933130
309.500000 439.378479 0.424997 50.100063 0.000000 50.100063
517.270752 296.140015 0.424653 97.568314 0.000000 97.568314
41.023739 259.993103 0.424254 23.141981 0.000000 23.141981
117.500000 222.500000 0.424013 33.174004 0.000000 33.174004
397.500000 89.500000 0.423856 24.392075 0.000000 24.392075
282.269653 282.282623 0.423513 138.113174 0.000000 138.113174
147.500000 456.500000 0.423196 24.392075 0.000000 24.392075
608.546570 297.500000 0.422904 61.464176 0.000000 61.464176
255.500000 393.500000 0.422676 97.568314 0.000000 97.568314
150.594391 373.361847 0.422406 123.772987 0.000000 123.772987
36.777645 194.580475 0.421349 67.270950 0.000000 67.270950
566.846558 223.500000 0.421247 99.988007 0.000000 99.988007
27.532782 446.165466 0.421083 129.625092 0.000000 129.625092
612.940674 170.196655 0.420864 23.209249 0.000000 23.209249
255.563080 391.500000 0.419897 115.762482 0.000000 115.762482
219.500000 223.193726 0.419861 38.552895 0.000000 38.552895
383.500000 183.500000 0.419631 24.392075 0.000000 24.392075
303.811737 309.976898 0.419192 28.675034 0.000000 28.675034
509.954193 331.101898 0.418920 97.568314 0.000000 97.568314
261.965179 309.479828 0.418793 32.324917 0.000000 32.324917
73.500000 267.523804 0.418742 17.604303 0.000000 17.604303
482.526978 155.261856 0.418721 71.253380 0.000000 71.253380
65.500000 209.500000 0.418480 24.392075 0.000000 24.392075
563.500000 261.440674 0.418208 443.654297 0.000000 443.654297
50.962185 428.010681 0.417947 24.107883 0.000000 24.107883
452.289978 153.090607 0.417757 31.527189 0.000000 31.527189
437.276733 364.135956 0.417635 22.311945 0.000000 22.311945
136.941467 415.268494 0.417600 21.248461 0.000000 21.248461
531.077942 319.015533 0.417403 24.033049 0.000000 24.033049
525.500000 200.312927 0.417378 45.855675 0.000000 45.855675
241.187729 138.233688 0.417126 227.937469 0.000000 227.937469
249.089325 394.163879 0.416705 20.874229 0.000000 20.874229
269.974304 254.904465 0.416523 46.424809 0.000000 46.424809
387.001068 411.647614 0.416509 21.311064 0.000000 21.311064
461.418884 219.761246 0.416417 50.771496 0.000000 50.771496
450.673340 305.333069 0.416340 18.456430 0.000000 18.456430
445.661194 289.500000 0.415311 183.630264 0.000000 183.630264
146.500000 221.027512 0.415057 32.003906 0.000000 32.003906
62.662216 438.188782 0.415021 61.464176 0.000000 61.464176
513.500000 311.388641 0.414973 78.665985 0.000000 78.665985
34.050438 180.994690 0.414369 19.151972 0.000000 19.151972
243.140137 363.941925 0.413767 21.023611 0.000000 21.023611
213.021591 206.310196 0.413750 18.555656 0.000000 18.555656
396.852570 385.893280 0.413347 22.297361 0.000000 22.297361
420.924713 200.070419 0.413302 22.666687 0.000000 22.666687
215.500000 367.532806 0.412873 559.252380 0.000000 559.252380
292.897278 233.420776 0.412812 45.181190 0.000000 45.181190
410.769440 41.500000 0.412723 245.856750 0.000000 245.856750
525.188049 156.500000 0.412284 24.911606 0.000000 24.911606
37.832008 431.898285 0.411245 19.864321 0.000000 19.864321
473.500000 197.500000 0.411022 24.392075 0.000000 24.392075
544.033386 278.500000 0.410989 61.464176 0.000000 61.464176
437.067291 419.696564 0.410693 16.366076 0.000000 16.366076
85.483276 228.652328 0.410228 73.714935 0.000000 73.714935
200.914749 171.670425 0.409944 27.426270 0.000000 27.426270
443.635376 177.962021 0.409919 81.776749 0.000000 81.776749
51.500000 193.500000 0.409835 97.568314 0.000000 97.568314
287.843567 65.142464 0.409761 932.867493 0.000000 932.867493
462.500000 174.979340 0.409198 28.503996 0.000000 28.503996
374.183411 103.987556 0.408903 24.815344 0.000000 24.815344
148.139359 376.500000 0.408887 38.720009 0.000000 38.720009
378.368378 173.408554 0.408719 20.217779 0.000000 20.217779
507.500000 251.500000 0.408711 11234.237305 0.000000 11234.237305
228.500000 403.500000 0.407818 24.392075 0.000000 24.392075
38.566734 272.266266 0.407760 16.396481 0.000000 16.396481
569.087097 164.038101 0.407531 23.106035 0.000000 23.106035
409.926056 440.385254 0.407418 94.999985 0.000000 94.999985
611.185303 406.412659 0.407259 38.720009 0.000000 38.720009
395.118622 159.500000 0.406736 98.171692 0.000000 98.171692
333.730225 305.847961 0.406523 47.864063 0.000000 47.864063
99.090538 279.738495 0.406486 1881.965820 0.000000 1881.965820
217.911377 340.039307 0.406348 16.888643 0.000000 16.888643
65.915413 429.460144 0.406193 18.916546 0.000000 18.916546
144.017929 357.500000 0.405977 29.806738 0.000000 29.806738
373.500000 338.567688 0.405637 23.342398 0.000000 23.342398
571.483643 142.500000 0.404465 1561.093262 0.000000 1561.093262
317.635315 246.049316 0.404441 62.804054 0.000000 62.804054
130.500000 178.599670 0.404223 38.720009 0.000000 38.720009
271.302887 178.075195 0.404197 20.932255 0.000000 20.932255
368.500000 87.500000 0.403127 15.366042 0.000000 15.366042
331.500000 119.500000 0.402070 619.520264 0.000000 619.520264
370.144806 369.804535 0.400560 31.330654 0.000000 31.330654
289.329193 313.500000 0.398592 36.336674 0.000000 36.336674
467.500000 209.500000 0.398349 18.170721 0.000000 18.170721
68.971039 409.048676 0.396318 18.319923 0.000000 18.319923
462.737366 324.811615 0.395964 19.898296 0.000000 19.898296
448.788361 420.139893 0.395394 22.344185 0.000000 22.344185
299.006927 242.841293 0.395224 30.618948 0.000000 30.618948
389.500000 289.500000 0.395047 198.237000 0.000000 198.237000
411.500000 415.500000 0.394072 116.254890 0.000000 116.254890
88.338531 219.500000 0.393631 829.583435 0.000000 829.583435
120.517494 378.500000 0.393066 46.719025 0.000000 46.719025
281.500000 190.500000 0.393038 38.720009 0.000000 38.720009
469.997650 418.660706 0.392971 59.126076 0.000000 59.126076
118.397095 364.740662 0.392764 33.189182 0.000000 33.189182
300.500000 243.090195 0.391560 38.720009 0.000000 38.720009
23.379400 219.776474 0.390573 22.192886 0.000000 22.192886
419.500000 380.500000 0.390279 15.366042 0.000000 15.366042
470.902618 38.230255 0.390102 138.952637 0.000000 138.952637
212.500000 208.268616 0.390020 40.843586 0.000000 40.843586
9.825753 181.016068 0.389558 87.547676 0.000000 87.547676
452.672455 223.264267 0.389475 97.568314 0.000000 97.568314
283.910583 453.233765 0.389426 29.553299 0.000000 29.553299
563.748962 315.294739 0.389416 145.612503 0.000000 145.612503
584.500000 351.500000 0.389349 30.823206 0.000000 30.823206
90.500000 161.500000 0.389021 24.392075 0.000000 24.392075
579.184692 408.395142 0.388373 992.879639 0.000000 992.879639
567.038208 352.625214 0.388041 138.889252 0.000000 138.889252
547.500000 226.024658 0.388039 24.392075 0.000000 24.392075
179.990631 32.042309 0.387687 24.392075 0.000000 24.392075
6.647655 357.136841 0.387174 19.310631 0.000000 19.310631
20.813259 264.035400 0.386290 21.168402 0.000000 21.168402
126.980278 238.101746 0.386288 37.763702 0.000000 37.763702
132.975616 406.500000 0.385820 1272.014893 0.000000 1272.014893
57.326900 437.608490 0.385790 61.054886 0.000000 61.054886
299.559021 417.284180 0.385735 49.578667 0.000000 49.578667
231.671936 336.621582 0.385400 38.720009 0.000000 38.720009
226.500000 304.500000 0.385079 47.534191 0.000000 47.534191
214.712738 194.891373 0.384788 23.590883 0.000000 23.590883
230.937515 229.500000 0.384340 113.035248 0.000000 113.035248
185.670120 377.186646 0.384002 27.994595 0.000000 27.994595
89.991577 428.386078 0.383553 19.071932 0.000000 19.071932
295.530426 207.450699 0.383268 46.202774 0.000000 46.202774
75.500000 319.343292 0.383121 6780.403809 0.000000 6780.403809
260.921600 26.500000 0.382859 43.958519 0.000000 43.958519
316.763977 192.001465 0.382659 49.057373 0.000000 49.057373
435.500000 344.500000 0.382641 24.392075 0.000000 24.392075
396.500000 384.500000 0.382557 24.392075 0.000000 24.392075
110.795120 412.500000 0.382533 16.768848 0.000000 16.768848
213.644318 235.500000 0.382514 695.421814 0.000000 695.421814
56.971989 439.500000 0.382475 530.602234 0.000000 530.602234
313.435730 59.831429 0.381648 1999.492310 0.000000 1999.492310
595.983704 431.807281 0.381297 82.836655 0.000000 82.836655
337.959534 396.863525 0.380165 76.981674 0.000000 76.981674
540.500000 314.500000 0.380164 27.030973 0.000000 27.030973
362.248260 218.843857 0.379384 97.242973 0.000000 97.242973
251.500000 328.500000 0.379055 16.658558 0.000000 16.658558
80.224594 340.794922 0.378904 154.880035 0.000000 154.880035
4.500000 257.559570 0.378579 52.901283 0.000000 52.901283
284.737244 454.590698 0.378127 19.969257 0.000000 19.969257
420.214691 207.262177 0.377567 25.990820 0.000000 25.990820
398.621735 169.550690 0.377067 17.928913 0.000000 17.928913
338.118256 337.051727 0.376928 73.707153 0.000000 73.707153
367.301025 438.478668 0.376357 136.024261 0.000000 136.024261
278.572418 280.867889 0.376348 27.487875 0.000000 27.487875
362.917023 459.876892 0.376021 23.301722 0.000000 23.301722
152.545547 367.434052 0.375928 47.094761 0.000000 47.094761
49.016083 265.572113 0.375924 54.403870 0.000000 54.403870
82.700249 176.500000 0.375834 26.158960 0.000000 26.158960
147.123703 223.704300 0.375491 21.821033 0.000000 21.821033
234.794479 415.500000 0.375226 22.957747 0.000000 22.957747
545.884216 167.443817 0.375222 16.271355 0.000000 16.271355
592.229736 210.294296 0.374934 38.720009 0.000000 38.720009
206.791534 435.224426 0.373432 18.612305 0.000000 18.612305
234.813431 459.234131 0.373395 97.568314 0.000000 97.568314
301.037720 438.500000 0.372902 29.790615 0.000000 29.790615
438.798462 156.072296 0.372608 43.324856 0.000000 43.324856
31.500000 431.500000 0.372552 619.520264 0.000000 619.520264
23.258158 439.650360 0.372548 16.632118 0.000000 16.632118
392.500000 100.500000 0.372202 30.099739 0.000000 30.099739
148.500000 171.500000 0.371896 17.379583 0.000000 17.379583
54.966904 386.500000 0.370843 24.392075 0.000000 24.392075
520.854431 185.500000 0.370484 91.343323 0.000000 91.343323
529.500000 178.095078 0.370413 167.083542 0.000000 167.083542
201.660614 329.377258 0.369741 139.579834 0.000000 139.579834
84.360130 141.303131 0.369069 16.295881 0.000000 16.295881
23.188421 455.437653 0.368412 17.369337 0.000000 17.369337
387.292938 224.142456 0.367984 18.409939 0.000000 18.409939
380.500000 209.500000 0.367662 54.711693 0.000000 54.711693
558.799255 386.835571 0.367464 22.446035 0.000000 22.446035
95.607521 371.460571 0.367218 53.080151 0.000000 53.080151
334.500000 259.151031 0.367012 2107.261230 0.000000 2107.261230
88.722382 228.221191 0.366877 592.970337 0.000000 592.970337
142.500000 55.623932 0.366817 1606.364380 0.000000 1606.364380
355.709839 453.224060 0.366269 24.070999 0.000000 24.070999
570.203918 31.596054 0.366202 57.518078 0.000000 57.518078
450.500000 369.356873 0.366194 25.299324 0.000000 25.299324
192.687592 23.500000 0.365944 161.088440 0.000000 161.088440
315.042542 438.243988 0.365823 16.022274 0.000000 16.022274
63.500000 226.254349 0.365720 44.718433 0.000000 44.718433
314.417389 206.500000 0.364984 24.392075 0.000000 24.392075
59.322975 192.234375 0.364961 17.958101 0.000000 17.958101
208.091202 176.140396 0.364863 24.358427 0.000000 24.358427
599.755066 415.832611 0.364818 15.366042 0.000000 15.366042
294.891815 215.781265 0.364745 26.386158 0.000000 26.386158
31.500000 227.708221 0.363949 20.909328 0.000000 20.909328
197.500000 217.500000 0.363883 18.281151 0.000000 18.281151
382.500000 199.500000 0.363525 61.464176 0.000000 61.464176
366.547180 180.789307 0.363039 18.329599 0.000000 18.329599
249.500000 406.500000 0.362588 38.720009 0.000000 38.720009
473.129059 369.356812 0.362471 26.633118 0.000000 26.633118
321.500000 441.951050 0.362120 29.297577 0.000000 29.297577
395.333832 101.812981 0.361443 73.705635 0.000000 73.705635
440.644409 232.160080 0.361149 22.759483 0.000000 22.759483
156.500000 209.228485 0.361097 22.276075 0.000000 22.276075
52.772076 39.500000 0.360763 417.043793 0.000000 417.043793
366.674469 105.500000 0.360700 24.392075 0.000000 24.392075
594.500000 304.500000 0.360441 24.908436 0.000000 24.908436
38.500000 422.500000 0.360118 38.720009 0.000000 38.720009
564.066711 256.261017 0.360020 196.415985 0.000000 196.415985
501.204407 221.979004 0.359388 43.875103 0.000000 43.875103
350.656799 459.339874 0.359152 19.024223 0.000000 19.024223
17.468235 263.500000 0.358848 53.867645 0.000000 53.867645
360.977142 118.826019 0.358772 43.375912 0.000000 43.375912
192.743546 258.775513 0.358712 36.917843 0.000000 36.917843
575.500000 393.958344 0.358602 77.937035 0.000000 77.937035
407.021362 442.500000 0.358509 22.159147 0.000000 22.159147
29.157215 404.685944 0.358457 20.491375 0.000000 20.491375
379.500000 307.500000 0.358187 619.520264 0.000000 619.520264
469.359100 369.165253 0.358135 83.270241 0.000000 83.270241
162.456985 224.133972 0.357961 19.279171 0.000000 19.279171
505.724792 318.832855 0.357859 31.861132 0.000000 31.861132
512.500000 312.500000 0.356851 38.720009 0.000000 38.720009
156.355530 321.786682 0.356414 118.195488 0.000000 118.195488
418.417542 166.866821 0.356236 64.670357 0.000000 64.670357
155.500000 435.066437 0.356023 29.959326 0.000000 29.959326
235.500000 385.105835 0.355634 81.552162 0.000000 81.552162
5.649662 392.802795 0.355274 41.210182 0.000000 41.210182
455.500000 205.500000 0.355187 103.742432 0.000000 103.742432
257.674408 181.407806 0.355005 29.805363 0.000000 29.805363
338.620697 321.750305 0.354638 20.299000 0.000000 20.299000
15.500000 166.535400 0.354277 688.586060 0.000000 688.586060
95.500000 235.837357 0.353736 24.392075 0.000000 24.392075
573.183716 391.500000 0.353622 102.952812 0.000000 102.952812
119.500000 323.500000 0.353547 619.520264 0.000000 619.520264
185.697891 256.825134 0.353503 17.214848 0.000000 17.214848
571.500000 304.500000 0.352392 24.392075 0.000000 24.392075
586.662781 353.909698 0.352242 107.751785 0.000000 107.751785
547.500000 276.337067 0.351301 298.419220 0.000000 298.419220
28.963146 267.500000 0.350864 16.155523 0.000000 16.155523
143.646179 304.500000 0.350800 24.392075 0.000000 24.392075
366.601990 151.500000 0.350723 34.257160 0.000000 34.257160
298.608215 375.500000 0.350700 26.602228 0.000000 26.602228
225.235809 236.500000 0.350650 27.523636 0.000000 27.523636
611.664063 444.256927 0.350174 34.958794 0.000000 34.958794
341.743713 398.700409 0.350119 24.392075 0.000000 24.392075
26.301558 277.798126 0.350059 17.339531 0.000000 17.339531
18.469618 203.217087 0.349981 16.507677 0.000000 16.507677
64.500000 362.423035 0.349935 36.157120 0.000000 36.157120
8.933822 216.426437 0.349283 184.752518 0.000000 184.752518
381.500000 203.139435 0.348901 116.876091 0.000000 116.876091
561.236755 379.546844 0.348844 15.515799 0.000000 15.515799
39.500000 173.500000 0.348694 29.548882 0.000000 29.548882
301.272186 197.500000 0.348641 42.003830 0.000000 42.003830
218.869080 324.986511 0.348546 35.196728 0.000000 35.196728
458.500000 435.460236 0.348188 38.001480 0.000000 38.001480
502.641754 221.491211 0.348160 32.423935 0.000000 32.423935
26.334063 358.718140 0.347653 26.938150 0.000000 26.938150
426.050446 190.110809 0.347450 19.862913 0.000000 19.862913
390.729218 107.500000 0.347215 152.964874 0.000000 152.964874
249.566452 325.942719 0.346768 28.471695 0.000000 28.471695
55.500000 333.500000 0.346467 21.311684 0.000000 21.311684
373.467163 308.631134 0.346033 495.439606 0.000000 495.439606
560.500000 304.057129 0.345703 26.989836 0.000000 26.989836
101.371033 159.500000 0.345586 389.422363 0.000000 389.422363
166.459991 397.117950 0.345147 28.338678 0.000000 28.338678
246.340561 317.884705 0.344871 38.720009 0.000000 38.720009
149.772568 181.808411 0.344588 28.764704 0.000000 28.764704
333.417480 442.500000 0.344408 24.392075 0.000000 24.392075
25.500000 210.080444 0.344304 238.810532 0.000000 238.810532
520.551819 35.262196 0.344256 186.137863 0.000000 186.137863
323.523712 212.500000 0.344027 28.125441 0.000000 28.125441
82.500000 247.500000 0.343842 24.392075 0.000000 24.392075
202.844559 163.927414 0.343599 154.880035 0.000000 154.880035
602.952942 170.268723 0.343516 17.457815 0.000000 17.457815
56.093407 450.904877 0.343507 17.624605 0.000000 17.624605
304.182129 217.366257 0.343278 180.705627 0.000000 180.705627
275.756836 462.328552 0.342479 31.540319 0.000000 31.540319
554.548645 322.151886 0.342271 2701.438232 0.000000 2701.438232
413.125488 393.500000 0.341983 36.961227 0.000000 36.961227
253.944443 207.054550 0.341966 31.004061 0.000000 31.004061
313.500000 364.500000 0.341960 24.392075 0.000000 24.392075
203.458420 132.618820 0.341941 180.299088 0.000000 180.299088
348.493439 327.500000 0.341562 28.453444 0.000000 28.453444
349.500000 347.500000 0.341329 38.720009 0.000000 38.720009
22.361410 231.500000 0.341019 99.625633 0.000000 99.625633
592.064026 357.341766 0.340597 33.042854 0.000000 33.042854
418.992706 225.227905 0.340500 16.705969 0.000000 16.705969
305.278168 220.486572 0.340010 45.396866 0.000000 45.396866
508.747375 304.036530 0.339968 25.914864 0.000000 25.914864
459.500000 186.708572 0.339907 44.438595 0.000000 44.438595
206.702255 39.500000 0.339402 38.720009 0.000000 38.720009
251.500000 115.500000 0.338234 983.427124 0.000000 983.427124
320.586151 234.283539 0.338071 23.713379 0.000000 23.713379
370.904480 411.913330 0.337852 26.580227 0.000000 26.580227
408.207520 240.003571 0.337707 185.052399 0.000000 185.052399
312.056122 354.351471 0.337403 30.559126 0.000000 30.559126
555.253845 185.186234 0.337335 19.922258 0.000000 19.922258
33.278236 301.500000 0.337282 32.019699 0.000000 32.019699
313.449158 375.045441 0.337252 29.908546 0.000000 29.908546
394.035309 396.520691 0.337129 21.126387 0.000000 21.126387
14.500000 239.500000 0.336942 38.720009 0.000000 38.720009
357.730164 360.253876 0.334587 97.568314 0.000000 97.568314
204.943665 446.857513 0.334378 20.332262 0.000000 20.332262
564.500000 198.001144 0.333990 24.392075 0.000000 24.392075
8.500000 167.815155 0.333701 53.946079 0.000000 53.946079
192.470215 452.708771 0.333578 28.684023 0.000000 28.684023
503.036804 153.371887 0.333550 52.845764 0.000000 52.845764
522.350037 408.500000 0.333358 18.680868 0.000000 18.680868
402.723572 396.012970 0.333245 17.867893 0.000000 17.867893
572.500000 431.500000 0.333133 24.392075 0.000000 24.392075
3.849138 244.715378 0.333062 20.279099 0.000000 20.279099
357.583008 395.852966 0.332572 26.195404 0.000000 26.195404
434.350006 366.448608 0.332129 72.037872 0.000000 72.037872
386.842285 197.215637 0.332105 22.670940 0.000000 22.670940
72.500000 154.821777 0.331819 32.094051 0.000000 32.094051
249.265198 399.932526 0.331608 17.670809 0.000000 17.670809
111.320488 139.120956 0.331558 175.052826 0.000000 175.052826
303.500000 448.942505 0.331344 38.720009 0.000000 38.720009
582.241028 430.500000 0.331288 24.392075 0.000000 24.392075
135.608154 192.988235 0.329251 71.390648 0.000000 71.390648
394.413422 188.957779 0.329183 33.170868 0.000000 33.170868
564.647278 275.500000 0.329174 154.880035 0.000000 154.880035
203.906967 189.175690 0.328918 27.782173 0.000000 27.782173
202.500000 335.500000 0.328804 24.392075 0.000000 24.392075
101.872276 262.088593 0.328763 105.778221 0.000000 105.778221
278.500000 352.046600 0.328755 27.004948 0.000000 27.004948
401.125946 434.231659 0.328490 24.392075 0.000000 24.392075
12.500000 248.500000 0.328116 38.720009 0.000000 38.720009
434.286255 111.500000 0.328086 762.371460 0.000000 762.371460
494.368835 144.885468 0.328077 24.392075 0.000000 24.392075
95.644218 336.759491 0.327929 35.163982 0.000000 35.163982
312.500000 416.500000 0.327853 27.727320 0.000000 27.727320
249.500000 214.375183 0.327440 22.264023 0.000000 22.264023
389.500000 133.222183 0.327137 16.806746 0.000000 16.806746
366.194214 396.363770 0.326603 21.384159 0.000000 21.384159
109.053963 323.500000 0.325821 36.868679 0.000000 36.868679
6.744953 204.833633 0.325746 46.268906 0.000000 46.268906
18.196848 268.855865 0.325711 23.568169 0.000000 23.568169
362.485809 307.500000 0.325158 116.648407 0.000000 116.648407
439.226685 416.435272 0.324265 43.206154 0.000000 43.206154
297.500000 342.287994 0.324134 24.108768 0.000000 24.108768
389.936920 201.324356 0.323641 31.096878 0.000000 31.096878
55.500000 143.500000 0.323607 61.464176 0.000000 61.464176
168.071884 412.931122 0.323567 23.032564 0.000000 23.032564
66.893578 461.450195 0.322749 21.254093 0.000000 21.254093
544.249268 436.500000 0.322722 18.937557 0.000000 18.937557
477.276001 394.500000 0.322711 30.501688 0.000000 30.501688
433.500000 173.298080 0.322324 16.835100 0.000000 16.835100
415.500000 129.500000 0.322081 111.852409 0.000000 111.852409
41.557888 72.477043 0.321744 2737.761230 0.000000 2737.761230
174.500000 198.500000 0.321695 36.890064 0.000000 36.890064
321.059174 205.781128 0.321641 106.551888 0.000000 106.551888
197.012924 202.405807 0.321304 30.040890 0.000000 30.040890
594.744141 165.961823 0.321052 26.159779 0.000000 26.159779
470.141296 310.993958 0.320704 24.392075 0.000000 24.392075
544.500000 227.296906 0.320510 61.464176 0.000000 61.464176
218.049286 410.937683 0.320438 29.654057 0.000000 29.654057
205.500000 201.500000 0.320411 15.366042 0.000000 15.366042
588.836792 184.955505 0.320192 40.839077 0.000000 40.839077
442.881226 408.010803 0.319811 20.994848 0.000000 20.994848
196.187302 30.978579 0.319151 38.720009 0.000000 38.720009
546.854492 175.179947 0.319084 26.718399 0.000000 26.718399
70.877457 219.500000 0.319050 97.568314 0.000000 97.568314
399.806976 204.201233 0.318830 17.554127 0.000000 17.554127
491.809601 167.218887 0.318749 27.611282 0.000000 27.611282
506.474365 406.500000 0.318125 36.852589 0.000000 36.852589
325.718964 325.982269 0.317913 427.451477 0.000000 427.451477
572.374573 277.848053 0.317817 46.088345 0.000000 46.088345
398.111450 135.137878 0.317722 22.361458 0.000000 22.361458
564.500000 332.986603 0.317711 51.144489 0.000000 51.144489
28.922726 235.325394 0.317321 35.364967 0.000000 35.364967
394.042023 181.642090 0.315906 42.651909 0.000000 42.651909
339.500000 227.500000 0.314852 390.273254 0.000000 390.273254
158.500000 177.500000 0.314761 38.720009 0.000000 38.720009
574.502991 183.500000 0.314728 78.895241 0.000000 78.895241
593.456238 165.307022 0.314606 19.903673 0.000000 19.903673
282.500000 407.955566 0.314521 38.720009 0.000000 38.720009
208.413864 163.215652 0.314283 44.601837 0.000000 44.601837
158.791412 282.046936 0.313942 29.707743 0.000000 29.707743
430.500000 407.205139 0.313785 28.120893 0.000000 28.120893
493.500000 182.323044 0.313583 154.880035 0.000000 154.880035
367.865814 404.908905 0.313442 41.672760 0.000000 41.672760
187.745163 412.681030 0.313262 28.203297 0.000000 28.203297
458.500000 207.500000 0.313182 35.635147 0.000000 35.635147
124.172928 252.500000 0.313034 36.427681 0.000000 36.427681
300.500000 364.500000 0.312823 38.720009 0.000000 38.720009
128.500000 438.176483 0.312611 54.657326 0.000000 54.657326
590.500000 174.500000 0.312590 18.181614 0.000000 18.181614
44.500000 250.481979 0.311969 35.068615 0.000000 35.068615
10.712800 403.982361 0.311655 21.221733 0.000000 21.221733
153.631531 441.988037 0.311649 24.392075 0.000000 24.392075
526.500000 461.114105 0.311622 52.831783 0.000000 52.831783
68.451790 231.500000 0.311151 105.597290 0.000000 105.597290
140.500000 169.258270 0.311149 24.898298 0.000000 24.898298
411.449829 157.125809 0.310459 45.938446 0.000000 45.938446
267.500000 139.500000 0.310211 154.880035 0.000000 154.880035
123.572266 250.500000 0.309907 24.392075 0.000000 24.392075
347.500000 227.500000 0.309623 619.520264 0.000000 619.520264
20.500000 229.036774 0.309498 44.565407 0.000000 44.565407
266.057770 180.731812 0.309414 18.246490 0.000000 18.246490
473.114990 144.537018 0.309319 52.852291 0.000000 52.852291
156.624939 457.620544 0.308580 26.489933 0.000000 26.489933
471.500000 195.500000 0.308374 588.386902 0.000000 588.386902
133.655457 356.709412 0.307844 49.470676 0.000000 49.470676
566.709717 207.500000 0.306832 575.617310 0.000000 575.617310
523.500000 255.500000 0.306643 390.273254 0.000000 390.273254
288.198975 444.530029 0.306571 126.255562 0.000000 126.255562
524.141052 352.500000 0.306187 33.375839 0.000000 33.375839
348.877228 169.907730 0.306119 34.082333 0.000000 34.082333
123.488792 195.443604 0.305871 42.502682 0.000000 42.502682
476.500000 313.555389 0.305778 37.201042 0.000000 37.201042
300.500000 295.504303 0.305695 15.946542 0.000000 15.946542
140.787598 238.880890 0.305676 25.510906 0.000000 25.510906
23.165308 224.500000 0.305537 19.858059 0.000000 19.858059
271.500000 418.892578 0.305222 45.200146 0.000000 45.200146
392.814392 368.487122 0.305101 19.387110 0.000000 19.387110
42.500000 335.500000 0.304551 38.720009 0.000000 38.720009
156.810501 217.922272 0.303458 47.493187 0.000000 47.493187
549.500000 309.885529 0.303404 118.464752 0.000000 118.464752
352.500000 460.500000 0.302980 47.191357 0.000000 47.191357
9.500000 461.500000 0.302453 16.198833 0.000000 16.198833
88.192886 183.441498 0.301853 16.285637 0.000000 16.285637
565.527466 414.878571 0.301776 16.271751 0.000000 16.271751
411.331055 367.500000 0.301604 105.730774 0.000000 105.730774
574.500000 339.500000 0.301546 15.366042 0.000000 15.366042
92.277283 172.581436 0.300975 124.783134 0.000000 124.783134
173.500000 320.124298 0.300323 125.789536 0.000000 125.789536
