840
428.481567 141.906174 1.287244 78.450241 0.000000 78.450241
126.940300 146.729431 1.286136 24.392075 0.000000 24.392075
112.276955 192.092880 1.204918 32.854362 0.000000 32.854362
137.060333 301.863190 1.189279 38.720009 0.000000 38.720009
388.879395 324.670837 1.171756 52.193134 0.000000 52.193134
207.371689 296.663910 1.161884 68.548714 0.000000 68.548714
307.207764 323.024078 1.084306 76.334610 0.000000 76.334610
382.491272 284.051727 1.037251 61.091213 0.000000 61.091213
164.528458 336.166077 1.033500 52.786682 0.000000 52.786682
526.915833 193.311432 1.023456 80.343018 0.000000 80.343018
549.806213 221.162064 1.018534 24.392075 0.000000 24.392075
592.702087 356.995239 0.998379 120.372711 0.000000 120.372711
361.844574 316.358612 0.989188 30.897154 0.000000 30.897154
123.873344 211.723999 0.963916 17.339500 0.000000 17.339500
222.500000 343.537750 0.940897 34.145206 0.000000 34.145206
275.699615 321.500000 0.940776 38.720009 0.000000 38.720009
240.322906 379.305267 0.935856 38.720009 0.000000 38.720009
551.500000 354.731720 0.927789 333.524719 0.000000 333.524719
493.662292 313.785553 0.923278 23.192635 0.000000 23.192635
179.687057 142.913864 0.922477 73.619347 0.000000 73.619347
476.939819 278.886536 0.900606 150.941040 0.000000 150.941040
349.774017 145.730408 0.896403 18.753136 0.000000 18.753136
453.846436 365.963409 0.895227 345.943909 0.000000 345.943909
223.313522 329.015228 0.892645 37.258957 0.000000 37.258957
307.758484 336.700439 0.889578 68.015427 0.000000 68.015427
22.197317 157.081497 0.884830 24.321823 0.000000 24.321823
37.711483 146.657257 0.878004 28.997236 0.000000 28.997236
179.658920 145.095657 0.872943 19.967093 0.000000 19.967093
507.453339 210.289612 0.869053 88.909309 0.000000 88.909309
408.834503 225.500000 0.868255 73.446449 0.000000 73.446449
497.299225 169.657120 0.863559 76.294174 0.000000 76.294174
163.846375 386.158051 0.863435 350.232513 0.000000 350.232513
389.013916 206.311020 0.861937 24.392075 0.000000 24.392075
546.691467 378.500000 0.860879 24.392075 0.000000 24.392075
506.166412 189.001114 0.853881 1784.228027 0.000000 1784.228027
25.646412 383.970703 0.826282 20.137808 0.000000 20.137808
41.414505 376.500000 0.814085 33.396767 0.000000 33.396767
544.739563 210.877441 0.811305 28.545574 0.000000 28.545574
161.038193 389.026093 0.808832 177.003845 0.000000 177.003845
393.728638 181.500000 0.807599 32.534981 0.000000 32.534981
590.154297 316.584717 0.804653 179.368225 0.000000 179.368225
262.104279 244.962479 0.803105 94.503174 0.000000 94.503174
550.026062 134.913071 0.802164 36.038044 0.000000 36.038044
14.717940 135.949966 0.801663 28.670582 0.000000 28.670582
556.681091 315.365845 0.797695 28.364861 0.000000 28.364861
402.500000 174.500000 0.796215 19.385527 0.000000 19.385527
494.190491 315.191803 0.792474 472.873596 0.000000 472.873596
379.991302 123.326523 0.789967 37.801426 0.000000 37.801426
416.763672 335.110565 0.785069 24.392075 0.000000 24.392075
91.841637 247.856842 0.782877 38.720009 0.000000 38.720009
508.731232 212.500000 0.782304 53.685978 0.000000 53.685978
325.760284 321.666840 0.781414 33.554417 0.000000 33.554417
92.866447 209.867035 0.769558 19.712999 0.000000 19.712999
584.013489 272.159271 0.766507 17.794842 0.000000 17.794842
305.688538 249.500000 0.765445 45.131248 0.000000 45.131248
59.207233 374.574066 0.759862 46.397579 0.000000 46.397579
268.368500 405.843170 0.758355 81.664970 0.000000 81.664970
221.912766 331.500000 0.754853 128.617508 0.000000 128.617508
343.566772 220.020691 0.753536 18.952538 0.000000 18.952538
542.123657 150.061386 0.749908 49.907063 0.000000 49.907063
297.462738 215.323929 0.745324 24.234360 0.000000 24.234360
246.570541 175.309982 0.743585 79.929489 0.000000 79.929489
444.916534 401.859100 0.743494 197.080597 0.000000 197.080597
12.353231 257.267059 0.742094 45.811249 0.000000 45.811249
293.889587 161.612610 0.737163 46.261414 0.000000 46.261414
121.185417 213.500000 0.732385 146.141281 0.000000 146.141281
377.343567 199.250473 0.730054 21.513693 0.000000 21.513693
296.112274 251.907074 0.729649 27.699018 0.000000 27.699018
89.500000 168.088501 0.729304 23.597656 0.000000 23.597656
39.054001 239.692169 0.729194 184.859955 0.000000 184.859955
582.500000 134.062607 0.724366 24.392075 0.000000 24.392075
455.808960 318.252380 0.719100 277.566895 0.000000 277.566895
574.989929 168.929718 0.718747 29.163935 0.000000 29.163935
379.169647 146.629501 0.718539 24.217926 0.000000 24.217926
556.603271 348.871613 0.717764 52.126381 0.000000 52.126381
575.350708 272.257965 0.713066 17.287964 0.000000 17.287964
512.948914 331.500000 0.707074 30.946186 0.000000 30.946186
496.084351 168.796799 0.705985 23.657967 0.000000 23.657967
599.823669 298.298248 0.700980 18.325043 0.000000 18.325043
90.744621 225.828888 0.699014 554.046265 0.000000 554.046265
175.783371 380.572418 0.695199 77.236656 0.000000 77.236656
519.762085 399.430878 0.693791 24.392075 0.000000 24.392075
358.069061 120.909927 0.692859 20.708790 0.000000 20.708790
42.392471 200.415497 0.689241 28.839823 0.000000 28.839823
275.941162 292.630280 0.684926 94.205742 0.000000 94.205742
39.526699 349.222656 0.683319 1964.168091 0.000000 1964.168091
222.744675 197.944458 0.683262 33.576725 0.000000 33.576725
308.887970 293.640228 0.681918 95.728119 0.000000 95.728119
56.940796 361.683563 0.679753 379.474701 0.000000 379.474701
95.990768 387.184570 0.677488 19.023521 0.000000 19.023521
75.952293 326.799133 0.676492 24.120884 0.000000 24.120884
451.955048 372.469696 0.676166 1799.150146 0.000000 1799.150146
159.875519 263.500000 0.673749 108.848358 0.000000 108.848358
400.940216 195.500000 0.673174 21.093042 0.000000 21.093042
416.891876 364.637665 0.666497 30.216608 0.000000 30.216608
448.744629 233.224716 0.662325 38.720009 0.000000 38.720009
185.889954 262.705078 0.661094 22.669851 0.000000 22.669851
23.500000 203.157150 0.659923 54.057049 0.000000 54.057049
411.500000 226.713013 0.659442 36.198978 0.000000 36.198978
405.518921 396.764618 0.658859 525.503723 0.000000 525.503723
138.500000 184.171768 0.657382 43.242832 0.000000 43.242832
472.279846 273.181305 0.654971 18.189308 0.000000 18.189308
123.590218 340.832123 0.654052 265.977509 0.000000 265.977509
33.500000 352.118408 0.653920 34.018055 0.000000 34.018055
12.695000 169.500000 0.653815 24.392075 0.000000 24.392075
269.378784 380.201538 0.651694 337.150208 0.000000 337.150208
576.686646 349.096069 0.650767 23.913418 0.000000 23.913418
176.267609 209.977676 0.650540 29.070139 0.000000 29.070139
492.750854 281.500000 0.649161 18.079670 0.000000 18.079670
588.362854 319.154449 0.649129 42.495296 0.000000 42.495296
584.168274 168.958450 0.647113 29.998184 0.000000 29.998184
446.500000 202.471130 0.646768 60.715664 0.000000 60.715664
407.664154 158.021805 0.644539 21.484739 0.000000 21.484739
8.246106 390.123688 0.644295 73.624092 0.000000 73.624092
44.663940 157.133179 0.641208 37.630341 0.000000 37.630341
416.500000 199.644760 0.640161 50.342487 0.000000 50.342487
325.340302 340.362457 0.636863 22.019382 0.000000 22.019382
380.334869 142.973328 0.633509 83.787025 0.000000 83.787025
359.713654 213.649109 0.632959 29.689058 0.000000 29.689058
184.103638 179.901062 0.628906 34.108593 0.000000 34.108593
164.500000 266.262787 0.627536 31.756430 0.000000 31.756430
135.500000 392.653687 0.627423 48.932617 0.000000 48.932617
138.328033 324.443695 0.626525 1757.380005 0.000000 1757.380005
83.500000 232.957153 0.621844 180.492599 0.000000 180.492599
566.627075 381.710297 0.621670 19.384901 0.000000 19.384901
479.966858 204.500000 0.620550 32.873455 0.000000 32.873455
580.500000 158.500000 0.620296 24.392075 0.000000 24.392075
276.139771 292.984528 0.619908 61.464176 0.000000 61.464176
185.359497 215.050797 0.617039 47.044041 0.000000 47.044041
259.426422 227.313232 0.616315 38.720009 0.000000 38.720009
161.949631 234.364182 0.616194 116.341934 0.000000 116.341934
542.500000 191.926636 0.614402 43.700340 0.000000 43.700340
438.098694 344.589325 0.613173 21.419458 0.000000 21.419458
96.500000 175.922836 0.611111 26.400402 0.000000 26.400402
491.985596 409.664124 0.610783 97.503120 0.000000 97.503120
136.775238 248.354218 0.610357 89.629036 0.000000 89.629036
564.916504 327.092499 0.609277 85.940353 0.000000 85.940353
507.025085 398.617706 0.607392 739.018066 0.000000 739.018066
610.926208 350.975372 0.603219 18.214518 0.000000 18.214518
100.236504 342.759094 0.603077 123.877815 0.000000 123.877815
87.555328 203.592667 0.602588 16.464590 0.000000 16.464590
139.932755 334.717285 0.601353 30.792044 0.000000 30.792044
277.235321 235.576874 0.601244 38.720009 0.000000 38.720009
69.958855 235.869568 0.597972 19.969101 0.000000 19.969101
385.592773 242.332703 0.597930 44.214592 0.000000 44.214592
404.395752 192.398148 0.596717 86.058861 0.000000 86.058861
146.011627 158.275574 0.596697 49.621067 0.000000 49.621067
460.739166 281.021362 0.596408 19.281963 0.000000 19.281963
355.697510 132.914490 0.594313 92.238281 0.000000 92.238281
496.500000 358.500000 0.594304 24.392075 0.000000 24.392075
295.169159 286.799347 0.593193 18.812067 0.000000 18.812067
357.876251 347.500000 0.592097 171.546371 0.000000 171.546371
55.500000 255.599625 0.592061 154.880035 0.000000 154.880035
588.491333 358.361389 0.590723 20.745409 0.000000 20.745409
610.500000 205.500000 0.590673 17.262449 0.000000 17.262449
364.253571 200.091385 0.590551 29.875181 0.000000 29.875181
559.500000 155.557846 0.590108 45.424179 0.000000 45.424179
567.936279 305.500000 0.590029 158.032364 0.000000 158.032364
72.500000 340.251160 0.584553 17.610218 0.000000 17.610218
296.763336 390.123505 0.584486 143.182068 0.000000 143.182068
158.239929 259.289276 0.584204 24.392075 0.000000 24.392075
357.943390 110.686760 0.579886 19.855743 0.000000 19.855743
186.359299 327.734467 0.579462 130.024841 0.000000 130.024841
566.299377 153.154221 0.579154 106.850021 0.000000 106.850021
407.881256 188.217926 0.578814 22.287758 0.000000 22.287758
183.500000 181.500000 0.576850 65.273651 0.000000 65.273651
367.007568 232.526337 0.576343 32.178173 0.000000 32.178173
494.500000 325.500000 0.575650 26.098228 0.000000 26.098228
249.500000 171.680313 0.575306 27.579115 0.000000 27.579115
324.190460 200.089066 0.574918 36.923485 0.000000 36.923485
287.299469 370.342438 0.574690 71.124992 0.000000 71.124992
516.500000 387.617493 0.574557 24.392075 0.000000 24.392075
343.890747 195.663818 0.573142 17.931805 0.000000 17.931805
565.364441 147.990692 0.572836 876.424744 0.000000 876.424744
286.461487 371.682861 0.571574 56.271774 0.000000 56.271774
359.500000 135.500000 0.570366 277.901886 0.000000 277.901886
292.277008 291.500000 0.570029 110.264359 0.000000 110.264359
141.131683 350.797272 0.569492 52.813534 0.000000 52.813534
134.830551 291.500000 0.569367 42.268089 0.000000 42.268089
566.764587 306.500000 0.568287 47.123409 0.000000 47.123409
116.196716 374.633087 0.568212 245.172180 0.000000 245.172180
133.106720 299.402344 0.567556 387.331543 0.000000 387.331543
165.032593 353.418182 0.567093 24.392075 0.000000 24.392075
136.397873 238.518585 0.566480 300.213226 0.000000 300.213226
511.898041 307.851685 0.565503 24.392075 0.000000 24.392075
309.500000 201.360550 0.565477 24.392075 0.000000 24.392075
134.937958 247.059082 0.565167 54.661407 0.000000 54.661407
239.500000 331.500000 0.563582 15.366042 0.000000 15.366042
583.987183 268.676056 0.562879 87.875893 0.000000 87.875893
489.938599 227.176529 0.562476 197.433838 0.000000 197.433838
477.393341 260.942780 0.561488 80.635460 0.000000 80.635460
461.758698 166.376297 0.560997 381.930847 0.000000 381.930847
226.860321 231.481659 0.559854 25.868612 0.000000 25.868612
455.500000 327.310547 0.556449 46.784199 0.000000 46.784199
525.607178 385.762848 0.555091 110.069572 0.000000 110.069572
71.706680 337.500000 0.554285 60.406567 0.000000 60.406567
221.290237 378.195068 0.554272 106.120262 0.000000 106.120262
58.805790 345.500000 0.552113 42.705200 0.000000 42.705200
143.380737 200.579147 0.551886 23.286867 0.000000 23.286867
370.878113 124.500000 0.550165 15.366042 0.000000 15.366042
68.776215 266.254425 0.549674 24.392075 0.000000 24.392075
97.815277 361.537964 0.549387 46.220116 0.000000 46.220116
258.500000 253.500000 0.548880 24.392075 0.000000 24.392075
212.048737 247.409439 0.548854 86.153183 0.000000 86.153183
566.725525 167.341812 0.548826 20.388250 0.000000 20.388250
309.924561 188.723251 0.547601 123.811867 0.000000 123.811867
455.309937 309.500000 0.547311 52.200092 0.000000 52.200092
395.500000 228.500000 0.547119 24.392075 0.000000 24.392075
62.459721 401.127899 0.545544 29.786404 0.000000 29.786404
148.624832 201.300034 0.545457 78.907288 0.000000 78.907288
68.290749 246.192581 0.544212 27.167055 0.000000 27.167055
597.307617 358.693298 0.543781 18.709240 0.000000 18.709240
73.500000 212.098206 0.543105 16.970663 0.000000 16.970663
603.500000 152.141647 0.542467 18.077021 0.000000 18.077021
29.115452 280.130920 0.542229 24.392075 0.000000 24.392075
422.935638 395.659790 0.542185 46.375164 0.000000 46.375164
194.618484 329.500000 0.541749 15.505604 0.000000 15.505604
559.910706 357.054657 0.540897 24.392075 0.000000 24.392075
59.043301 340.626648 0.540891 127.835571 0.000000 127.835571
563.185486 322.828278 0.540461 3124.759766 0.000000 3124.759766
434.453705 279.467651 0.540346 24.392075 0.000000 24.392075
310.365753 239.500000 0.540316 28.508141 0.000000 28.508141
27.022055 401.724915 0.539057 21.644205 0.000000 21.644205
324.436890 378.811005 0.537344 16.536486 0.000000 16.536486
436.515259 188.623489 0.536723 91.108955 0.000000 91.108955
103.500000 382.497772 0.536237 612.605164 0.000000 612.605164
239.122253 392.956665 0.535610 46.160759 0.000000 46.160759
349.927795 266.410522 0.535326 33.362305 0.000000 33.362305
323.500000 212.470428 0.535292 24.392075 0.000000 24.392075
180.467285 241.465485 0.535097 102.183456 0.000000 102.183456
556.115723 182.748047 0.533765 23.025324 0.000000 23.025324
465.310608 178.521896 0.532399 97.568314 0.000000 97.568314
145.500000 369.500000 0.531691 245.856750 0.000000 245.856750
556.806152 200.094177 0.531412 35.312660 0.000000 35.312660
336.586731 260.256927 0.531254 20.175148 0.000000 20.175148
304.201691 324.500000 0.529526 23.655981 0.000000 23.655981
227.992126 195.154358 0.527948 134.177429 0.000000 134.177429
238.500000 325.500000 0.527328 23.163263 0.000000 23.163263
59.176197 325.031158 0.526928 118.182899 0.000000 118.182899
274.547699 388.813049 0.526614 24.392075 0.000000 24.392075
431.879211 201.058578 0.526108 17.471840 0.000000 17.471840
561.532837 368.809937 0.525648 46.191036 0.000000 46.191036
73.998039 227.342026 0.524066 21.058235 0.000000 21.058235
395.500000 215.070938 0.524014 17.440399 0.000000 17.440399
261.500000 212.110825 0.523910 100.910591 0.000000 100.910591
507.650208 402.500000 0.523903 17.487694 0.000000 17.487694
570.062866 310.500000 0.522639 1212.338867 0.000000 1212.338867
380.279633 271.500000 0.521380 67.395912 0.000000 67.395912
172.680389 183.500000 0.518988 337.772125 0.000000 337.772125
307.500000 197.500000 0.517744 154.880035 0.000000 154.880035
194.168747 207.075562 0.517474 21.074585 0.000000 21.074585
166.500000 266.816071 0.517154 1601.278320 0.000000 1601.278320
109.942230 174.045242 0.516478 50.118896 0.000000 50.118896
37.674473 327.500000 0.516190 94.386581 0.000000 94.386581
397.239044 290.394104 0.515921 17.687960 0.000000 17.687960
89.704926 348.335815 0.514356 15.691792 0.000000 15.691792
111.748749 392.500000 0.513963 24.392075 0.000000 24.392075
152.073425 229.769638 0.513900 27.714148 0.000000 27.714148
238.320114 330.500000 0.513753 45.692383 0.000000 45.692383
489.950287 197.014160 0.513468 45.985085 0.000000 45.985085
430.227356 238.816772 0.512573 45.386974 0.000000 45.386974
362.642944 190.187027 0.510663 681.530151 0.000000 681.530151
461.961426 229.432205 0.509973 61.464176 0.000000 61.464176
383.607666 163.284485 0.509850 3219.797119 0.000000 3219.797119
177.997269 343.027863 0.509511 127.914948 0.000000 127.914948
477.868744 366.500000 0.509366 28.650537 0.000000 28.650537
416.802826 316.500000 0.509339 24.392075 0.000000 24.392075
400.238312 286.585083 0.508616 68.132889 0.000000 68.132889
415.591522 358.718994 0.508394 124.204315 0.000000 124.204315
132.172592 212.500000 0.506905 19.781145 0.000000 19.781145
500.256561 407.093170 0.506528 19.555723 0.000000 19.555723
307.500000 367.691040 0.505860 97.568314 0.000000 97.568314
199.763916 404.798309 0.505755 47.908836 0.000000 47.908836
245.500000 226.965805 0.505620 61.464176 0.000000 61.464176
498.230469 391.500000 0.505499 15.366042 0.000000 15.366042
327.624054 252.738785 0.504549 172.623215 0.000000 172.623215
562.870667 268.882324 0.504095 89.803650 0.000000 89.803650
335.529694 308.500000 0.503938 23.289307 0.000000 23.289307
189.718155 196.500000 0.503868 48.372414 0.000000 48.372414
22.815912 337.536438 0.503540 136.923691 0.000000 136.923691
357.500000 159.421173 0.502173 38.720009 0.000000 38.720009
208.252075 40.711819 0.501675 82.517700 0.000000 82.517700
325.332733 311.500000 0.501245 16.396091 0.000000 16.396091
481.171661 393.744141 0.500988 23.162653 0.000000 23.162653
410.984039 235.296844 0.500763 16.769352 0.000000 16.769352
360.221100 366.985931 0.500075 87.909149 0.000000 87.909149
286.500977 239.145294 0.499919 185.336044 0.000000 185.336044
523.387695 205.634369 0.498718 29.039347 0.000000 29.039347
378.259308 193.421356 0.497765 24.392075 0.000000 24.392075
493.500000 308.772491 0.496274 97.568314 0.000000 97.568314
31.947613 259.500000 0.495006 15.366042 0.000000 15.366042
140.976578 336.329010 0.494213 69.087158 0.000000 69.087158
288.625366 298.213531 0.494096 18.917311 0.000000 18.917311
544.663452 165.500000 0.493948 24.392075 0.000000 24.392075
278.263702 167.266083 0.493921 51.237625 0.000000 51.237625
295.855530 273.885437 0.493552 27.539734 0.000000 27.539734
418.258972 288.046967 0.493307 24.392075 0.000000 24.392075
528.630798 147.716949 0.492874 23.870504 0.000000 23.870504
325.608734 368.500000 0.492513 26.641766 0.000000 26.641766
297.288116 197.160614 0.492322 24.078869 0.000000 24.078869
254.500000 70.500000 0.492135 2445.819092 0.000000 2445.819092
240.360077 301.217316 0.491612 16.059210 0.000000 16.059210
21.876200 228.167038 0.490636 36.677299 0.000000 36.677299
186.688400 379.500000 0.490579 19.238249 0.000000 19.238249
239.467743 344.500000 0.490424 30.596678 0.000000 30.596678
542.698914 384.432892 0.490207 16.518984 0.000000 16.518984
596.761597 167.704269 0.489564 55.019348 0.000000 55.019348
264.596893 211.831116 0.489421 66.442070 0.000000 66.442070
143.229645 400.197754 0.489032 20.197935 0.000000 20.197935
402.500000 394.377502 0.488827 25.032230 0.000000 25.032230
275.252014 337.500000 0.488420 43.843594 0.000000 43.843594
509.844452 385.500000 0.488086 98.477539 0.000000 98.477539
18.107035 270.832428 0.488077 24.392075 0.000000 24.392075
341.772003 286.580627 0.487874 24.080681 0.000000 24.080681
552.350891 404.767883 0.487673 29.491802 0.000000 29.491802
255.394165 406.702148 0.487429 22.025688 0.000000 22.025688
204.500000 375.302551 0.487168 24.392075 0.000000 24.392075
258.876526 352.528778 0.486560 29.250998 0.000000 29.250998
262.500000 71.784500 0.484106 2478.081299 0.000000 2478.081299
340.194641 395.998627 0.483815 390.273254 0.000000 390.273254
248.515518 307.120667 0.483464 17.737926 0.000000 17.737926
36.041451 176.500000 0.483283 24.392075 0.000000 24.392075
306.500000 193.500000 0.483253 24.392075 0.000000 24.392075
500.646393 233.543076 0.483188 57.090141 0.000000 57.090141
8.054353 373.773529 0.482615 67.768417 0.000000 67.768417
449.252869 453.700653 0.481226 24.392075 0.000000 24.392075
60.500000 325.509888 0.481078 45.553059 0.000000 45.553059
601.791138 378.736237 0.479894 36.671230 0.000000 36.671230
330.826965 233.500000 0.479840 23.810152 0.000000 23.810152
52.916256 182.500000 0.479469 20.507330 0.000000 20.507330
23.648294 330.115326 0.479446 22.284071 0.000000 22.284071
217.535995 250.067688 0.479130 167.398087 0.000000 167.398087
217.712112 230.775803 0.478390 26.956255 0.000000 26.956255
14.688678 370.429626 0.477932 27.886389 0.000000 27.886389
444.651367 292.751953 0.476830 180.616211 0.000000 180.616211
362.237061 332.500000 0.476635 24.392075 0.000000 24.392075
75.007477 348.169464 0.476387 43.555096 0.000000 43.555096
42.003544 394.711273 0.476323 57.745831 0.000000 57.745831
367.500000 140.157593 0.476050 835.946899 0.000000 835.946899
209.890869 401.470734 0.475988 16.628618 0.000000 16.628618
151.500000 309.915405 0.475424 97.159119 0.000000 97.159119
295.589966 298.779236 0.474996 18.526070 0.000000 18.526070
205.996658 345.511383 0.474180 57.500950 0.000000 57.500950
456.244720 312.355865 0.473760 18.294910 0.000000 18.294910
247.500000 163.500000 0.472643 23.034426 0.000000 23.034426
230.673752 177.500000 0.472551 18.386414 0.000000 18.386414
84.500000 366.500000 0.472487 38.441074 0.000000 38.441074
471.500000 361.683746 0.471994 114.043907 0.000000 114.043907
334.416473 441.079803 0.471839 17.577198 0.000000 17.577198
326.878845 336.140137 0.471815 90.642395 0.000000 90.642395
383.500000 225.977951 0.471491 21.773308 0.000000 21.773308
448.284210 225.500000 0.468805 31.207439 0.000000 31.207439
213.615814 251.058853 0.468475 21.073389 0.000000 21.073389
304.940491 401.526367 0.468274 772.130554 0.000000 772.130554
61.568493 329.428711 0.468221 371.392670 0.000000 371.392670
182.500000 390.285675 0.467300 19.061037 0.000000 19.061037
251.872528 179.831207 0.466992 17.583355 0.000000 17.583355
580.310486 304.307922 0.466190 15.662724 0.000000 15.662724
414.090729 356.378723 0.466122 30.456383 0.000000 30.456383
396.500000 243.500000 0.465308 60.253368 0.000000 60.253368
201.823502 190.785172 0.465185 17.276321 0.000000 17.276321
170.500000 187.444687 0.464780 26.567175 0.000000 26.567175
388.627716 324.813690 0.464280 1746.526245 0.000000 1746.526245
265.873474 216.341446 0.464279 25.466467 0.000000 25.466467
600.500000 376.500000 0.464236 61.464176 0.000000 61.464176
355.347809 222.500000 0.463599 20.903053 0.000000 20.903053
31.370264 156.429550 0.463599 24.392075 0.000000 24.392075
566.733521 388.066406 0.463538 97.568314 0.000000 97.568314
196.918304 255.241867 0.463284 24.392075 0.000000 24.392075
127.837738 401.864807 0.462556 21.310091 0.000000 21.310091
350.500000 117.500000 0.462502 24.392075 0.000000 24.392075
324.185974 366.373932 0.461886 97.568314 0.000000 97.568314
166.587204 339.500000 0.461852 463.066345 0.000000 463.066345
205.472687 329.972595 0.461351 63.586472 0.000000 63.586472
379.294312 165.969284 0.461184 20.692167 0.000000 20.692167
423.896179 160.199432 0.460672 50.262260 0.000000 50.262260
124.220505 232.589325 0.459793 71.769112 0.000000 71.769112
331.783478 249.500000 0.459483 24.392075 0.000000 24.392075
465.591766 382.249817 0.457399 24.392075 0.000000 24.392075
88.529305 375.500000 0.457003 228.639175 0.000000 228.639175
273.500000 367.500000 0.456953 97.568314 0.000000 97.568314
404.321289 241.273346 0.456901 113.055893 0.000000 113.055893
385.342407 366.675812 0.456567 114.473938 0.000000 114.473938
500.552277 159.751923 0.456543 22.006649 0.000000 22.006649
583.500000 374.401489 0.455880 73.588562 0.000000 73.588562
400.370911 333.359253 0.455243 97.568314 0.000000 97.568314
247.500000 333.500000 0.455064 201.543015 0.000000 201.543015
291.778381 407.948212 0.453866 24.392075 0.000000 24.392075
205.980881 195.604080 0.453641 171.446014 0.000000 171.446014
534.080688 189.387466 0.453556 18.459488 0.000000 18.459488
598.203491 314.674072 0.452705 19.893173 0.000000 19.893173
68.379829 394.756012 0.451944 281.321411 0.000000 281.321411
449.482178 387.942230 0.451755 26.477251 0.000000 26.477251
311.817108 216.079132 0.451557 20.604521 0.000000 20.604521
362.780975 330.582184 0.451365 79.387215 0.000000 79.387215
178.868240 200.663574 0.451336 29.566433 0.000000 29.566433
5.687189 138.212204 0.451036 27.209154 0.000000 27.209154
243.500000 214.685242 0.450744 21.109646 0.000000 21.109646
29.500000 275.500000 0.450570 154.880035 0.000000 154.880035
159.500000 216.982407 0.450000 33.150482 0.000000 33.150482
345.303864 295.544922 0.449826 55.592381 0.000000 55.592381
574.500000 208.500000 0.449492 15.366042 0.000000 15.366042
159.699051 213.944901 0.449060 66.572136 0.000000 66.572136
246.417633 188.433899 0.448827 77.581680 0.000000 77.581680
365.524078 303.831635 0.448750 17.972847 0.000000 17.972847
73.975487 181.038773 0.448415 41.928059 0.000000 41.928059
143.711258 146.954956 0.448003 34.952709 0.000000 34.952709
381.035919 389.953857 0.447793 93.931786 0.000000 93.931786
536.050537 246.404572 0.447448 911.994995 0.000000 911.994995
329.562225 356.175476 0.447252 24.392075 0.000000 24.392075
396.142822 368.441711 0.447203 138.023438 0.000000 138.023438
475.440979 225.780594 0.446970 24.392075 0.000000 24.392075
275.788483 375.873322 0.446613 24.392075 0.000000 24.392075
214.519928 406.765350 0.446334 35.763691 0.000000 35.763691
488.711151 234.075180 0.444675 38.720009 0.000000 38.720009
489.109253 147.303635 0.443987 10860.864258 0.000000 10860.864258
555.024658 143.289246 0.443660 34.324566 0.000000 34.324566
191.693359 345.672577 0.443345 29.100716 0.000000 29.100716
286.891083 274.118073 0.443193 29.029577 0.000000 29.029577
313.252045 223.954391 0.443168 28.184929 0.000000 28.184929
5.616251 152.399429 0.442767 48.507607 0.000000 48.507607
317.248016 397.500000 0.442754 184.534897 0.000000 184.534897
518.223816 219.500000 0.442286 36.536167 0.000000 36.536167
61.500000 242.887192 0.441513 58.432568 0.000000 58.432568
281.375061 212.986664 0.441288 36.701584 0.000000 36.701584
545.085632 176.863022 0.441265 45.538616 0.000000 45.538616
602.500000 168.500000 0.440890 46.368221 0.000000 46.368221
180.500000 327.500000 0.440338 51.646145 0.000000 51.646145
204.815582 221.102051 0.440174 16.652517 0.000000 16.652517
371.500000 189.500000 0.439890 154.880035 0.000000 154.880035
302.756531 458.961639 0.439863 19.659273 0.000000 19.659273
479.065521 153.500000 0.439657 15.366042 0.000000 15.366042
264.500000 387.629150 0.439560 24.392075 0.000000 24.392075
458.218628 279.500000 0.439334 97.568314 0.000000 97.568314
351.365448 409.747192 0.439076 21.597542 0.000000 21.597542
37.763088 277.484009 0.438753 20.563530 0.000000 20.563530
106.885529 250.560699 0.438751 112.738197 0.000000 112.738197
254.895386 211.500000 0.438650 24.392075 0.000000 24.392075
52.407738 255.818527 0.438585 24.047873 0.000000 24.047873
98.500000 398.500000 0.438383 39.644276 0.000000 39.644276
374.961365 310.081970 0.438096 17.629381 0.000000 17.629381
325.500000 363.500000 0.438029 175.235275 0.000000 175.235275
378.500000 334.967407 0.437835 24.392075 0.000000 24.392075
403.500000 185.969467 0.437780 747.517944 0.000000 747.517944
364.500000 287.972321 0.437204 60.061001 0.000000 60.061001
133.500000 174.413239 0.436933 24.392075 0.000000 24.392075
307.376892 52.688549 0.436861 390.273254 0.000000 390.273254
563.500000 315.037781 0.436194 390.273254 0.000000 390.273254
297.567230 397.500000 0.435724 24.481619 0.000000 24.481619
352.381470 229.960297 0.435681 24.392075 0.000000 24.392075
197.756821 390.282257 0.435361 34.773888 0.000000 34.773888
150.500000 309.500000 0.434682 24.392075 0.000000 24.392075
607.500000 379.500000 0.434679 141.818863 0.000000 141.818863
158.909760 382.219971 0.434410 46.129440 0.000000 46.129440
314.256653 186.170944 0.434030 24.392075 0.000000 24.392075
97.897209 228.500000 0.433771 28.531876 0.000000 28.531876
547.666504 363.500000 0.433590 65.242111 0.000000 65.242111
512.093994 227.480728 0.433464 31.153770 0.000000 31.153770
101.500000 363.500000 0.433239 16.507547 0.000000 16.507547
540.500000 229.849350 0.432011 17.380411 0.000000 17.380411
610.766296 297.721863 0.431960 28.110153 0.000000 28.110153
397.746490 302.951111 0.431852 17.015566 0.000000 17.015566
224.877899 397.773438 0.431644 17.953629 0.000000 17.953629
587.500000 371.500000 0.431435 27.779640 0.000000 27.779640
200.600327 366.956482 0.431206 16.919432 0.000000 16.919432
456.917572 303.500000 0.430959 983.427124 0.000000 983.427124
487.032166 218.011673 0.430949 19.833096 0.000000 19.833096
77.862793 392.256866 0.430725 45.779335 0.000000 45.779335
108.031372 244.140198 0.430166 32.461548 0.000000 32.461548
341.538727 246.500000 0.429646 50.511528 0.000000 50.511528
394.500000 379.204407 0.429594 28.447578 0.000000 28.447578
257.500000 218.285934 0.429459 15.906707 0.000000 15.906707
181.500000 260.159332 0.428945 102.092400 0.000000 102.092400
371.426971 138.043442 0.428865 33.110905 0.000000 33.110905
320.112061 236.975250 0.428788 27.695173 0.000000 27.695173
41.005322 265.500000 0.428558 46.020573 0.000000 46.020573
391.136963 408.597412 0.428271 89.294098 0.000000 89.294098
51.985760 395.953766 0.428215 23.838631 0.000000 23.838631
84.500000 368.529724 0.428205 48.381695 0.000000 48.381695
453.454041 405.218292 0.427496 32.642986 0.000000 32.642986
517.877625 407.500000 0.427495 232.399551 0.000000 232.399551
48.673859 201.977585 0.427298 22.052551 0.000000 22.052551
101.500000 397.500000 0.427164 123.985214 0.000000 123.985214
26.054859 274.445007 0.427097 302.979675 0.000000 302.979675
297.774750 398.500000 0.426858 22.020197 0.000000 22.020197
324.570251 390.535980 0.426603 38.720009 0.000000 38.720009
489.949066 225.500000 0.426206 27.685438 0.000000 27.685438
27.050362 366.500000 0.425781 32.576622 0.000000 32.576622
503.500000 236.500000 0.425730 23.390806 0.000000 23.390806
520.623108 197.119095 0.425695 19.406645 0.000000 19.406645
44.500000 249.955490 0.425591 27.949743 0.000000 27.949743
22.500000 255.500000 0.425321 17.134565 0.000000 17.134565
287.802490 169.874741 0.425037 28.778530 0.000000 28.778530
606.129089 405.500000 0.425027 68.347122 0.000000 68.347122
586.285400 382.650726 0.425016 23.440231 0.000000 23.440231
103.500000 314.878723 0.424995 43.243885 0.000000 43.243885
289.491608 212.549210 0.424089 298.034363 0.000000 298.034363
275.785919 79.068962 0.423520 3956.100586 0.000000 3956.100586
491.492737 183.500000 0.423474 24.392075 0.000000 24.392075
551.500000 286.543030 0.423427 283.473450 0.000000 283.473450
73.500000 254.500000 0.422602 24.392075 0.000000 24.392075
135.500000 174.174500 0.422579 38.720009 0.000000 38.720009
237.373566 270.500000 0.422523 1034.582397 0.000000 1034.582397
440.500000 333.878693 0.422199 38.720009 0.000000 38.720009
415.500000 385.849548 0.421952 56.063450 0.000000 56.063450
545.500000 173.500000 0.421792 24.392075 0.000000 24.392075
587.515015 369.529022 0.420941 26.607075 0.000000 26.607075
272.749542 158.980927 0.419577 17.040630 0.000000 17.040630
243.527084 228.702423 0.418108 17.329006 0.000000 17.329006
149.500000 245.500000 0.417994 21.481539 0.000000 21.481539
408.005737 165.702896 0.417860 29.905579 0.000000 29.905579
264.500000 208.500000 0.417626 21.478802 0.000000 21.478802
262.500000 320.500000 0.417188 30.135475 0.000000 30.135475
429.500000 208.695404 0.416582 31.383877 0.000000 31.383877
141.500000 341.500000 0.416303 245.856750 0.000000 245.856750
241.500000 332.887970 0.415400 97.568314 0.000000 97.568314
123.500000 178.188416 0.415055 92.971420 0.000000 92.971420
597.332642 179.500000 0.414829 692.026184 0.000000 692.026184
495.500000 279.500000 0.414259 67.850204 0.000000 67.850204
479.448700 150.833557 0.413094 48.095745 0.000000 48.095745
305.500000 37.500000 0.413059 101.439972 0.000000 101.439972
122.500000 231.500000 0.412597 49.083195 0.000000 49.083195
406.928009 166.174606 0.412527 97.568314 0.000000 97.568314
93.427826 177.259048 0.412376 308.314941 0.000000 308.314941
597.252014 385.415710 0.412055 33.929405 0.000000 33.929405
22.500000 322.903595 0.411828 29.398745 0.000000 29.398745
470.288147 199.500000 0.411694 27.611935 0.000000 27.611935
121.928879 371.036987 0.411271 34.427006 0.000000 34.427006
270.416443 367.500000 0.410965 29.759277 0.000000 29.759277
483.233856 352.500000 0.410334 19.757353 0.000000 19.757353
587.903320 372.797119 0.410289 477.407928 0.000000 477.407928
152.500000 183.500000 0.409560 23.246557 0.000000 23.246557
383.791840 404.231323 0.408437 29.396816 0.000000 29.396816
127.245094 363.500000 0.408170 39.882622 0.000000 39.882622
570.062195 346.898621 0.408086 20.108494 0.000000 20.108494
473.533752 415.500000 0.407841 97.568314 0.000000 97.568314
390.500000 403.500000 0.407839 24.392075 0.000000 24.392075
375.950562 399.148010 0.407764 18.628490 0.000000 18.628490
387.736542 387.484985 0.407209 15.366042 0.000000 15.366042
120.972923 181.500000 0.406798 16.922699 0.000000 16.922699
61.500000 390.536926 0.406621 64.259689 0.000000 64.259689
117.500000 208.500000 0.406605 46.888210 0.000000 46.888210
302.940582 405.556671 0.405961 55.067780 0.000000 55.067780
290.096252 321.310059 0.405672 44.972389 0.000000 44.972389
24.137602 392.851532 0.405315 26.421093 0.000000 26.421093
65.759628 164.606354 0.405282 216.298233 0.000000 216.298233
339.500000 399.398102 0.404582 24.735312 0.000000 24.735312
290.500000 27.895098 0.403933 61.464176 0.000000 61.464176
480.707703 233.500000 0.403589 25.708302 0.000000 25.708302
281.567627 397.969360 0.403204 41.992550 0.000000 41.992550
339.001099 196.180984 0.403192 188.989471 0.000000 188.989471
276.500000 250.256882 0.402895 24.392075 0.000000 24.392075
232.116852 198.977127 0.402831 21.167940 0.000000 21.167940
19.256807 318.849884 0.402668 177.825912 0.000000 177.825912
368.700592 114.035881 0.402500 70.371017 0.000000 70.371017
339.212067 342.886871 0.400953 28.371973 0.000000 28.371973
283.500000 178.500000 0.400658 21.345915 0.000000 21.345915
372.096588 223.908432 0.400332 28.442921 0.000000 28.442921
353.087891 404.046356 0.400293 18.340630 0.000000 18.340630
437.500000 304.500000 0.400017 20.091675 0.000000 20.091675
41.029858 221.627304 0.400015 40.875145 0.000000 40.875145
237.011948 312.054596 0.400011 123.758110 0.000000 123.758110
570.139587 169.810455 0.399872 78.906357 0.000000 78.906357
27.500000 191.500000 0.399844 34.952991 0.000000 34.952991
457.820129 192.780502 0.398950 77.996521 0.000000 77.996521
354.884125 298.735199 0.398711 210.477921 0.000000 210.477921
119.500000 173.500000 0.397874 245.856750 0.000000 245.856750
394.204010 336.337341 0.397606 33.424805 0.000000 33.424805
584.119812 385.729218 0.397466 97.568314 0.000000 97.568314
178.303085 161.042725 0.397300 24.392075 0.000000 24.392075
497.058411 378.673431 0.397217 91.055313 0.000000 91.055313
25.847231 335.500000 0.396960 449.864136 0.000000 449.864136
138.684052 289.810028 0.396927 18.103605 0.000000 18.103605
221.401123 34.194347 0.396855 24.392075 0.000000 24.392075
538.500000 447.239868 0.396399 18.917852 0.000000 18.917852
516.160522 192.500000 0.394063 19.091902 0.000000 19.091902
461.193848 346.417389 0.393838 21.907562 0.000000 21.907562
225.500000 183.064850 0.393566 72.098442 0.000000 72.098442
351.500000 406.978058 0.393273 48.146294 0.000000 48.146294
372.592896 117.500000 0.393180 18.149061 0.000000 18.149061
8.642912 232.272629 0.393020 221.169571 0.000000 221.169571
378.264313 410.039032 0.392414 17.029507 0.000000 17.029507
234.502701 447.560364 0.392121 15.366042 0.000000 15.366042
610.500000 333.922729 0.392033 33.687588 0.000000 33.687588
281.500000 214.394257 0.391412 62.867687 0.000000 62.867687
189.500000 373.500000 0.391325 50.151474 0.000000 50.151474
545.500000 220.329346 0.390598 160.258453 0.000000 160.258453
85.949554 177.500000 0.390565 26.754679 0.000000 26.754679
328.409760 330.439545 0.390251 206.140381 0.000000 206.140381
355.916260 369.013428 0.390091 38.720009 0.000000 38.720009
249.202194 317.190643 0.388765 19.276327 0.000000 19.276327
365.500000 341.500000 0.388021 24.392075 0.000000 24.392075
366.171814 289.778259 0.387806 22.733162 0.000000 22.733162
123.500000 369.500000 0.387782 133.036865 0.000000 133.036865
116.202827 217.107864 0.387379 32.827782 0.000000 32.827782
366.500000 116.500000 0.387010 18.477373 0.000000 18.477373
100.078522 223.775818 0.387004 70.728981 0.000000 70.728981
363.450043 342.067291 0.386999 45.707726 0.000000 45.707726
372.365356 328.987274 0.386631 24.392075 0.000000 24.392075
37.888218 252.500000 0.386572 16.412035 0.000000 16.412035
477.901886 170.593475 0.385988 15.819946 0.000000 15.819946
357.500000 149.500000 0.385902 24.392075 0.000000 24.392075
120.985741 309.591949 0.385619 46.619503 0.000000 46.619503
120.172119 308.331573 0.385517 116.739853 0.000000 116.739853
288.084320 439.102173 0.384430 17.396088 0.000000 17.396088
520.348328 181.252014 0.384099 18.780102 0.000000 18.780102
545.500000 287.138947 0.383164 154.880035 0.000000 154.880035
495.500000 161.500000 0.383027 97.568314 0.000000 97.568314
472.545654 189.889542 0.383014 35.986656 0.000000 35.986656
44.500000 210.500000 0.382925 24.392075 0.000000 24.392075
205.345810 284.779602 0.382381 20.256897 0.000000 20.256897
16.442047 201.497299 0.382280 20.788734 0.000000 20.788734
570.622620 147.737701 0.382008 24.116724 0.000000 24.116724
19.891304 286.014771 0.381385 86.215347 0.000000 86.215347
401.459381 316.496460 0.381089 80.123802 0.000000 80.123802
296.838440 371.589691 0.381025 20.480982 0.000000 20.480982
543.500000 348.439178 0.380937 50.683434 0.000000 50.683434
198.504028 376.537720 0.380846 322.678589 0.000000 322.678589
594.943604 329.785675 0.380647 75.603584 0.000000 75.603584
125.137749 167.500000 0.379925 78.681061 0.000000 78.681061
42.460274 365.489136 0.379922 41.183323 0.000000 41.183323
227.500000 163.500000 0.379544 156.588043 0.000000 156.588043
502.962982 371.500000 0.378855 44.274113 0.000000 44.274113
138.355392 228.071716 0.378849 70.988228 0.000000 70.988228
535.500000 284.040771 0.378730 24.392075 0.000000 24.392075
434.500000 194.500000 0.378310 29.712879 0.000000 29.712879
64.500000 252.500000 0.378201 15.628753 0.000000 15.628753
540.063110 325.500000 0.377701 39.594307 0.000000 39.594307
402.927124 360.959229 0.377013 44.404945 0.000000 44.404945
456.762634 383.864563 0.375180 24.392075 0.000000 24.392075
612.537231 196.627487 0.374931 18.612700 0.000000 18.612700
407.085602 381.000092 0.374616 29.204599 0.000000 29.204599
493.579926 218.063095 0.374360 15.815317 0.000000 15.815317
248.500000 156.500000 0.374129 24.392075 0.000000 24.392075
534.916077 454.266541 0.374022 17.986612 0.000000 17.986612
505.750641 204.666153 0.373836 26.416162 0.000000 26.416162
271.195190 407.113281 0.373348 21.745380 0.000000 21.745380
164.500000 346.500000 0.373341 26.384277 0.000000 26.384277
238.526672 364.305023 0.373210 223.405380 0.000000 223.405380
406.537537 409.500000 0.373187 43.360443 0.000000 43.360443
584.724670 380.496277 0.372835 211.749939 0.000000 211.749939
122.554741 309.640442 0.372219 23.090080 0.000000 23.090080
486.769104 331.363007 0.372186 21.920938 0.000000 21.920938
491.500000 208.247543 0.372006 51.159336 0.000000 51.159336
65.482933 171.500000 0.371422 56.027420 0.000000 56.027420
195.065063 340.500000 0.369971 36.161877 0.000000 36.161877
219.186478 419.680084 0.369711 27.950762 0.000000 27.950762
501.183441 368.875549 0.369657 18.433905 0.000000 18.433905
176.546844 337.359009 0.368800 24.392075 0.000000 24.392075
286.500000 187.500000 0.368624 24.392075 0.000000 24.392075
369.425934 404.714966 0.368231 22.440741 0.000000 22.440741
339.500000 404.394684 0.368227 93.501579 0.000000 93.501579
454.938690 195.949219 0.367666 16.847107 0.000000 16.847107
556.457458 212.237701 0.367243 24.392075 0.000000 24.392075
467.771545 233.500000 0.366667 24.392075 0.000000 24.392075
518.311401 153.836563 0.366282 24.392075 0.000000 24.392075
212.500000 222.500000 0.365423 24.392075 0.000000 24.392075
363.500000 350.454468 0.365002 40.990231 0.000000 40.990231
544.846191 348.710358 0.364696 24.392075 0.000000 24.392075
281.500000 193.359818 0.364572 20.263824 0.000000 20.263824
165.863937 363.456024 0.363359 24.143070 0.000000 24.143070
588.987671 140.862518 0.363044 27.015886 0.000000 27.015886
17.578367 402.088287 0.362984 32.742512 0.000000 32.742512
546.421936 403.409882 0.362777 154.880035 0.000000 154.880035
536.015747 210.500000 0.362064 22.373224 0.000000 22.373224
348.866028 390.779541 0.361818 32.715179 0.000000 32.715179
392.500000 222.417572 0.361789 19.018600 0.000000 19.018600
537.819214 306.584198 0.361213 154.880035 0.000000 154.880035
399.500000 370.550812 0.361099 33.852119 0.000000 33.852119
233.500000 223.500000 0.360725 192.788513 0.000000 192.788513
371.691284 214.500000 0.360609 51.581181 0.000000 51.581181
474.110931 253.050705 0.360550 19.336426 0.000000 19.336426
205.686005 277.685608 0.360240 30.084352 0.000000 30.084352
363.756500 189.221924 0.360162 47.005604 0.000000 47.005604
471.290955 148.500000 0.360147 44.698009 0.000000 44.698009
180.410690 366.500000 0.359524 24.392075 0.000000 24.392075
289.500000 338.240967 0.358941 154.880035 0.000000 154.880035
513.805847 298.742767 0.357789 111.042389 0.000000 111.042389
465.236664 359.500000 0.357732 29.447237 0.000000 29.447237
537.435913 375.500000 0.357386 24.392075 0.000000 24.392075
9.821031 359.500000 0.357248 21.599554 0.000000 21.599554
384.908661 315.501770 0.357202 17.267118 0.000000 17.267118
5.917309 187.500000 0.356233 61.464176 0.000000 61.464176
557.036072 231.500000 0.356081 35.179852 0.000000 35.179852
348.500000 364.668976 0.355683 16.405298 0.000000 16.405298
340.689301 408.500000 0.355614 24.280752 0.000000 24.280752
524.925720 217.500000 0.354788 90.683838 0.000000 90.683838
577.500000 188.952377 0.354563 245.856750 0.000000 245.856750
240.500000 240.144012 0.354060 21.785097 0.000000 21.785097
409.500000 398.772583 0.353457 20.134109 0.000000 20.134109
405.414124 197.296265 0.353087 390.273254 0.000000 390.273254
338.182617 201.500000 0.353038 32.306248 0.000000 32.306248
577.500000 219.951416 0.352343 44.828690 0.000000 44.828690
545.500000 338.752838 0.352325 126.098236 0.000000 126.098236
515.601746 160.275436 0.352264 18.181747 0.000000 18.181747
584.034302 297.572540 0.351579 26.355120 0.000000 26.355120
294.844788 169.757324 0.351337 16.193172 0.000000 16.193172
257.500000 300.500000 0.351235 52.632542 0.000000 52.632542
207.408752 445.986389 0.350965 19.786705 0.000000 19.786705
73.055359 194.974365 0.350230 17.250105 0.000000 17.250105
547.984680 397.378052 0.348892 29.671431 0.000000 29.671431
108.289635 385.500000 0.348399 42.512043 0.000000 42.512043
375.500000 375.500000 0.348298 619.520264 0.000000 619.520264
498.694336 397.500000 0.347924 82.730843 0.000000 82.730843
285.388123 243.382217 0.347801 33.521626 0.000000 33.521626
578.901001 141.165955 0.347740 19.922083 0.000000 19.922083
203.500000 393.663818 0.347718 602.326904 0.000000 602.326904
472.500000 365.358856 0.347267 18.787567 0.000000 18.787567
44.500000 323.500000 0.347127 15.366042 0.000000 15.366042
525.966370 170.500000 0.347100 27.875723 0.000000 27.875723
230.099655 206.624771 0.346981 17.574682 0.000000 17.574682
340.585144 355.154449 0.346889 19.631512 0.000000 19.631512
550.537231 412.074738 0.346775 28.506706 0.000000 28.506706
315.500000 378.500000 0.346757 38.720009 0.000000 38.720009
81.654945 224.500000 0.346477 51.919334 0.000000 51.919334
179.500000 236.500000 0.346412 52.670532 0.000000 52.670532
226.735107 349.993896 0.345579 23.956100 0.000000 23.956100
242.801880 355.500000 0.344995 33.050068 0.000000 33.050068
584.187317 459.362030 0.344797 24.392075 0.000000 24.392075
589.500000 230.291855 0.344150 40.385342 0.000000 40.385342
442.570282 190.243942 0.343805 17.408516 0.000000 17.408516
513.196655 374.349426 0.343701 43.911636 0.000000 43.911636
481.837036 177.880371 0.343094 32.218166 0.000000 32.218166
274.096954 165.093506 0.342022 24.392075 0.000000 24.392075
165.863266 195.584366 0.341847 29.116837 0.000000 29.116837
321.500000 356.581268 0.341670 27.958866 0.000000 27.958866
349.854401 155.120880 0.341552 30.968891 0.000000 30.968891
558.490112 165.335526 0.341075 17.021534 0.000000 17.021534
593.234436 192.598465 0.340866 31.253784 0.000000 31.253784
168.393646 179.184586 0.340381 24.716181 0.000000 24.716181
7.168268 288.111328 0.339662 24.392075 0.000000 24.392075
533.500000 209.500000 0.339389 34.240486 0.000000 34.240486
51.397949 254.500000 0.339126 2305.281494 0.000000 2305.281494
521.500000 235.796844 0.338929 18.422842 0.000000 18.422842
279.310455 408.500000 0.338819 24.392075 0.000000 24.392075
31.280416 59.500000 0.338813 714.928223 0.000000 714.928223
104.500000 331.260254 0.338498 24.392075 0.000000 24.392075
7.933678 287.500000 0.338121 44.206852 0.000000 44.206852
543.500000 287.500000 0.338090 154.880035 0.000000 154.880035
293.500000 291.500000 0.337344 38.720009 0.000000 38.720009
289.013428 209.177567 0.336856 26.539320 0.000000 26.539320
67.500000 171.500000 0.336310 94.453468 0.000000 94.453468
342.500000 208.314041 0.336256 20.880835 0.000000 20.880835
220.865509 304.032928 0.336222 23.247587 0.000000 23.247587
264.534241 303.500000 0.335437 204.072769 0.000000 204.072769
240.488266 176.231567 0.335008 22.104483 0.000000 22.104483
378.666962 312.006927 0.335003 66.701614 0.000000 66.701614
498.444824 333.303162 0.334221 15.604659 0.000000 15.604659
125.500000 189.438934 0.334128 24.392075 0.000000 24.392075
331.500000 187.744553 0.333822 24.392075 0.000000 24.392075
528.454224 168.968765 0.332533 272.205383 0.000000 272.205383
310.086639 207.849518 0.332044 28.284180 0.000000 28.284180
81.821709 173.214432 0.331974 25.969952 0.000000 25.969952
362.103363 462.438843 0.331354 24.392075 0.000000 24.392075
547.500000 337.500000 0.331029 52.668388 0.000000 52.668388
457.906891 158.500000 0.330677 30.431072 0.000000 30.431072
577.500000 375.203552 0.330610 27.336693 0.000000 27.336693
512.060486 154.269623 0.330544 71.591064 0.000000 71.591064
360.500000 242.500000 0.330520 38.720009 0.000000 38.720009
527.779785 179.955948 0.330077 31.544048 0.000000 31.544048
187.500000 164.112885 0.329964 38.720009 0.000000 38.720009
519.126648 325.500000 0.329906 190.520432 0.000000 190.520432
422.500000 310.500000 0.329758 24.392075 0.000000 24.392075
95.500000 384.360321 0.329730 88.788300 0.000000 88.788300
360.556885 139.215454 0.329142 20.222334 0.000000 20.222334
29.289818 364.751617 0.328952 64.334862 0.000000 64.334862
260.846649 160.102493 0.328860 71.670547 0.000000 71.670547
545.310242 406.614136 0.327785 256.534271 0.000000 256.534271
261.539917 391.500000 0.326427 65.173279 0.000000 65.173279
203.500000 331.500000 0.326415 619.520264 0.000000 619.520264
44.432285 244.000961 0.326257 15.380857 0.000000 15.380857
288.635590 285.500000 0.325890 15.366042 0.000000 15.366042
201.500000 342.612518 0.324774 197.133255 0.000000 197.133255
597.500000 268.362518 0.324237 98.674255 0.000000 98.674255
214.382935 393.627319 0.324217 25.311337 0.000000 25.311337
205.872375 275.500000 0.324163 71.980286 0.000000 71.980286
55.495174 164.021881 0.323195 34.472389 0.000000 34.472389
217.909286 42.347565 0.323136 390.273254 0.000000 390.273254
199.334091 329.775452 0.323101 54.087280 0.000000 54.087280
247.279892 329.978516 0.322573 16.858604 0.000000 16.858604
547.500000 383.500000 0.322450 15.366042 0.000000 15.366042
479.325897 375.198517 0.322205 58.335171 0.000000 58.335171
177.500000 209.500000 0.322123 130.534378 0.000000 130.534378
387.691925 374.042938 0.322062 27.417145 0.000000 27.417145
319.500000 246.500000 0.321871 26.320704 0.000000 26.320704
410.500000 217.332535 0.321189 27.532852 0.000000 27.532852
575.500000 332.500000 0.321090 26.784931 0.000000 26.784931
48.500000 232.176910 0.321087 26.936026 0.000000 26.936026
238.516479 186.074295 0.320924 29.905130 0.000000 29.905130
351.500000 350.067596 0.320489 61.464176 0.000000 61.464176
141.061813 255.742447 0.319904 27.271162 0.000000 27.271162
183.279800 153.253738 0.319676 19.594091 0.000000 19.594091
281.272858 416.796783 0.319506 19.748722 0.000000 19.748722
443.698120 205.339706 0.319399 20.356432 0.000000 20.356432
553.500000 243.001373 0.319295 244.626526 0.000000 244.626526
605.500000 209.500000 0.318851 97.568314 0.000000 97.568314
474.489868 357.931366 0.318181 30.185902 0.000000 30.185902
348.051392 236.595291 0.318034 18.163368 0.000000 18.163368
595.500000 342.988434 0.318034 73.426895 0.000000 73.426895
312.802399 450.086334 0.317339 32.533360 0.000000 32.533360
437.435791 229.951660 0.317254 31.020950 0.000000 31.020950
500.000916 194.140045 0.317117 19.634338 0.000000 19.634338
198.846649 232.376022 0.316027 65.082253 0.000000 65.082253
206.046616 428.500000 0.315118 16.732256 0.000000 16.732256
577.594482 246.703262 0.314910 23.842672 0.000000 23.842672
416.500000 297.500000 0.314752 41.961990 0.000000 41.961990
534.345947 160.981827 0.314719 53.966618 0.000000 53.966618
71.500000 162.500000 0.313282 17.089127 0.000000 17.089127
152.422592 364.602844 0.313244 93.131104 0.000000 93.131104
362.940460 325.711121 0.313166 15.753287 0.000000 15.753287
95.361740 204.500000 0.312002 24.392075 0.000000 24.392075
287.285248 226.500000 0.311739 46.422729 0.000000 46.422729
421.469604 405.050354 0.311703 31.422338 0.000000 31.422338
353.073639 167.178925 0.310994 21.099445 0.000000 21.099445
425.849457 247.139008 0.310306 1561.093262 0.000000 1561.093262
431.145660 324.648346 0.310048 86.058014 0.000000 86.058014
478.029327 260.280762 0.308949 38.720009 0.000000 38.720009
597.500000 394.500000 0.308827 38.720009 0.000000 38.720009
164.129044 174.831329 0.308245 33.456005 0.000000 33.456005
328.871490 258.500000 0.307778 16.142336 0.000000 16.142336
425.006805 304.048676 0.306840 29.037415 0.000000 29.037415
77.218010 368.500000 0.306784 23.955582 0.000000 23.955582
417.500000 401.500000 0.306605 136.516235 0.000000 136.516235
556.649536 170.099243 0.306191 35.582352 0.000000 35.582352
594.845276 456.260651 0.306012 38.720009 0.000000 38.720009
473.500000 356.500000 0.305817 19.685642 0.000000 19.685642
277.689545 335.500000 0.305266 21.039387 0.000000 21.039387
227.500000 324.500000 0.305206 15.366042 0.000000 15.366042
434.868317 165.500000 0.304100 27.605150 0.000000 27.605150
73.500000 383.462036 0.304010 19.528734 0.000000 19.528734
188.838165 397.500000 0.303797 15.366042 0.000000 15.366042
45.500000 355.216644 0.303397 41.717258 0.000000 41.717258
226.756317 375.500000 0.303042 24.392075 0.000000 24.392075
87.500000 232.500000 0.302747 61.464176 0.000000 61.464176
352.665985 434.935120 0.302302 29.360828 0.000000 29.360828
506.500000 324.500000 0.301962 37.187832 0.000000 37.187832
277.335114 177.149689 0.301314 17.425037 0.000000 17.425037
394.161011 282.383240 0.301224 26.742718 0.000000 26.742718
610.500000 286.500000 0.300749 31.058653 0.000000 31.058653
289.686127 267.666229 0.300177 19.970285 0.000000 19.970285
