988
219.109680 221.886108 1.210239 61.464176 0.000000 61.464176
152.672745 230.150024 1.181487 50.590244 0.000000 50.590244
499.748779 243.117294 1.162642 33.137894 0.000000 33.137894
366.203583 237.350128 1.130337 37.400734 0.000000 37.400734
282.062469 243.696854 1.093865 38.720009 0.000000 38.720009
386.554565 206.234497 1.048715 61.464176 0.000000 61.464176
299.479553 212.120148 1.028300 56.668125 0.000000 56.668125
401.929901 243.949066 1.004826 282.493805 0.000000 282.493805
454.982147 271.361176 0.974473 21.534351 0.000000 21.534351
255.517853 154.292496 0.961955 115.637779 0.000000 115.637779
233.500000 252.023224 0.934909 30.971943 0.000000 30.971943
420.628998 365.777496 0.885480 31.573317 0.000000 31.573317
58.615337 394.211182 0.879450 24.392075 0.000000 24.392075
331.202972 331.777069 0.852174 23.278046 0.000000 23.278046
246.751755 390.767212 0.834789 18.261684 0.000000 18.261684
560.313232 221.500000 0.821048 38.720009 0.000000 38.720009
140.890961 258.411072 0.818524 73.241005 0.000000 73.241005
495.500000 324.619995 0.814088 97.568314 0.000000 97.568314
232.965622 264.641785 0.810111 29.766878 0.000000 29.766878
314.011780 256.919556 0.808364 72.847214 0.000000 72.847214
420.500000 280.594421 0.807165 24.392075 0.000000 24.392075
201.960907 293.262421 0.806462 46.121338 0.000000 46.121338
525.500000 162.230453 0.803087 18.757519 0.000000 18.757519
402.292175 249.766510 0.799963 83.915520 0.000000 83.915520
486.386017 193.274750 0.795392 22.983343 0.000000 22.983343
606.144592 217.999588 0.783916 122.795166 0.000000 122.795166
166.249359 391.051117 0.782475 18.814825 0.000000 18.814825
499.586090 231.078354 0.779759 22.903301 0.000000 22.903301
574.542053 242.343262 0.779401 93.716049 0.000000 93.716049
543.364685 302.539948 0.779305 125.103531 0.000000 125.103531
607.183044 270.813904 0.776184 135.711380 0.000000 135.711380
33.026539 353.655914 0.770084 37.497139 0.000000 37.497139
535.795532 218.774948 0.767520 60.970024 0.000000 60.970024
433.803284 221.412277 0.761102 31.966986 0.000000 31.966986
156.467834 172.196854 0.756546 27.456654 0.000000 27.456654
91.354073 334.336273 0.749005 647.558472 0.000000 647.558472
513.892700 449.974640 0.742596 22.790216 0.000000 22.790216
546.128296 165.986008 0.740694 119.746094 0.000000 119.746094
193.651001 374.333771 0.734119 17.033144 0.000000 17.033144
56.295204 262.760956 0.731488 462.158722 0.000000 462.158722
542.036987 318.037537 0.726230 37.902832 0.000000 37.902832
560.042358 162.869858 0.723943 46.410553 0.000000 46.410553
481.022461 197.223923 0.720447 185.454178 0.000000 185.454178
112.935448 225.173843 0.716237 50.477596 0.000000 50.477596
205.472687 259.908783 0.715553 272.255981 0.000000 272.255981
233.492706 257.500000 0.714734 127.844070 0.000000 127.844070
167.647278 452.840240 0.714570 21.964592 0.000000 21.964592
158.500000 193.783325 0.713225 46.728645 0.000000 46.728645
518.500000 225.500000 0.710690 24.392075 0.000000 24.392075
364.768738 284.894684 0.704685 88.899849 0.000000 88.899849
408.372375 312.813690 0.703218 473.347961 0.000000 473.347961
121.958542 344.937103 0.699175 125.516785 0.000000 125.516785
515.500000 169.500000 0.694462 59.409290 0.000000 59.409290
330.954224 243.500000 0.694100 38.720009 0.000000 38.720009
59.040119 198.430145 0.693316 55.169437 0.000000 55.169437
268.736603 200.239487 0.689234 94.454803 0.000000 94.454803
516.855713 171.987549 0.688938 21.594221 0.000000 21.594221
480.500000 382.199890 0.688543 30.668009 0.000000 30.668009
540.397034 332.776245 0.683930 34.593365 0.000000 34.593365
19.500000 166.071747 0.682378 41.012672 0.000000 41.012672
397.389343 312.759949 0.681780 137.240540 0.000000 137.240540
478.774750 339.876434 0.680081 20.669350 0.000000 20.669350
318.851685 298.348755 0.679671 24.392075 0.000000 24.392075
151.315079 219.643723 0.678775 37.967415 0.000000 37.967415
518.048645 274.500000 0.674986 38.098362 0.000000 38.098362
455.520905 276.120026 0.674885 103.518944 0.000000 103.518944
169.458267 418.813995 0.669091 111.493088 0.000000 111.493088
560.575806 234.606827 0.665504 53.856522 0.000000 53.856522
154.559082 344.276947 0.664206 24.392075 0.000000 24.392075
54.290375 163.891342 0.662374 50.753368 0.000000 50.753368
160.882370 324.050873 0.662370 91.692894 0.000000 91.692894
599.616028 236.088043 0.662116 19.839060 0.000000 19.839060
161.402954 266.300446 0.661123 164.786957 0.000000 164.786957
601.500000 271.764679 0.660427 20.069559 0.000000 20.069559
223.721298 458.913208 0.658255 18.369059 0.000000 18.369059
5.776827 237.381271 0.656669 24.392075 0.000000 24.392075
82.996475 295.083008 0.654026 37.538074 0.000000 37.538074
124.153259 189.363480 0.652940 22.918434 0.000000 22.918434
465.659027 200.658936 0.652733 20.333044 0.000000 20.333044
342.741852 350.819794 0.650406 30.494995 0.000000 30.494995
366.582733 250.422668 0.649510 54.130806 0.000000 54.130806
71.904770 383.146484 0.646347 29.769995 0.000000 29.769995
34.472210 276.247498 0.644117 513.509033 0.000000 513.509033
542.119751 425.937073 0.642214 34.855911 0.000000 34.855911
6.500000 207.500000 0.639341 26.779186 0.000000 26.779186
498.500000 200.373810 0.639329 22.888580 0.000000 22.888580
54.115131 293.500000 0.637335 30.205254 0.000000 30.205254
460.250946 178.322556 0.637106 57.699474 0.000000 57.699474
38.081718 393.394775 0.633543 32.891621 0.000000 32.891621
157.277222 272.729889 0.632344 35.422813 0.000000 35.422813
267.148743 271.829590 0.630798 21.697821 0.000000 21.697821
356.906403 185.722305 0.630487 180.003479 0.000000 180.003479
607.921570 140.737732 0.629640 22.776237 0.000000 22.776237
48.934406 344.117096 0.626152 24.392075 0.000000 24.392075
83.009644 363.178223 0.624463 33.376793 0.000000 33.376793
238.070282 387.276184 0.622048 18.112890 0.000000 18.112890
312.163788 282.782013 0.621973 75.659271 0.000000 75.659271
274.431335 178.123337 0.620515 24.252851 0.000000 24.252851
283.434418 216.799652 0.619785 51.672329 0.000000 51.672329
433.745483 331.249634 0.618501 27.882250 0.000000 27.882250
538.088379 280.765411 0.617904 7850.173340 0.000000 7850.173340
309.200348 385.270874 0.617813 501.405701 0.000000 501.405701
610.803955 150.695740 0.617716 20.303787 0.000000 20.303787
111.500000 428.969391 0.616197 16.747185 0.000000 16.747185
103.141396 313.732483 0.615988 112.654510 0.000000 112.654510
115.903770 220.983276 0.615332 173.681412 0.000000 173.681412
89.628708 317.075836 0.614862 26.260288 0.000000 26.260288
5.239056 279.134705 0.614097 19.882116 0.000000 19.882116
518.734863 347.500000 0.613125 81.148315 0.000000 81.148315
275.855560 328.901428 0.612557 54.110764 0.000000 54.110764
67.175613 298.500000 0.610494 24.392075 0.000000 24.392075
178.458939 260.318359 0.609409 33.274773 0.000000 33.274773
477.585266 192.854034 0.608380 18.637196 0.000000 18.637196
502.970276 299.660400 0.607420 19.301626 0.000000 19.301626
57.447254 203.500000 0.607052 277.026459 0.000000 277.026459
522.925110 178.196091 0.606855 24.337374 0.000000 24.337374
61.500000 203.500000 0.606828 154.880035 0.000000 154.880035
73.500000 179.854584 0.606714 36.628464 0.000000 36.628464
561.242554 432.495483 0.604194 17.822977 0.000000 17.822977
330.083008 258.509369 0.604025 35.875751 0.000000 35.875751
57.228504 176.608673 0.602366 34.604912 0.000000 34.604912
78.481461 320.168579 0.602158 51.065151 0.000000 51.065151
111.212814 185.234192 0.601492 19.790991 0.000000 19.790991
218.978577 452.227539 0.600630 23.428694 0.000000 23.428694
223.075607 336.053619 0.600065 411.905304 0.000000 411.905304
125.084435 388.704224 0.599042 17.162764 0.000000 17.162764
563.612183 293.600372 0.595492 24.392075 0.000000 24.392075
288.500000 174.170135 0.595147 19.210730 0.000000 19.210730
348.688873 210.966339 0.592387 17.555948 0.000000 17.555948
127.271049 433.284485 0.592093 22.443623 0.000000 22.443623
249.045853 406.026550 0.591742 16.208549 0.000000 16.208549
539.660706 321.741364 0.591382 2049.916992 0.000000 2049.916992
138.701523 334.962219 0.590648 77.198242 0.000000 77.198242
153.339905 236.211731 0.590266 308.878906 0.000000 308.878906
219.500000 190.493820 0.587888 17.808765 0.000000 17.808765
372.941620 444.500000 0.587487 18.766172 0.000000 18.766172
117.427269 214.659393 0.587470 51.992683 0.000000 51.992683
117.134384 391.832275 0.587356 24.392075 0.000000 24.392075
578.916138 265.297699 0.587117 24.392075 0.000000 24.392075
253.500000 420.394501 0.586975 24.392075 0.000000 24.392075
114.102913 326.469940 0.586866 19.858736 0.000000 19.858736
122.126312 341.442596 0.586789 52.252728 0.000000 52.252728
137.081909 296.845520 0.586470 96.675667 0.000000 96.675667
575.500000 223.362183 0.585091 69.143738 0.000000 69.143738
35.573856 352.447235 0.583374 108.751968 0.000000 108.751968
229.500000 310.408325 0.582600 43.937443 0.000000 43.937443
431.506775 340.426117 0.582579 16.976921 0.000000 16.976921
489.842316 321.404510 0.581794 19.416925 0.000000 19.416925
339.057983 173.320786 0.580387 107.916634 0.000000 107.916634
600.556641 451.500000 0.577109 187.419662 0.000000 187.419662
206.500000 262.500000 0.576093 24.392075 0.000000 24.392075
441.382751 353.092041 0.575868 31.007364 0.000000 31.007364
18.216337 361.344116 0.575718 19.642626 0.000000 19.642626
393.238220 315.599579 0.575167 38.720009 0.000000 38.720009
564.066162 269.994629 0.573825 61.464176 0.000000 61.464176
518.583313 328.758667 0.573058 119.410294 0.000000 119.410294
310.996033 285.017426 0.571753 38.720009 0.000000 38.720009
339.500000 318.596222 0.570722 67.784279 0.000000 67.784279
477.500000 201.843353 0.567393 17.108051 0.000000 17.108051
128.500000 358.500000 0.567180 38.720009 0.000000 38.720009
378.500000 341.213074 0.567041 30.613455 0.000000 30.613455
148.700500 410.897278 0.566430 17.151478 0.000000 17.151478
501.258026 428.797791 0.566318 38.720009 0.000000 38.720009
195.794067 430.252258 0.565393 22.275364 0.000000 22.275364
425.062225 334.855988 0.564728 28.343273 0.000000 28.343273
279.691376 434.869507 0.564475 32.020981 0.000000 32.020981
563.237671 238.333115 0.563828 619.520264 0.000000 619.520264
253.615021 353.857513 0.563484 83.639771 0.000000 83.639771
257.105255 254.441696 0.561237 210.070404 0.000000 210.070404
405.287994 425.517578 0.561095 20.943026 0.000000 20.943026
96.351982 268.633850 0.560567 32.399097 0.000000 32.399097
418.239410 294.500000 0.560486 22.892550 0.000000 22.892550
38.610893 307.965240 0.560178 154.880035 0.000000 154.880035
528.738953 344.177307 0.558761 19.733858 0.000000 19.733858
599.136353 287.231720 0.558268 19.996225 0.000000 19.996225
94.500000 325.500000 0.558150 26.570030 0.000000 26.570030
313.500000 330.500000 0.558014 29.001123 0.000000 29.001123
215.575729 319.500000 0.557731 94.653725 0.000000 94.653725
151.474548 286.065796 0.557273 34.292927 0.000000 34.292927
4.201667 418.387695 0.557045 32.198196 0.000000 32.198196
444.648651 182.998138 0.556967 193.438004 0.000000 193.438004
445.002350 187.500000 0.556120 88.352661 0.000000 88.352661
455.210999 365.059082 0.552975 27.808968 0.000000 27.808968
422.173889 416.407990 0.552936 30.121618 0.000000 30.121618
248.500000 264.471649 0.552465 31.784565 0.000000 31.784565
385.077362 194.560638 0.552157 65.642937 0.000000 65.642937
443.792603 261.308472 0.552008 28.675474 0.000000 28.675474
580.500000 394.246735 0.551461 19.438112 0.000000 19.438112
44.036449 277.500000 0.550421 61.464176 0.000000 61.464176
596.173340 184.121201 0.550350 97.568314 0.000000 97.568314
201.388351 356.999115 0.547699 18.348774 0.000000 18.348774
156.508011 175.791916 0.546663 74.546707 0.000000 74.546707
552.502808 265.500000 0.544824 26.242962 0.000000 26.242962
537.670044 453.500000 0.544603 42.956673 0.000000 42.956673
58.500000 381.500000 0.544268 24.392075 0.000000 24.392075
21.675545 391.500000 0.544106 66.623505 0.000000 66.623505
433.773743 296.130768 0.543962 20.513075 0.000000 20.513075
210.806747 181.500000 0.542502 180.790512 0.000000 180.790512
228.024933 289.901459 0.542209 20.689352 0.000000 20.689352
315.500000 216.386398 0.540939 57.873985 0.000000 57.873985
575.500000 450.372803 0.538704 140.775772 0.000000 140.775772
569.824707 327.654083 0.538240 29.631313 0.000000 29.631313
315.164429 452.937469 0.537216 24.392075 0.000000 24.392075
536.500000 274.744415 0.536548 60.560200 0.000000 60.560200
120.754219 184.845566 0.536097 78.178047 0.000000 78.178047
227.964661 389.603485 0.536052 34.691097 0.000000 34.691097
136.451157 388.659637 0.535863 82.143066 0.000000 82.143066
463.887817 174.985458 0.535795 19.742968 0.000000 19.742968
419.500000 267.644409 0.535615 18.670036 0.000000 18.670036
180.025131 373.188629 0.535324 28.071026 0.000000 28.071026
95.237564 264.187683 0.533910 97.568314 0.000000 97.568314
110.904335 279.507172 0.533795 16.531755 0.000000 16.531755
241.737518 306.266083 0.533654 36.518024 0.000000 36.518024
283.500000 299.500000 0.533479 390.273254 0.000000 390.273254
270.835297 203.146439 0.533089 37.211052 0.000000 37.211052
318.500000 419.500000 0.531335 29.963491 0.000000 29.963491
105.500000 348.500000 0.530347 47.653427 0.000000 47.653427
458.015747 245.052246 0.529436 71.569580 0.000000 71.569580
42.879372 343.500000 0.529424 619.520264 0.000000 619.520264
419.620239 253.621948 0.529183 22.701038 0.000000 22.701038
199.500000 253.500000 0.527825 154.880035 0.000000 154.880035
598.381897 369.173676 0.527764 536.603638 0.000000 536.603638
587.109009 183.500000 0.527330 97.568314 0.000000 97.568314
76.629280 391.778351 0.527236 20.494350 0.000000 20.494350
559.723511 303.731201 0.527111 19.133007 0.000000 19.133007
552.969788 274.380035 0.527108 25.342110 0.000000 25.342110
341.281830 219.725616 0.526345 32.728020 0.000000 32.728020
591.029419 163.500000 0.525200 36.189190 0.000000 36.189190
601.491577 219.992432 0.524493 22.087385 0.000000 22.087385
18.943916 301.366760 0.524127 18.393717 0.000000 18.393717
332.360229 302.095947 0.523744 22.221788 0.000000 22.221788
401.372986 211.500000 0.522172 19.934298 0.000000 19.934298
254.977402 317.161346 0.521581 23.757685 0.000000 23.757685
248.457794 251.546875 0.521274 43.669418 0.000000 43.669418
362.519226 367.156311 0.519916 55.942204 0.000000 55.942204
497.843079 203.899155 0.519799 1253.683350 0.000000 1253.683350
431.500000 230.251099 0.517858 19.009834 0.000000 19.009834
517.500000 418.354828 0.517306 144.593781 0.000000 144.593781
413.317322 442.402618 0.517113 85.459076 0.000000 85.459076
413.953339 315.500000 0.516896 119.294037 0.000000 119.294037
114.590210 319.500000 0.516667 85.207451 0.000000 85.207451
205.058456 446.500000 0.516112 52.572983 0.000000 52.572983
498.751465 236.872513 0.515910 286.593842 0.000000 286.593842
611.500000 220.132507 0.515354 22.387112 0.000000 22.387112
455.500000 427.171722 0.515343 20.540075 0.000000 20.540075
120.500000 213.933395 0.515088 20.949110 0.000000 20.949110
100.696854 394.472717 0.514061 80.162308 0.000000 80.162308
178.390884 265.500000 0.513260 122.149384 0.000000 122.149384
327.193573 459.077087 0.512720 37.774246 0.000000 37.774246
22.028805 343.158630 0.512618 20.730261 0.000000 20.730261
42.942905 226.382950 0.512405 48.555756 0.000000 48.555756
561.146301 427.901184 0.512318 56.964722 0.000000 56.964722
281.106964 293.727722 0.512236 23.451910 0.000000 23.451910
367.230743 420.498779 0.511942 82.232758 0.000000 82.232758
298.500000 421.254669 0.511792 26.239098 0.000000 26.239098
173.505920 392.500000 0.509600 28.834036 0.000000 28.834036
435.254486 244.464661 0.508960 87.468987 0.000000 87.468987
48.894028 339.500000 0.508874 76.867081 0.000000 76.867081
493.871185 459.836761 0.508681 21.777176 0.000000 21.777176
96.753120 395.187775 0.508143 18.617802 0.000000 18.617802
104.778511 443.853760 0.506871 58.042648 0.000000 58.042648
607.095642 368.500000 0.506045 20.598946 0.000000 20.598946
425.062988 175.500000 0.505924 24.392075 0.000000 24.392075
580.172546 344.767944 0.504787 76.659142 0.000000 76.659142
289.523102 173.241699 0.504418 44.212101 0.000000 44.212101
583.226624 268.258270 0.503900 101.866402 0.000000 101.866402
406.100159 206.718384 0.503658 79.319252 0.000000 79.319252
326.004395 167.977539 0.503382 34.126026 0.000000 34.126026
258.751556 241.028778 0.501947 24.392075 0.000000 24.392075
518.388306 247.645355 0.501197 33.420879 0.000000 33.420879
210.793320 179.500000 0.500911 97.568314 0.000000 97.568314
494.500000 280.500000 0.500582 15.366042 0.000000 15.366042
135.045639 415.935547 0.500151 29.946991 0.000000 29.946991
234.410110 367.802307 0.498776 26.780647 0.000000 26.780647
364.188538 168.396194 0.498207 158.689743 0.000000 158.689743
210.181015 177.500000 0.497587 61.464176 0.000000 61.464176
191.722672 391.952606 0.497544 17.785337 0.000000 17.785337
132.795151 395.434692 0.496597 18.145473 0.000000 18.145473
178.961334 273.062531 0.495732 24.852203 0.000000 24.852203
216.718506 267.500000 0.494698 55.828449 0.000000 55.828449
113.500000 314.574585 0.494042 20.392334 0.000000 20.392334
278.500000 285.981293 0.493514 38.720009 0.000000 38.720009
24.091965 192.298508 0.492666 58.064209 0.000000 58.064209
136.563828 429.982971 0.492530 29.280720 0.000000 29.280720
311.500000 179.500000 0.491882 163.078293 0.000000 163.078293
561.608215 127.537430 0.491263 2226.106445 0.000000 2226.106445
317.918884 377.816925 0.491093 18.541473 0.000000 18.541473
58.200439 384.661499 0.490085 22.796587 0.000000 22.796587
170.424927 195.933380 0.489911 55.148914 0.000000 55.148914
5.650467 390.833557 0.489897 18.348930 0.000000 18.348930
470.743561 362.839325 0.489003 20.000328 0.000000 20.000328
556.689087 438.284332 0.488067 24.392075 0.000000 24.392075
448.500000 248.500000 0.488039 15.366042 0.000000 15.366042
267.500000 376.299103 0.487753 16.037701 0.000000 16.037701
85.451981 348.174133 0.487472 30.610174 0.000000 30.610174
433.979614 229.050125 0.487428 84.748581 0.000000 84.748581
431.871979 366.154144 0.487280 25.309887 0.000000 25.309887
66.075439 344.908173 0.486829 43.230465 0.000000 43.230465
416.500000 303.718353 0.486489 38.720009 0.000000 38.720009
189.500000 342.810150 0.486362 115.690231 0.000000 115.690231
161.500000 361.104309 0.486180 30.344219 0.000000 30.344219
250.500000 329.573578 0.485335 38.720009 0.000000 38.720009
138.718323 177.965836 0.485201 21.921165 0.000000 21.921165
358.500000 159.500000 0.484798 20.622234 0.000000 20.622234
432.156494 350.500000 0.484612 19.732380 0.000000 19.732380
335.500000 169.500000 0.484130 24.392075 0.000000 24.392075
291.500000 335.500000 0.483990 311.055878 0.000000 311.055878
13.108256 386.500000 0.481946 21.445171 0.000000 21.445171
408.244080 437.904938 0.480613 28.866713 0.000000 28.866713
315.500000 330.071716 0.479794 71.581894 0.000000 71.581894
70.512871 457.944122 0.479576 17.695051 0.000000 17.695051
170.500000 181.500000 0.479150 57.801964 0.000000 57.801964
43.500000 337.500000 0.479082 168.064896 0.000000 168.064896
383.841339 441.429901 0.478876 20.287783 0.000000 20.287783
398.850830 429.500000 0.478503 48.474072 0.000000 48.474072
101.153336 397.500000 0.478492 31.747101 0.000000 31.747101
197.919403 201.500000 0.477663 29.610703 0.000000 29.610703
365.289459 408.010071 0.477470 19.546371 0.000000 19.546371
20.566490 235.500000 0.477410 154.880035 0.000000 154.880035
39.749622 296.263000 0.477357 74.799744 0.000000 74.799744
63.500000 255.001602 0.476835 97.568314 0.000000 97.568314
243.014603 457.500000 0.476625 26.933868 0.000000 26.933868
291.379059 183.500000 0.475540 20.841955 0.000000 20.841955
40.715454 348.915771 0.474549 18.875647 0.000000 18.875647
204.458633 298.603363 0.474518 472.077179 0.000000 472.077179
513.210754 432.500000 0.474377 22.960255 0.000000 22.960255
234.780289 459.798798 0.474095 24.341412 0.000000 24.341412
42.500000 294.500000 0.474021 24.392075 0.000000 24.392075
467.787567 363.500000 0.472710 75.696487 0.000000 75.696487
479.437622 272.260986 0.472441 17.536182 0.000000 17.536182
134.500000 291.270569 0.471299 30.384548 0.000000 30.384548
323.939209 177.392136 0.471193 31.446827 0.000000 31.446827
459.500000 241.500000 0.470887 38.542343 0.000000 38.542343
457.704773 226.469406 0.470830 25.521193 0.000000 25.521193
333.194092 283.786804 0.469658 18.745724 0.000000 18.745724
302.500000 221.500000 0.469427 15.970155 0.000000 15.970155
49.884129 254.968079 0.469417 28.043919 0.000000 28.043919
223.042557 288.517059 0.467999 4283.933594 0.000000 4283.933594
365.344635 306.229980 0.466760 54.863255 0.000000 54.863255
585.159668 423.170868 0.466435 29.712416 0.000000 29.712416
49.390636 262.684326 0.466351 101.972481 0.000000 101.972481
36.798897 282.852325 0.466349 19.734875 0.000000 19.734875
115.159203 369.032501 0.465878 21.146757 0.000000 21.146757
473.191650 248.589676 0.465706 21.234928 0.000000 21.234928
237.652435 430.181427 0.465666 147.890015 0.000000 147.890015
46.500000 395.500000 0.465325 17.814753 0.000000 17.814753
333.033020 314.436615 0.465220 50.903126 0.000000 50.903126
116.500000 247.147766 0.464993 15.366042 0.000000 15.366042
85.500000 395.381439 0.464801 189.839294 0.000000 189.839294
612.500000 272.026123 0.464303 23.829332 0.000000 23.829332
400.718170 280.289642 0.463553 70.183426 0.000000 70.183426
23.500000 378.500000 0.463321 15.366042 0.000000 15.366042
210.388840 335.751740 0.462939 17.006174 0.000000 17.006174
219.620270 343.851868 0.462875 27.882486 0.000000 27.882486
233.173691 426.679840 0.462596 24.392075 0.000000 24.392075
303.884460 312.026215 0.462577 99.295776 0.000000 99.295776
169.100189 271.500000 0.462506 36.033710 0.000000 36.033710
323.596344 388.684845 0.462200 38.720009 0.000000 38.720009
277.467712 186.500000 0.462059 17.863415 0.000000 17.863415
342.500000 228.843567 0.461707 26.588202 0.000000 26.588202
259.235107 181.691559 0.461479 28.804655 0.000000 28.804655
304.500000 412.500000 0.461288 54.902939 0.000000 54.902939
347.934662 450.500000 0.461260 15.383243 0.000000 15.383243
188.103531 192.500000 0.461196 24.392075 0.000000 24.392075
299.500000 339.500000 0.460672 619.520264 0.000000 619.520264
19.181707 195.500000 0.460210 18.437737 0.000000 18.437737
219.050003 174.825836 0.459742 19.529800 0.000000 19.529800
125.500000 284.105591 0.459129 23.601265 0.000000 23.601265
80.500000 319.500000 0.458939 24.392075 0.000000 24.392075
229.500000 452.348419 0.457956 18.251116 0.000000 18.251116
347.240509 414.500000 0.457702 37.156628 0.000000 37.156628
302.998383 198.030579 0.456672 26.702263 0.000000 26.702263
465.500000 434.500000 0.456622 38.720009 0.000000 38.720009
62.512280 391.500000 0.456586 165.784714 0.000000 165.784714
498.260925 271.500000 0.455683 128.717453 0.000000 128.717453
12.821772 270.500000 0.455426 28.150192 0.000000 28.150192
267.093445 194.500000 0.455396 24.392075 0.000000 24.392075
415.500000 429.832031 0.454317 47.901592 0.000000 47.901592
585.500000 436.861328 0.454246 61.464176 0.000000 61.464176
340.457733 236.999496 0.453925 22.107851 0.000000 22.107851
476.838959 321.500000 0.453637 97.568314 0.000000 97.568314
422.750519 399.387604 0.452877 24.392075 0.000000 24.392075
413.609497 414.723572 0.452442 20.365068 0.000000 20.365068
152.155655 258.769287 0.451992 2088.944824 0.000000 2088.944824
466.500000 434.500000 0.451925 38.720009 0.000000 38.720009
591.662476 331.237793 0.451779 28.175508 0.000000 28.175508
383.500000 194.500000 0.451189 24.392075 0.000000 24.392075
269.220001 341.294861 0.450686 43.980389 0.000000 43.980389
213.760010 328.652313 0.450661 21.920876 0.000000 21.920876
439.356049 205.500000 0.450517 80.825432 0.000000 80.825432
516.500000 231.034393 0.450182 15.366042 0.000000 15.366042
31.500000 250.405350 0.449813 24.392075 0.000000 24.392075
130.500000 196.653366 0.449034 57.497509 0.000000 57.497509
65.986458 398.702728 0.448488 29.193459 0.000000 29.193459
27.500000 291.788513 0.448442 24.392075 0.000000 24.392075
436.584198 404.758545 0.448422 19.416935 0.000000 19.416935
517.070190 309.422180 0.447573 241.179886 0.000000 241.179886
280.556915 379.884705 0.447559 70.384682 0.000000 70.384682
216.670090 320.662415 0.447376 24.392075 0.000000 24.392075
118.688705 386.233612 0.447286 110.845612 0.000000 110.845612
443.500000 310.860168 0.447128 17.927198 0.000000 17.927198
251.928146 377.297180 0.446776 115.724556 0.000000 115.724556
249.013016 320.016846 0.446677 109.818420 0.000000 109.818420
282.100250 253.999146 0.446495 30.302847 0.000000 30.302847
191.500000 250.896652 0.446335 38.720009 0.000000 38.720009
79.999184 293.146057 0.445557 6973.515137 0.000000 6973.515137
451.500000 302.500000 0.445353 47.783855 0.000000 47.783855
401.924652 383.110260 0.445186 50.346249 0.000000 50.346249
598.000793 368.412750 0.445001 35.486187 0.000000 35.486187
567.976135 341.219421 0.444642 25.159660 0.000000 25.159660
161.913101 371.771851 0.444323 689.217834 0.000000 689.217834
149.485504 327.500000 0.444292 32.042439 0.000000 32.042439
551.825378 356.570984 0.443383 45.641113 0.000000 45.641113
4.385022 292.915131 0.443298 47.975422 0.000000 47.975422
383.633148 443.906158 0.443278 49.734081 0.000000 49.734081
94.020950 176.500000 0.443088 24.392075 0.000000 24.392075
456.183075 393.500000 0.442361 43.943340 0.000000 43.943340
146.313065 335.076782 0.442277 21.929253 0.000000 21.929253
394.000946 392.269012 0.442145 18.682941 0.000000 18.682941
78.828918 444.264832 0.442073 22.137800 0.000000 22.137800
568.790100 165.773102 0.441471 47.584129 0.000000 47.584129
21.581604 270.955566 0.441452 25.336456 0.000000 25.336456
491.500000 408.286133 0.441209 88.054314 0.000000 88.054314
441.500000 205.124878 0.441152 102.715836 0.000000 102.715836
297.177521 244.683502 0.440758 46.656754 0.000000 46.656754
344.857391 302.205688 0.440249 85.158211 0.000000 85.158211
509.361298 230.500000 0.439698 3933.708984 0.000000 3933.708984
483.062744 181.500000 0.439548 72.966866 0.000000 72.966866
420.479034 349.299469 0.439252 27.230156 0.000000 27.230156
396.858551 452.967255 0.439049 41.549725 0.000000 41.549725
507.500000 421.500000 0.438900 24.392075 0.000000 24.392075
20.542013 290.231384 0.437907 16.532774 0.000000 16.532774
406.500000 304.546234 0.437801 20.909393 0.000000 20.909393
100.285400 308.500000 0.437494 44.060093 0.000000 44.060093
43.500000 175.696838 0.437207 28.228878 0.000000 28.228878
515.171936 243.084656 0.436644 21.333500 0.000000 21.333500
606.248718 188.653931 0.436608 20.046169 0.000000 20.046169
77.500000 339.500000 0.436085 163.959778 0.000000 163.959778
125.822365 453.988617 0.435334 134.375717 0.000000 134.375717
457.142639 388.500000 0.434653 19.284702 0.000000 19.284702
304.848114 440.167023 0.433100 29.938000 0.000000 29.938000
552.328186 172.208969 0.432605 15.474236 0.000000 15.474236
14.024001 315.493073 0.432603 43.590115 0.000000 43.590115
81.500000 448.500000 0.432284 61.464176 0.000000 61.464176
532.319580 424.944061 0.432258 33.121452 0.000000 33.121452
213.071304 390.252960 0.431790 44.523029 0.000000 44.523029
592.890808 174.539932 0.431029 336.220734 0.000000 336.220734
361.398468 444.290009 0.430688 24.392075 0.000000 24.392075
145.500000 181.500000 0.430627 18.272930 0.000000 18.272930
7.500000 357.500000 0.430101 18.383596 0.000000 18.383596
22.029346 425.675323 0.430027 19.734198 0.000000 19.734198
40.764519 347.500000 0.430019 33.348175 0.000000 33.348175
547.656006 451.240631 0.429981 31.370056 0.000000 31.370056
389.438171 330.792389 0.429476 74.216858 0.000000 74.216858
467.500000 359.500000 0.429337 51.436920 0.000000 51.436920
32.974529 244.423050 0.429209 22.547716 0.000000 22.547716
123.500000 221.500000 0.429099 61.464176 0.000000 61.464176
353.747253 337.716766 0.428808 96.613022 0.000000 96.613022
295.500000 221.441772 0.428793 18.185543 0.000000 18.185543
294.801971 199.815140 0.428389 22.935621 0.000000 22.935621
301.206726 427.858276 0.427827 15.654257 0.000000 15.654257
100.825478 309.760345 0.427676 24.392075 0.000000 24.392075
7.500000 211.500000 0.426902 128.563461 0.000000 128.563461
299.652374 440.888000 0.426776 18.214815 0.000000 18.214815
521.089417 432.645233 0.426623 32.033829 0.000000 32.033829
587.698486 433.147217 0.426214 26.040295 0.000000 26.040295
574.500000 401.607422 0.425992 44.901787 0.000000 44.901787
499.379089 443.278351 0.425818 36.462749 0.000000 36.462749
96.500000 336.972595 0.425455 49.175034 0.000000 49.175034
188.500000 383.721344 0.425254 15.874176 0.000000 15.874176
280.883820 422.500000 0.424795 20.366240 0.000000 20.366240
45.500000 334.073090 0.424424 55.599876 0.000000 55.599876
96.478989 352.102570 0.423744 19.516346 0.000000 19.516346
180.202850 430.976715 0.423734 17.821758 0.000000 17.821758
225.830414 187.700287 0.423363 23.908443 0.000000 23.908443
216.274353 190.500000 0.423319 56.247383 0.000000 56.247383
452.500000 450.392792 0.422945 20.081848 0.000000 20.081848
444.500000 339.500000 0.422582 24.836128 0.000000 24.836128
218.500000 208.500000 0.422181 61.464176 0.000000 61.464176
503.298218 355.187195 0.420352 42.983448 0.000000 42.983448
523.304016 367.111176 0.419577 34.318783 0.000000 34.318783
64.412285 375.614105 0.419471 18.752146 0.000000 18.752146
226.500000 418.500000 0.419414 38.720009 0.000000 38.720009
502.097107 330.400940 0.419298 21.836308 0.000000 21.836308
348.450134 437.406555 0.419248 31.043673 0.000000 31.043673
200.779846 420.583649 0.419133 27.650198 0.000000 27.650198
492.845459 260.436127 0.418863 1837.724243 0.000000 1837.724243
438.713409 423.491089 0.418828 33.301369 0.000000 33.301369
217.508255 211.287643 0.418454 25.289726 0.000000 25.289726
236.089905 307.741852 0.418308 263.095001 0.000000 263.095001
587.601318 455.782379 0.418236 17.994120 0.000000 17.994120
84.124741 379.440125 0.417881 21.086967 0.000000 21.086967
558.138550 337.876282 0.416646 192.331528 0.000000 192.331528
133.199249 325.675049 0.416467 38.720009 0.000000 38.720009
303.500000 315.498108 0.416410 39.248234 0.000000 39.248234
432.223907 457.792633 0.416132 59.393318 0.000000 59.393318
86.192558 277.650726 0.415958 18.212320 0.000000 18.212320
114.809464 419.507294 0.415921 38.720009 0.000000 38.720009
293.339325 381.378296 0.415597 27.635868 0.000000 27.635868
75.500000 183.500000 0.415537 158.853775 0.000000 158.853775
257.814453 230.355301 0.415394 15.761987 0.000000 15.761987
574.500000 425.099121 0.414611 45.884319 0.000000 45.884319
237.624680 444.432587 0.414163 36.154930 0.000000 36.154930
567.500000 163.051529 0.413637 125.848755 0.000000 125.848755
602.629578 233.469910 0.413467 113.582146 0.000000 113.582146
115.500000 417.500000 0.413326 61.464176 0.000000 61.464176
430.500000 303.500000 0.413042 19.869064 0.000000 19.869064
458.465179 460.040680 0.412609 35.897270 0.000000 35.897270
101.195427 409.859070 0.412442 26.437395 0.000000 26.437395
23.057264 456.405792 0.412008 17.914307 0.000000 17.914307
213.788177 458.916931 0.411516 29.548172 0.000000 29.548172
156.272110 180.049423 0.410617 36.521465 0.000000 36.521465
271.686218 389.825592 0.409123 34.459103 0.000000 34.459103
247.500000 349.648987 0.409101 283.497223 0.000000 283.497223
405.483948 301.332764 0.409071 80.570374 0.000000 80.570374
373.928253 436.713104 0.408465 33.123760 0.000000 33.123760
46.500000 332.190796 0.408455 24.392075 0.000000 24.392075
423.500000 187.500000 0.408376 245.856750 0.000000 245.856750
446.655457 171.500000 0.407848 24.392075 0.000000 24.392075
500.877991 356.767853 0.407615 32.968342 0.000000 32.968342
222.152908 370.178833 0.406868 35.299770 0.000000 35.299770
243.500000 163.500000 0.406850 547.081909 0.000000 547.081909
180.344040 443.876373 0.406427 36.989017 0.000000 36.989017
270.407013 311.942291 0.406305 28.642410 0.000000 28.642410
14.337930 418.017944 0.405626 27.934031 0.000000 27.934031
501.893616 197.500000 0.405055 76.885109 0.000000 76.885109
71.500000 299.900116 0.404993 120.917244 0.000000 120.917244
489.148010 454.500000 0.404314 16.866993 0.000000 16.866993
100.500000 454.736023 0.404005 32.514599 0.000000 32.514599
9.862375 216.809311 0.403782 20.230646 0.000000 20.230646
5.525455 187.500000 0.403355 24.392075 0.000000 24.392075
131.136856 193.500000 0.403255 20.369507 0.000000 20.369507
276.636993 448.969757 0.402655 30.048983 0.000000 30.048983
283.385986 339.722412 0.402512 97.568314 0.000000 97.568314
434.544342 347.500000 0.402430 318.053864 0.000000 318.053864
89.500000 393.500000 0.402051 38.720009 0.000000 38.720009
9.871652 353.413544 0.400785 71.473480 0.000000 71.473480
69.287674 251.574432 0.400198 17.022230 0.000000 17.022230
233.500000 332.265198 0.400117 83.592087 0.000000 83.592087
187.239609 190.009888 0.400033 118.167160 0.000000 118.167160
450.118591 448.824463 0.399718 81.539467 0.000000 81.539467
94.196899 362.775208 0.398812 18.581633 0.000000 18.581633
360.295074 442.500000 0.398599 48.321461 0.000000 48.321461
249.500000 291.500000 0.398428 18.368559 0.000000 18.368559
432.562469 231.500000 0.398109 52.180622 0.000000 52.180622
292.585907 414.315704 0.398002 21.215557 0.000000 21.215557
17.500000 280.187927 0.398001 132.186142 0.000000 132.186142
195.500000 462.500000 0.397982 25.083000 0.000000 25.083000
257.500000 353.500000 0.397852 36.002560 0.000000 36.002560
402.114655 388.084869 0.397487 815.519653 0.000000 815.519653
456.282959 301.100586 0.397034 104.097633 0.000000 104.097633
43.500000 198.500000 0.396938 24.392075 0.000000 24.392075
375.500000 397.768829 0.396934 25.682467 0.000000 25.682467
421.742157 325.753326 0.396927 30.456083 0.000000 30.456083
82.370377 250.340225 0.396903 18.679026 0.000000 18.679026
342.949554 453.500000 0.396388 97.568314 0.000000 97.568314
302.309509 278.500000 0.396225 1709.882935 0.000000 1709.882935
597.500000 388.325928 0.396177 27.965250 0.000000 27.965250
533.408997 398.199921 0.396134 16.033407 0.000000 16.033407
490.825226 299.658478 0.395250 92.030579 0.000000 92.030579
612.961060 279.836639 0.394907 15.808334 0.000000 15.808334
384.376190 454.672607 0.394721 25.460442 0.000000 25.460442
185.468643 417.880463 0.394673 37.192646 0.000000 37.192646
96.149933 249.171036 0.394648 27.736460 0.000000 27.736460
204.500000 267.500000 0.393989 24.392075 0.000000 24.392075
495.500000 294.158508 0.392832 24.560314 0.000000 24.560314
377.500000 378.514893 0.392129 37.230076 0.000000 37.230076
549.500000 242.517075 0.391805 49.353516 0.000000 49.353516
83.185791 254.742035 0.390848 61.464176 0.000000 61.464176
385.500000 253.383896 0.390524 27.034058 0.000000 27.034058
367.500000 334.500000 0.390169 24.392075 0.000000 24.392075
227.227753 375.770233 0.390047 26.595928 0.000000 26.595928
577.500000 457.218292 0.389768 20.855885 0.000000 20.855885
37.966785 455.500000 0.389704 16.600817 0.000000 16.600817
375.575287 305.131165 0.389519 21.606880 0.000000 21.606880
342.500000 455.500000 0.388361 37.943108 0.000000 37.943108
25.500000 193.332932 0.388218 24.392075 0.000000 24.392075
373.028778 438.308197 0.388181 63.442806 0.000000 63.442806
164.500000 442.044312 0.387598 24.392075 0.000000 24.392075
140.554230 236.500000 0.386953 22.326511 0.000000 22.326511
331.500000 309.500000 0.385889 154.880035 0.000000 154.880035
259.500000 385.500000 0.385570 79.156258 0.000000 79.156258
371.565552 211.500000 0.385478 23.197985 0.000000 23.197985
18.628382 177.729523 0.385455 75.101891 0.000000 75.101891
387.249542 420.347870 0.385236 21.659567 0.000000 21.659567
525.611755 284.897247 0.384499 35.679272 0.000000 35.679272
165.500000 235.625580 0.383637 22.228159 0.000000 22.228159
351.500000 186.712173 0.382885 478.026825 0.000000 478.026825
445.452911 458.451508 0.382694 72.690613 0.000000 72.690613
267.464386 361.381104 0.382650 36.308224 0.000000 36.308224
394.319611 443.358978 0.382279 21.077333 0.000000 21.077333
310.595276 387.363831 0.381863 34.511719 0.000000 34.511719
202.416748 314.500000 0.381565 24.392075 0.000000 24.392075
27.633453 392.500000 0.380452 22.391909 0.000000 22.391909
138.147369 254.870255 0.380175 23.900269 0.000000 23.900269
108.766502 248.457779 0.380138 15.366042 0.000000 15.366042
113.500000 436.597229 0.380102 20.227329 0.000000 20.227329
431.605438 358.775635 0.379958 28.698332 0.000000 28.698332
479.500000 305.500000 0.378938 16.008436 0.000000 16.008436
223.871429 364.441742 0.378654 18.244841 0.000000 18.244841
154.903580 257.831970 0.378621 24.392075 0.000000 24.392075
83.449295 268.500000 0.378584 26.191397 0.000000 26.191397
293.807953 257.123596 0.378348 138.052139 0.000000 138.052139
267.500000 299.500000 0.378162 53.873573 0.000000 53.873573
279.500000 378.640778 0.378129 38.720009 0.000000 38.720009
57.242275 354.826019 0.377145 67.528946 0.000000 67.528946
11.028991 195.764893 0.377124 24.132061 0.000000 24.132061
184.589066 390.500000 0.377123 52.733593 0.000000 52.733593
374.654694 314.155273 0.376871 16.663656 0.000000 16.663656
249.544617 449.986664 0.376682 16.989468 0.000000 16.989468
341.500000 427.500000 0.376524 28.854570 0.000000 28.854570
64.367401 277.500000 0.376484 70.877304 0.000000 70.877304
26.655388 211.261642 0.376413 61.464176 0.000000 61.464176
503.500000 280.500000 0.376366 15.366042 0.000000 15.366042
173.866638 300.500000 0.376328 16.936954 0.000000 16.936954
229.500000 385.500000 0.376284 97.568314 0.000000 97.568314
176.732773 359.500000 0.376069 62.569893 0.000000 62.569893
299.922821 390.500000 0.375843 35.696537 0.000000 35.696537
330.925751 196.806976 0.375808 180.825241 0.000000 180.825241
232.446503 294.922333 0.375797 46.950665 0.000000 46.950665
434.967499 396.729034 0.375613 16.588980 0.000000 16.588980
303.500000 397.500000 0.375417 15.366042 0.000000 15.366042
550.064880 457.500000 0.375039 18.348309 0.000000 18.348309
189.991867 369.428986 0.373426 390.273254 0.000000 390.273254
109.453659 297.902283 0.373293 19.236637 0.000000 19.236637
473.500000 416.500000 0.372967 17.563841 0.000000 17.563841
110.500000 320.355072 0.372370 24.392075 0.000000 24.392075
503.780273 341.837250 0.372361 32.588715 0.000000 32.588715
531.519958 155.500000 0.372254 28.389530 0.000000 28.389530
277.500000 194.317184 0.372122 61.464176 0.000000 61.464176
461.108459 197.500000 0.371899 86.689232 0.000000 86.689232
154.190994 371.500000 0.371586 26.566452 0.000000 26.566452
334.788483 449.093018 0.371439 22.185305 0.000000 22.185305
174.500000 199.500000 0.370881 15.366042 0.000000 15.366042
63.783436 227.500000 0.370871 97.568314 0.000000 97.568314
141.785431 175.500000 0.370861 97.568314 0.000000 97.568314
462.209686 319.491486 0.370734 22.354815 0.000000 22.354815
107.500000 217.500000 0.370680 36.434193 0.000000 36.434193
427.500000 245.500000 0.370552 245.856750 0.000000 245.856750
381.500000 333.500000 0.370529 245.856750 0.000000 245.856750
575.500000 186.500000 0.369963 51.808319 0.000000 51.808319
37.502571 177.163742 0.369848 106.893532 0.000000 106.893532
394.084595 174.334793 0.369532 99.861824 0.000000 99.861824
459.500000 332.500000 0.369376 38.720009 0.000000 38.720009
180.723358 439.500000 0.369291 141.920731 0.000000 141.920731
299.494812 219.500000 0.369238 361.155182 0.000000 361.155182
281.951569 259.500000 0.369203 19.636269 0.000000 19.636269
281.077820 415.785278 0.368094 26.101654 0.000000 26.101654
10.263532 365.425903 0.368085 28.930971 0.000000 28.930971
383.896088 245.500000 0.367921 133.246399 0.000000 133.246399
530.250488 378.759521 0.367865 19.286139 0.000000 19.286139
83.371262 306.500000 0.367420 18.793867 0.000000 18.793867
182.309570 345.707916 0.367078 30.826324 0.000000 30.826324
119.500000 306.500000 0.366835 24.392075 0.000000 24.392075
249.871536 271.597900 0.366674 49.099277 0.000000 49.099277
252.386337 230.753098 0.366379 73.104134 0.000000 73.104134
322.367340 309.496918 0.366229 500.092468 0.000000 500.092468
38.842896 362.022430 0.366221 31.562181 0.000000 31.562181
516.738098 441.765778 0.365831 23.461508 0.000000 23.461508
419.500000 456.500000 0.365615 38.734585 0.000000 38.734585
446.500000 249.500000 0.365507 38.720009 0.000000 38.720009
410.500000 315.500000 0.365184 33.832569 0.000000 33.832569
205.228180 225.500000 0.364607 52.177971 0.000000 52.177971
17.131233 427.485596 0.364527 513.725342 0.000000 513.725342
473.933258 272.069885 0.364271 86.237610 0.000000 86.237610
182.500000 360.500000 0.364018 24.392075 0.000000 24.392075
81.156708 450.913452 0.363782 118.721672 0.000000 118.721672
221.500000 301.215363 0.363064 20.312799 0.000000 20.312799
526.500000 390.500000 0.362514 18.724386 0.000000 18.724386
585.850159 363.141693 0.361987 22.129194 0.000000 22.129194
227.500000 439.233978 0.361751 26.036425 0.000000 26.036425
162.871918 300.545929 0.361722 105.077240 0.000000 105.077240
21.819525 446.500000 0.361633 37.145454 0.000000 37.145454
135.500000 205.500000 0.360844 245.856750 0.000000 245.856750
447.752869 226.440948 0.360814 22.151417 0.000000 22.151417
565.673462 280.005951 0.360451 29.170538 0.000000 29.170538
35.773029 294.805634 0.360440 27.383268 0.000000 27.383268
552.688110 309.661377 0.360006 960.189026 0.000000 960.189026
518.625977 175.682999 0.359756 335.958679 0.000000 335.958679
527.154541 311.503510 0.359198 17.418095 0.000000 17.418095
15.500000 274.500000 0.358782 61.464176 0.000000 61.464176
377.282501 454.157806 0.358622 20.930143 0.000000 20.930143
365.957672 263.576263 0.358338 21.858107 0.000000 21.858107
390.405273 215.500000 0.358059 19.253267 0.000000 19.253267
76.500000 195.500000 0.357990 38.720009 0.000000 38.720009
538.721497 414.514099 0.357894 26.789122 0.000000 26.789122
570.919067 444.424408 0.357458 24.392075 0.000000 24.392075
424.170166 208.626236 0.357418 16.478714 0.000000 16.478714
494.765045 362.691376 0.357228 120.358459 0.000000 120.358459
159.152786 381.438599 0.357106 26.477350 0.000000 26.477350
66.204521 362.357758 0.357100 28.824856 0.000000 28.824856
165.993866 260.201080 0.356475 37.352524 0.000000 37.352524
232.797729 189.855789 0.355244 49.137810 0.000000 49.137810
558.500000 320.500000 0.355187 24.392075 0.000000 24.392075
91.500000 186.500000 0.355155 25.143204 0.000000 25.143204
11.602288 194.500000 0.355075 53.490021 0.000000 53.490021
232.741333 324.349304 0.354662 31.088619 0.000000 31.088619
255.829529 284.813568 0.354352 19.774902 0.000000 19.774902
105.875641 378.500000 0.353840 20.220425 0.000000 20.220425
225.928802 375.500000 0.353825 245.856750 0.000000 245.856750
4.302143 338.500000 0.353764 24.392075 0.000000 24.392075
28.191568 235.089218 0.353526 18.046562 0.000000 18.046562
336.171387 357.577911 0.353455 390.273254 0.000000 390.273254
377.975189 247.500000 0.353286 34.765038 0.000000 34.765038
472.500000 414.250031 0.353042 55.568527 0.000000 55.568527
569.293030 376.500000 0.352905 20.905548 0.000000 20.905548
260.500732 367.500000 0.352539 15.366042 0.000000 15.366042
264.500000 212.430222 0.352253 28.061769 0.000000 28.061769
48.338627 264.500000 0.351431 52.993523 0.000000 52.993523
455.500000 385.500000 0.351395 38.720009 0.000000 38.720009
195.897110 235.500000 0.351392 90.448753 0.000000 90.448753
320.500000 314.500000 0.351348 38.720009 0.000000 38.720009
495.348480 353.828705 0.351288 290.884613 0.000000 290.884613
123.500000 297.500000 0.351235 38.720009 0.000000 38.720009
175.069382 357.500000 0.351177 38.720009 0.000000 38.720009
545.065125 272.271606 0.351087 22.000528 0.000000 22.000528
101.980309 200.519119 0.350714 69.525650 0.000000 69.525650
20.520712 409.500000 0.350473 50.687309 0.000000 50.687309
38.500000 208.500000 0.350371 28.914364 0.000000 28.914364
22.903357 307.060333 0.350125 88.274437 0.000000 88.274437
492.500000 435.123962 0.349854 29.768600 0.000000 29.768600
348.166443 247.500000 0.349818 33.870796 0.000000 33.870796
200.111435 344.613281 0.349202 37.922585 0.000000 37.922585
390.210297 399.486511 0.349120 19.691166 0.000000 19.691166
34.893486 196.180801 0.348788 20.128038 0.000000 20.128038
521.851807 191.932465 0.348673 52.571640 0.000000 52.571640
557.500000 387.331238 0.348433 45.401749 0.000000 45.401749
4.411013 451.270081 0.348320 51.264206 0.000000 51.264206
307.678894 458.659637 0.348187 30.103788 0.000000 30.103788
554.227478 347.255737 0.347871 33.813148 0.000000 33.813148
253.623932 292.459808 0.347787 69.339561 0.000000 69.339561
354.669800 266.697296 0.347393 45.815205 0.000000 45.815205
524.202576 295.620758 0.347341 16.685286 0.000000 16.685286
4.500000 380.500000 0.347011 24.392075 0.000000 24.392075
74.500000 333.038940 0.346704 28.976288 0.000000 28.976288
277.020996 275.376892 0.346641 1451.648804 0.000000 1451.648804
124.595657 459.258667 0.346193 43.041550 0.000000 43.041550
429.500000 288.500000 0.346140 24.392075 0.000000 24.392075
445.753082 208.659805 0.345908 26.818489 0.000000 26.818489
83.068497 417.910187 0.345616 17.574697 0.000000 17.574697
180.834259 192.435745 0.345598 16.791502 0.000000 16.791502
269.531372 184.616058 0.345539 20.202353 0.000000 20.202353
137.062134 233.500000 0.345354 68.677414 0.000000 68.677414
15.167019 282.328156 0.344874 52.946041 0.000000 52.946041
517.404297 204.214035 0.344299 58.494408 0.000000 58.494408
165.833252 378.036530 0.344217 15.366042 0.000000 15.366042
518.207397 335.500000 0.344184 335.769989 0.000000 335.769989
146.500000 189.970688 0.343922 26.850225 0.000000 26.850225
205.571121 224.308655 0.343753 67.073517 0.000000 67.073517
102.500000 417.834381 0.343717 24.392075 0.000000 24.392075
141.344177 419.016144 0.343648 15.626041 0.000000 15.626041
283.844391 447.500000 0.343642 29.119316 0.000000 29.119316
266.580109 223.927094 0.343531 72.531006 0.000000 72.531006
364.680450 457.983704 0.343381 29.287703 0.000000 29.287703
279.975006 315.260071 0.343282 28.356943 0.000000 28.356943
391.546387 305.500000 0.343249 24.426775 0.000000 24.426775
27.310068 364.731934 0.342999 42.684799 0.000000 42.684799
46.500000 449.319336 0.342993 22.091595 0.000000 22.091595
227.402969 310.500000 0.342887 2001.145142 0.000000 2001.145142
359.216797 295.500000 0.342802 516.979553 0.000000 516.979553
434.519379 458.500000 0.342717 22.518549 0.000000 22.518549
350.706268 366.988831 0.342226 31.406816 0.000000 31.406816
200.764511 188.500000 0.341989 59.565475 0.000000 59.565475
575.500000 454.500000 0.341754 61.464176 0.000000 61.464176
51.894623 232.813187 0.341507 19.750286 0.000000 19.750286
333.378387 363.500000 0.341339 115.503944 0.000000 115.503944
157.854691 292.488770 0.341155 463.657410 0.000000 463.657410
159.001999 437.500000 0.340616 154.880035 0.000000 154.880035
114.853638 244.500000 0.340381 47.819790 0.000000 47.819790
77.468727 343.500000 0.340301 18.898491 0.000000 18.898491
143.071121 274.500000 0.340100 22.509634 0.000000 22.509634
578.365295 327.500000 0.340093 17.152725 0.000000 17.152725
298.500000 174.534134 0.340072 19.027435 0.000000 19.027435
473.500000 446.090271 0.340044 38.720009 0.000000 38.720009
45.424625 449.500000 0.339956 28.734264 0.000000 28.734264
286.965576 404.333954 0.339903 37.834900 0.000000 37.834900
580.269531 321.500000 0.339831 154.880035 0.000000 154.880035
469.500000 225.500000 0.339666 28.266640 0.000000 28.266640
345.277252 393.035645 0.339583 18.951708 0.000000 18.951708
242.033585 414.854126 0.339369 16.014530 0.000000 16.014530
383.500000 181.143234 0.339194 179.900558 0.000000 179.900558
435.500000 208.500000 0.339182 24.392075 0.000000 24.392075
85.450836 437.500000 0.339174 24.392075 0.000000 24.392075
261.290131 249.761948 0.338987 4734.766602 0.000000 4734.766602
346.011536 312.879456 0.338892 18.287630 0.000000 18.287630
583.632507 332.588837 0.338711 24.392075 0.000000 24.392075
547.083801 320.500000 0.338600 23.367506 0.000000 23.367506
409.500000 334.482666 0.338544 74.513748 0.000000 74.513748
264.036987 443.500000 0.338494 70.809654 0.000000 70.809654
539.003418 207.495270 0.338249 15.806997 0.000000 15.806997
476.880707 430.363037 0.338178 31.775356 0.000000 31.775356
476.961884 420.789276 0.338088 23.901752 0.000000 23.901752
137.696747 205.514114 0.337844 97.568314 0.000000 97.568314
267.500000 183.285324 0.337732 39.022587 0.000000 39.022587
418.160645 217.076157 0.337648 50.882008 0.000000 50.882008
291.999969 447.090515 0.337391 43.349152 0.000000 43.349152
373.769073 375.500000 0.336723 21.154003 0.000000 21.154003
184.500000 454.500000 0.335923 24.392075 0.000000 24.392075
368.500000 184.500000 0.335808 29.949121 0.000000 29.949121
255.500000 288.221405 0.335773 156.654663 0.000000 156.654663
418.798218 343.483093 0.335528 38.413780 0.000000 38.413780
92.781227 377.949982 0.335341 89.925240 0.000000 89.925240
515.189148 149.172592 0.335227 111.439781 0.000000 111.439781
507.520813 175.865494 0.334843 36.423462 0.000000 36.423462
64.144554 449.164948 0.334764 18.592430 0.000000 18.592430
529.373108 410.500000 0.334613 20.645741 0.000000 20.645741
575.037659 357.500000 0.334066 35.327297 0.000000 35.327297
36.296890 231.127640 0.333723 19.144514 0.000000 19.144514
576.065979 363.112030 0.333465 19.984283 0.000000 19.984283
284.539825 388.287201 0.333245 21.274002 0.000000 21.274002
460.500000 432.703827 0.332469 15.366042 0.000000 15.366042
15.500000 373.500000 0.332209 19.391644 0.000000 19.391644
421.641571 215.690186 0.331938 16.899200 0.000000 16.899200
350.500000 380.500000 0.331676 19.506939 0.000000 19.506939
162.940125 300.275116 0.331536 55.745010 0.000000 55.745010
291.918335 255.999664 0.331414 38.720009 0.000000 38.720009
205.500000 368.779846 0.330979 93.469734 0.000000 93.469734
4.457078 395.500000 0.330750 53.662041 0.000000 53.662041
149.856003 385.313599 0.330594 39.760136 0.000000 39.760136
550.454285 316.500000 0.330555 26.540489 0.000000 26.540489
284.267456 183.926559 0.330482 30.685497 0.000000 30.685497
455.125000 313.005859 0.330350 29.369522 0.000000 29.369522
81.731606 241.034180 0.330096 56.642307 0.000000 56.642307
37.373703 216.764557 0.330050 15.366042 0.000000 15.366042
13.714369 455.072540 0.329574 36.335995 0.000000 36.335995
450.500000 322.500000 0.329552 43.216522 0.000000 43.216522
390.500000 278.500000 0.329496 2478.081299 0.000000 2478.081299
538.967163 392.519928 0.329454 23.255047 0.000000 23.255047
397.350098 234.036011 0.329258 20.627085 0.000000 20.627085
551.800354 360.500000 0.328915 21.431297 0.000000 21.431297
233.095078 226.937637 0.328801 33.269142 0.000000 33.269142
244.500000 374.441803 0.328213 28.259363 0.000000 28.259363
349.130554 343.500000 0.328034 24.392075 0.000000 24.392075
115.500000 299.726227 0.328020 113.057350 0.000000 113.057350
268.403137 354.903839 0.327945 16.093451 0.000000 16.093451
480.500000 319.429504 0.327934 28.982664 0.000000 28.982664
323.975891 203.127197 0.327852 390.273254 0.000000 390.273254
4.614225 396.946350 0.327539 22.970366 0.000000 22.970366
516.354126 389.500000 0.327246 24.645445 0.000000 24.645445
21.084667 351.656403 0.327060 25.915758 0.000000 25.915758
249.863495 208.876266 0.326939 211.934998 0.000000 211.934998
245.465775 376.896637 0.326933 52.136166 0.000000 52.136166
529.776794 458.980774 0.326769 22.601706 0.000000 22.601706
385.158478 238.205872 0.326617 33.256916 0.000000 33.256916
123.500000 240.500000 0.326496 38.720009 0.000000 38.720009
459.500000 233.704498 0.326298 24.798918 0.000000 24.798918
458.817902 403.123749 0.325967 38.720009 0.000000 38.720009
21.500000 432.283966 0.325712 24.392075 0.000000 24.392075
212.500000 307.086487 0.324733 33.867058 0.000000 33.867058
289.893616 423.473114 0.324665 31.680050 0.000000 31.680050
406.500000 253.500000 0.324588 24.392075 0.000000 24.392075
538.881775 430.228668 0.324483 194.822388 0.000000 194.822388
144.413635 450.380707 0.324425 100.002747 0.000000 100.002747
26.500000 213.500000 0.324310 54.362103 0.000000 54.362103
545.500000 188.234787 0.324108 30.822311 0.000000 30.822311
248.627686 344.399353 0.324044 24.392075 0.000000 24.392075
341.100494 376.809113 0.323565 31.517673 0.000000 31.517673
459.500000 418.541351 0.323354 239.960922 0.000000 239.960922
348.401794 249.589355 0.323312 52.220966 0.000000 52.220966
255.500000 431.450897 0.323021 40.259228 0.000000 40.259228
195.317734 190.075226 0.322659 19.588219 0.000000 19.588219
38.344273 387.500000 0.322652 132.103256 0.000000 132.103256
263.500000 151.500000 0.322495 15.366042 0.000000 15.366042
275.718170 163.500000 0.322386 186.036438 0.000000 186.036438
192.500000 176.500000 0.322283 24.392075 0.000000 24.392075
528.808167 456.456787 0.322258 47.719845 0.000000 47.719845
12.296521 308.464447 0.322080 39.919453 0.000000 39.919453
31.024483 264.500000 0.321941 36.043522 0.000000 36.043522
522.037354 187.500000 0.321923 112.510132 0.000000 112.510132
169.500000 289.500000 0.321870 221.745621 0.000000 221.745621
250.549393 296.101044 0.321817 24.392075 0.000000 24.392075
251.228333 393.753204 0.321723 376.406006 0.000000 376.406006
427.801605 151.680374 0.321322 3342.561279 0.000000 3342.561279
575.255310 360.992981 0.321255 24.392075 0.000000 24.392075
171.500000 227.500000 0.321185 619.520264 0.000000 619.520264
21.500000 240.500000 0.321038 38.720009 0.000000 38.720009
88.913269 431.198517 0.320970 23.021563 0.000000 23.021563
460.982330 248.651672 0.320782 20.573435 0.000000 20.573435
436.950531 282.027740 0.320617 27.454014 0.000000 27.454014
487.445435 418.042419 0.320479 23.522125 0.000000 23.522125
45.500000 435.747986 0.320132 27.219004 0.000000 27.219004
268.020203 226.876404 0.320053 175.111145 0.000000 175.111145
592.500000 447.126007 0.320048 15.366042 0.000000 15.366042
6.336101 253.500000 0.319956 40.859886 0.000000 40.859886
490.558075 377.500000 0.319386 46.977226 0.000000 46.977226
501.500000 445.747284 0.318943 120.373276 0.000000 120.373276
98.806648 287.500000 0.318892 150.188232 0.000000 150.188232
440.776093 463.001129 0.318084 18.380518 0.000000 18.380518
561.656555 198.098373 0.317934 465.050964 0.000000 465.050964
597.329224 153.500000 0.317667 18.838064 0.000000 18.838064
511.500000 415.500000 0.317615 61.464176 0.000000 61.464176
589.581177 419.500000 0.317414 97.568314 0.000000 97.568314
44.899815 442.184296 0.317391 97.568314 0.000000 97.568314
77.648735 355.365906 0.317211 21.594954 0.000000 21.594954
308.368591 452.003540 0.317119 19.646362 0.000000 19.646362
55.500000 361.174164 0.317057 19.700964 0.000000 19.700964
435.418396 445.166626 0.316981 21.263771 0.000000 21.263771
48.500000 377.500000 0.316844 27.379761 0.000000 27.379761
543.500000 362.500000 0.316500 51.793583 0.000000 51.793583
151.938416 364.268860 0.316303 20.864758 0.000000 20.864758
418.500000 220.390533 0.316144 25.570965 0.000000 25.570965
99.629356 371.176178 0.315938 19.475891 0.000000 19.475891
267.130157 411.767517 0.315844 32.865421 0.000000 32.865421
109.468781 310.660889 0.315650 15.784176 0.000000 15.784176
153.197052 280.891388 0.315391 891.711670 0.000000 891.711670
126.559113 254.103760 0.315024 38.720009 0.000000 38.720009
233.117859 363.500000 0.314799 22.482630 0.000000 22.482630
292.500000 294.588654 0.314652 20.483261 0.000000 20.483261
46.051533 424.068481 0.314632 31.011948 0.000000 31.011948
505.500000 191.500000 0.314483 154.880035 0.000000 154.880035
145.423050 374.444885 0.314300 29.205910 0.000000 29.205910
574.197754 409.101959 0.314155 36.252037 0.000000 36.252037
207.333618 313.801819 0.314105 20.971687 0.000000 20.971687
463.727234 424.824280 0.314070 26.903423 0.000000 26.903423
368.500000 338.843719 0.313628 20.864588 0.000000 20.864588
498.758331 283.500000 0.313398 442.557495 0.000000 442.557495
21.585251 175.332092 0.311553 35.831299 0.000000 35.831299
446.500000 304.255768 0.311495 15.366042 0.000000 15.366042
279.933044 304.184662 0.311363 38.547962 0.000000 38.547962
263.671875 262.913422 0.311192 30.824074 0.000000 30.824074
252.233841 456.551270 0.311139 94.355270 0.000000 94.355270
350.002686 284.805115 0.310999 47.826141 0.000000 47.826141
526.417236 142.761047 0.310792 18.793350 0.000000 18.793350
552.419067 204.805191 0.310367 125.688347 0.000000 125.688347
586.809631 213.500000 0.310299 68.346497 0.000000 68.346497
298.500000 221.500000 0.310215 45.815865 0.000000 45.815865
91.500000 308.851410 0.310028 27.844082 0.000000 27.844082
525.267090 383.331635 0.309911 78.016571 0.000000 78.016571
85.500000 259.500000 0.309553 242.463058 0.000000 242.463058
29.149685 212.767746 0.309272 21.406370 0.000000 21.406370
211.500000 313.439362 0.309116 198.554977 0.000000 198.554977
271.882568 421.374542 0.308746 29.297142 0.000000 29.297142
347.641357 285.396088 0.308422 30.273293 0.000000 30.273293
405.500000 247.500000 0.308277 24.392075 0.000000 24.392075
80.741898 273.232239 0.308160 67.503807 0.000000 67.503807
343.500000 244.500000 0.308108 15.988865 0.000000 15.988865
300.697510 426.915771 0.307835 390.273254 0.000000 390.273254
191.657196 440.991516 0.307801 494.151581 0.000000 494.151581
235.441101 448.620361 0.307474 83.635292 0.000000 83.635292
405.450195 360.623596 0.307031 98.259155 0.000000 98.259155
530.960022 164.768784 0.306970 18.097235 0.000000 18.097235
465.500000 160.068619 0.306717 154.880035 0.000000 154.880035
116.500000 337.306458 0.306609 18.632681 0.000000 18.632681
308.500000 304.253784 0.306603 33.401733 0.000000 33.401733
328.543671 376.500000 0.306591 21.561346 0.000000 21.561346
165.500000 438.500000 0.306017 34.009598 0.000000 34.009598
270.041870 359.338501 0.305898 72.137383 0.000000 72.137383
71.017853 369.052551 0.305777 71.887230 0.000000 71.887230
84.500000 242.500000 0.305685 21.750965 0.000000 21.750965
551.500000 443.915192 0.305623 154.880035 0.000000 154.880035
329.500000 224.500000 0.305568 33.605663 0.000000 33.605663
228.433426 344.024658 0.305537 57.559681 0.000000 57.559681
502.396851 158.612701 0.305394 69.058342 0.000000 69.058342
88.528641 382.635010 0.305316 31.732841 0.000000 31.732841
441.775085 202.500000 0.305145 21.976376 0.000000 21.976376
556.200867 279.962158 0.305129 245.856750 0.000000 245.856750
550.296936 402.933746 0.305114 45.679626 0.000000 45.679626
248.076813 315.500000 0.304868 18.226044 0.000000 18.226044
417.645935 406.535370 0.304125 28.065235 0.000000 28.065235
438.500000 267.500000 0.304121 15.366042 0.000000 15.366042
49.239330 166.500000 0.304029 2478.081299 0.000000 2478.081299
324.294189 352.500000 0.303848 38.720009 0.000000 38.720009
70.034050 309.998932 0.303754 24.392075 0.000000 24.392075
338.339569 244.035568 0.303689 16.742638 0.000000 16.742638
119.253372 332.480347 0.303493 19.954098 0.000000 19.954098
595.040833 438.285645 0.303485 17.710741 0.000000 17.710741
44.973026 234.036636 0.303335 16.460983 0.000000 16.460983
289.692596 325.861145 0.303319 44.486797 0.000000 44.486797
483.500000 436.500000 0.303296 19.394756 0.000000 19.394756
100.960831 367.729126 0.303174 49.262611 0.000000 49.262611
48.460876 174.500000 0.303098 2478.081299 0.000000 2478.081299
417.484039 312.662048 0.303085 26.593567 0.000000 26.593567
196.159576 267.088989 0.302706 18.179052 0.000000 18.179052
530.680115 444.674194 0.302254 17.443182 0.000000 17.443182
505.500000 249.281219 0.302215 15.899519 0.000000 15.899519
257.500000 189.668823 0.302119 32.519958 0.000000 32.519958
266.123932 218.705170 0.302104 774.860779 0.000000 774.860779
212.122696 351.499359 0.301699 35.307907 0.000000 35.307907
573.139282 388.466827 0.301611 17.817623 0.000000 17.817623
408.540985 348.867889 0.301610 31.728651 0.000000 31.728651
206.275803 438.434631 0.301064 19.683363 0.000000 19.683363
145.791229 424.541656 0.300950 19.038568 0.000000 19.038568
584.418579 299.500000 0.300915 72.635490 0.000000 72.635490
221.500000 411.774261 0.300333 132.998779 0.000000 132.998779
289.708801 339.670715 0.300274 33.969112 0.000000 33.969112
502.903534 158.723495 0.300233 61.464176 0.000000 61.464176
163.687988 280.859467 0.300144 31.640062 0.000000 31.640062
263.662903 456.892639 0.300143 84.263741 0.000000 84.263741
