1059
468.716705 29.931538 1.295963 390.273254 0.000000 390.273254
248.483124 321.480957 1.223035 205.859131 0.000000 205.859131
341.723175 309.190613 1.169495 390.273254 0.000000 390.273254
280.773773 174.447433 1.090746 181.893799 0.000000 181.893799
380.236908 14.515947 1.086265 49.385944 0.000000 49.385944
542.500000 91.935768 1.071746 43.853962 0.000000 43.853962
248.976257 296.879059 1.064058 201.682388 0.000000 201.682388
83.579292 247.286270 1.053049 142.769897 0.000000 142.769897
429.589996 146.385071 1.023545 688.180176 0.000000 688.180176
536.357422 404.316132 1.020446 18.929478 0.000000 18.929478
219.402344 28.630802 1.008244 237.099014 0.000000 237.099014
341.356323 400.962585 0.993257 310.517517 0.000000 310.517517
458.480804 432.551636 0.981555 19.372181 0.000000 19.372181
73.321297 16.337145 0.981442 38.720009 0.000000 38.720009
30.683720 170.500000 0.969031 44.755226 0.000000 44.755226
70.725990 42.164829 0.967021 192.354126 0.000000 192.354126
331.421844 29.802502 0.954879 353.347473 0.000000 353.347473
302.500000 156.222961 0.950234 52.360325 0.000000 52.360325
372.192505 185.500000 0.926981 31.512037 0.000000 31.512037
209.705536 171.500000 0.917719 193.069931 0.000000 193.069931
499.322052 294.520508 0.880053 102.177422 0.000000 102.177422
508.999542 399.874695 0.878213 30.740173 0.000000 30.740173
184.067062 156.005417 0.870623 182.269623 0.000000 182.269623
193.484726 321.113983 0.869695 141.442245 0.000000 141.442245
212.857925 326.500000 0.861624 57.165546 0.000000 57.165546
31.916523 126.146812 0.856316 376.141022 0.000000 376.141022
43.423927 316.556427 0.843392 97.568314 0.000000 97.568314
374.130310 231.022537 0.833549 502.690094 0.000000 502.690094
314.339539 229.712967 0.829487 26.722635 0.000000 26.722635
312.725616 84.104820 0.827453 561.629089 0.000000 561.629089
82.356552 119.891113 0.825129 153.144196 0.000000 153.144196
102.631844 48.056206 0.822800 74.079849 0.000000 74.079849
302.320587 170.824356 0.819002 108.559029 0.000000 108.559029
332.764679 226.565506 0.817773 28.729162 0.000000 28.729162
433.135468 291.500000 0.811370 66.164093 0.000000 66.164093
422.660065 22.237057 0.809474 218.793350 0.000000 218.793350
224.500000 423.111267 0.795209 21.160240 0.000000 21.160240
499.224976 274.912811 0.794744 111.570297 0.000000 111.570297
429.386841 442.421234 0.791035 20.461288 0.000000 20.461288
66.007378 188.596527 0.790269 38.720009 0.000000 38.720009
534.975037 219.168213 0.790048 27.965269 0.000000 27.965269
140.739075 189.500000 0.788097 38.720009 0.000000 38.720009
57.245911 186.162354 0.785616 17.314499 0.000000 17.314499
259.819733 180.910995 0.785115 28.207165 0.000000 28.207165
355.663452 201.115311 0.780157 30.527069 0.000000 30.527069
356.645172 159.532913 0.774229 187.433456 0.000000 187.433456
108.486931 388.169556 0.766287 94.082100 0.000000 94.082100
360.675659 168.789383 0.762018 50.930531 0.000000 50.930531
593.075806 301.019257 0.754761 49.887054 0.000000 49.887054
209.120728 421.500000 0.752147 24.392075 0.000000 24.392075
400.839294 234.300262 0.751251 23.170052 0.000000 23.170052
309.466888 91.067352 0.750990 1187.602783 0.000000 1187.602783
134.981232 311.500000 0.750806 36.791080 0.000000 36.791080
106.331406 298.903107 0.747398 166.163986 0.000000 166.163986
66.037613 35.764095 0.746320 36.422237 0.000000 36.422237
343.500000 384.535126 0.743158 27.721821 0.000000 27.721821
571.263550 150.218231 0.739932 79.155495 0.000000 79.155495
75.936638 378.410492 0.739846 72.182587 0.000000 72.182587
581.952820 371.070953 0.738566 33.423012 0.000000 33.423012
401.500000 277.500000 0.737724 219.552994 0.000000 219.552994
244.460510 433.803894 0.735174 184.753021 0.000000 184.753021
329.500000 206.697067 0.732580 46.497334 0.000000 46.497334
61.979263 415.124451 0.727075 359.774109 0.000000 359.774109
382.406281 237.500000 0.726698 25.567608 0.000000 25.567608
368.080414 236.786118 0.724796 31.063547 0.000000 31.063547
416.921112 400.714081 0.723854 1561.093262 0.000000 1561.093262
311.571259 141.530319 0.723709 18.727411 0.000000 18.727411
541.348877 188.069473 0.721834 70.807777 0.000000 70.807777
372.186554 33.755043 0.721577 31.198389 0.000000 31.198389
343.095428 375.500000 0.720805 37.583488 0.000000 37.583488
36.321899 192.682999 0.719743 82.265343 0.000000 82.265343
564.618530 275.641449 0.717942 815.637939 0.000000 815.637939
602.844971 268.050842 0.715599 22.539539 0.000000 22.539539
469.614471 400.135559 0.715034 19.193876 0.000000 19.193876
411.073883 131.176361 0.711606 21.673342 0.000000 21.673342
319.500000 413.500000 0.706235 44.069824 0.000000 44.069824
107.500000 329.865845 0.704791 97.568314 0.000000 97.568314
243.446640 428.452667 0.704493 32.350407 0.000000 32.350407
337.490112 462.500000 0.704183 24.392075 0.000000 24.392075
3.873651 207.052475 0.704180 24.392075 0.000000 24.392075
242.922318 405.517914 0.703321 333.500671 0.000000 333.500671
54.557205 324.680725 0.703281 527.241028 0.000000 527.241028
429.307404 447.094971 0.700464 97.568314 0.000000 97.568314
193.219498 400.374603 0.693139 75.194817 0.000000 75.194817
388.500000 427.275818 0.692943 26.425323 0.000000 26.425323
569.399536 90.074623 0.692937 42.616711 0.000000 42.616711
170.062515 368.038330 0.692854 17.454317 0.000000 17.454317
495.500000 351.686310 0.691390 305.352783 0.000000 305.352783
549.893738 218.899719 0.689689 33.498711 0.000000 33.498711
229.007248 403.559326 0.684818 19.383881 0.000000 19.383881
184.734238 181.500000 0.681738 61.464176 0.000000 61.464176
448.422821 165.027466 0.680138 41.423065 0.000000 41.423065
340.572968 218.151291 0.678536 29.500519 0.000000 29.500519
79.006332 301.683044 0.678508 97.020157 0.000000 97.020157
460.752502 450.803070 0.675198 132.261871 0.000000 132.261871
374.621979 404.770020 0.675126 52.077175 0.000000 52.077175
56.557293 254.747635 0.674868 137.217316 0.000000 137.217316
363.592804 192.763885 0.673332 28.960375 0.000000 28.960375
8.009922 443.696472 0.672889 19.155703 0.000000 19.155703
223.162125 244.151321 0.672426 18.758841 0.000000 18.758841
51.331390 185.864822 0.669151 15.755373 0.000000 15.755373
29.123451 350.315063 0.668978 31.334429 0.000000 31.334429
333.500000 159.623535 0.668320 214.447235 0.000000 214.447235
132.930557 413.688995 0.667134 94.770927 0.000000 94.770927
322.999268 278.084381 0.666908 49.491840 0.000000 49.491840
78.351379 251.809158 0.664740 24.392075 0.000000 24.392075
417.083099 444.194763 0.661913 18.888050 0.000000 18.888050
406.517242 277.377991 0.658305 83.154411 0.000000 83.154411
140.833984 331.416382 0.658075 172.937744 0.000000 172.937744
563.027222 267.500000 0.657686 378.947723 0.000000 378.947723
441.904572 446.105713 0.657577 36.210827 0.000000 36.210827
318.320038 414.500000 0.657572 24.392075 0.000000 24.392075
435.863251 252.014465 0.655403 38.720009 0.000000 38.720009
348.087524 209.785065 0.655282 29.695778 0.000000 29.695778
563.737610 291.500000 0.654802 245.856750 0.000000 245.856750
578.480896 93.486069 0.653066 16.208986 0.000000 16.208986
335.157074 384.500000 0.652068 24.392075 0.000000 24.392075
483.660553 272.229950 0.647879 44.874638 0.000000 44.874638
321.665100 141.034866 0.647822 18.137552 0.000000 18.137552
224.858902 125.911018 0.647171 55.107658 0.000000 55.107658
174.066589 185.395935 0.647107 38.720009 0.000000 38.720009
325.500000 234.935455 0.646666 27.741236 0.000000 27.741236
587.785767 106.500000 0.646154 34.384018 0.000000 34.384018
388.429077 201.054886 0.645251 34.979980 0.000000 34.979980
534.927368 201.103607 0.644884 33.787025 0.000000 33.787025
549.770691 201.323151 0.643829 38.720009 0.000000 38.720009
284.007172 280.437683 0.643342 74.187202 0.000000 74.187202
234.694565 422.663788 0.640283 35.015217 0.000000 35.015217
243.807846 377.500000 0.635707 30.049986 0.000000 30.049986
593.634644 348.550537 0.635564 53.092281 0.000000 53.092281
390.063141 276.008331 0.635540 17.290951 0.000000 17.290951
231.274689 248.149200 0.634867 30.427879 0.000000 30.427879
245.318527 180.058655 0.634826 107.092209 0.000000 107.092209
182.704300 346.258362 0.633778 27.367132 0.000000 27.367132
217.679535 373.139038 0.632056 26.515390 0.000000 26.515390
419.064240 424.308167 0.629108 32.036846 0.000000 32.036846
237.500000 167.500000 0.628830 38.720009 0.000000 38.720009
109.848763 403.406067 0.628497 51.597469 0.000000 51.597469
192.055618 374.373077 0.627082 375.069641 0.000000 375.069641
277.122742 177.500000 0.626975 61.464176 0.000000 61.464176
573.599365 260.319244 0.626500 32.632477 0.000000 32.632477
563.940125 386.808502 0.624826 30.413330 0.000000 30.413330
168.183640 358.039276 0.623439 44.069073 0.000000 44.069073
317.677704 243.159363 0.622440 31.584404 0.000000 31.584404
552.244934 347.640137 0.620323 29.109205 0.000000 29.109205
480.500000 257.229370 0.614960 43.929062 0.000000 43.929062
454.854462 124.989662 0.614713 31.926371 0.000000 31.926371
56.650768 430.161072 0.613595 20.142841 0.000000 20.142841
183.500000 15.060400 0.612072 34.640823 0.000000 34.640823
510.047791 376.750854 0.611098 20.778463 0.000000 20.778463
187.044800 183.346344 0.610290 31.990559 0.000000 31.990559
238.203735 134.580536 0.609725 92.581261 0.000000 92.581261
492.372131 442.795074 0.609604 29.037724 0.000000 29.037724
195.776413 183.044373 0.609580 21.628817 0.000000 21.628817
241.697891 150.500000 0.608492 24.392075 0.000000 24.392075
573.500000 348.500000 0.607994 24.392075 0.000000 24.392075
429.115601 372.305756 0.607245 31.616993 0.000000 31.616993
136.881866 168.531006 0.606218 97.568314 0.000000 97.568314
547.825195 129.597534 0.605674 38.720009 0.000000 38.720009
278.096161 291.648499 0.605594 72.979301 0.000000 72.979301
547.996155 150.971497 0.605456 41.997200 0.000000 41.997200
164.584015 256.461212 0.604618 90.652473 0.000000 90.652473
349.817688 350.199402 0.602497 18.011341 0.000000 18.011341
492.169220 353.500000 0.601736 154.880035 0.000000 154.880035
47.500000 384.495911 0.601096 190.592041 0.000000 190.592041
213.834412 319.500000 0.600894 283.370575 0.000000 283.370575
208.059311 396.334900 0.600116 20.636278 0.000000 20.636278
280.605438 157.500000 0.597408 32.048176 0.000000 32.048176
22.892324 112.898392 0.596055 40.558483 0.000000 40.558483
310.193329 250.194962 0.595816 22.138201 0.000000 22.138201
281.785767 125.583000 0.595721 41.704311 0.000000 41.704311
288.416718 425.105988 0.594083 285.456451 0.000000 285.456451
553.331177 259.355286 0.592126 29.909136 0.000000 29.909136
210.500000 305.479065 0.591925 46.996098 0.000000 46.996098
482.500000 283.936035 0.591769 19.002346 0.000000 19.002346
155.252060 191.748856 0.591236 69.672409 0.000000 69.672409
98.783653 169.621460 0.590950 19.472050 0.000000 19.472050
579.444824 395.500000 0.589165 19.543158 0.000000 19.543158
571.802917 103.577591 0.588313 24.392075 0.000000 24.392075
430.500000 304.633789 0.587688 30.812353 0.000000 30.812353
84.133377 97.797012 0.587600 24.392075 0.000000 24.392075
106.995972 319.500000 0.586588 169.552429 0.000000 169.552429
602.912781 371.500000 0.584840 45.587990 0.000000 45.587990
339.709595 359.209167 0.584525 68.249992 0.000000 68.249992
109.500000 256.060394 0.584226 145.003448 0.000000 145.003448
428.701782 450.571289 0.583588 33.334671 0.000000 33.334671
119.009834 153.271545 0.583322 20.820192 0.000000 20.820192
354.669281 435.500000 0.583168 114.238457 0.000000 114.238457
88.545120 134.279816 0.583152 24.271439 0.000000 24.271439
236.052139 136.500000 0.583047 38.720009 0.000000 38.720009
469.113800 133.304321 0.582714 83.225479 0.000000 83.225479
209.717911 359.500000 0.582321 29.547623 0.000000 29.547623
215.487106 292.602844 0.581977 91.912979 0.000000 91.912979
349.417358 233.500000 0.581919 24.392075 0.000000 24.392075
523.500000 263.582123 0.581235 356.697418 0.000000 356.697418
514.517090 388.364502 0.579547 1826.133179 0.000000 1826.133179
86.550148 242.749374 0.578156 38.720009 0.000000 38.720009
17.679497 136.301712 0.577941 24.392075 0.000000 24.392075
342.419098 125.795364 0.576012 36.382690 0.000000 36.382690
216.047882 288.393951 0.575599 22.311697 0.000000 22.311697
253.473587 407.358490 0.574756 22.270571 0.000000 22.270571
409.675079 276.549622 0.573048 22.776424 0.000000 22.776424
85.500000 393.589874 0.572802 97.568314 0.000000 97.568314
26.829874 116.688866 0.572274 114.150833 0.000000 114.150833
29.067150 266.490631 0.572026 110.277840 0.000000 110.277840
5.773589 138.991837 0.570955 46.895596 0.000000 46.895596
420.111237 236.161087 0.569172 32.306229 0.000000 32.306229
313.239624 267.792236 0.568973 45.900574 0.000000 45.900574
187.500000 47.955399 0.568354 77.719650 0.000000 77.719650
593.889282 276.395416 0.567704 21.055182 0.000000 21.055182
592.780518 435.838318 0.567314 31.042322 0.000000 31.042322
213.500000 180.500000 0.566870 24.392075 0.000000 24.392075
30.900969 302.840820 0.565410 21.126204 0.000000 21.126204
385.500000 124.567924 0.565344 97.568314 0.000000 97.568314
447.925690 273.615051 0.565190 22.070890 0.000000 22.070890
127.366898 48.541042 0.565167 161.026840 0.000000 161.026840
485.024506 286.500000 0.565003 61.464176 0.000000 61.464176
411.797089 226.890091 0.564654 35.849400 0.000000 35.849400
604.125610 433.758942 0.564460 99.017754 0.000000 99.017754
431.500000 278.257599 0.563152 61.464176 0.000000 61.464176
209.500000 375.360352 0.562036 72.791389 0.000000 72.791389
35.025532 197.144806 0.561836 16.377733 0.000000 16.377733
138.500000 287.118530 0.561316 21.654299 0.000000 21.654299
218.500000 384.469391 0.561125 38.720009 0.000000 38.720009
572.273743 274.500000 0.560401 27.338713 0.000000 27.338713
564.946655 376.500000 0.559689 21.100607 0.000000 21.100607
568.310608 296.510590 0.559592 129.971359 0.000000 129.971359
379.500000 39.500000 0.559567 132.915207 0.000000 132.915207
404.500000 218.533264 0.558812 31.753641 0.000000 31.753641
88.299751 252.401352 0.558294 28.159094 0.000000 28.159094
191.428635 374.453033 0.556991 140.044785 0.000000 140.044785
50.876472 169.483582 0.556965 81.275856 0.000000 81.275856
421.500000 383.500000 0.555278 19.217602 0.000000 19.217602
124.993614 189.483719 0.553880 33.842247 0.000000 33.842247
270.986633 405.500000 0.552191 16.520182 0.000000 16.520182
279.880280 288.924652 0.550710 18.235552 0.000000 18.235552
519.667053 152.251328 0.549820 174.957489 0.000000 174.957489
393.500000 291.484131 0.549435 48.930763 0.000000 48.930763
318.500000 329.690979 0.549138 22.008465 0.000000 22.008465
28.354101 283.525970 0.549061 25.186369 0.000000 25.186369
194.866180 293.669495 0.548923 170.594101 0.000000 170.594101
282.500000 417.500000 0.546894 16.219130 0.000000 16.219130
396.500000 460.740265 0.546550 42.918262 0.000000 42.918262
102.407944 414.809082 0.545475 16.191345 0.000000 16.191345
570.568420 361.837463 0.545068 61.404922 0.000000 61.404922
360.219635 416.159363 0.544476 57.477486 0.000000 57.477486
542.439087 194.213333 0.541710 720.725647 0.000000 720.725647
38.804562 452.407928 0.541238 150.385422 0.000000 150.385422
381.037933 192.401505 0.540608 30.267946 0.000000 30.267946
595.500000 302.500000 0.540478 22.007450 0.000000 22.007450
391.500000 361.500000 0.539848 24.392075 0.000000 24.392075
44.989868 186.047745 0.539584 17.865355 0.000000 17.865355
146.388840 352.168213 0.539468 79.188789 0.000000 79.188789
472.872101 235.415924 0.539400 118.242973 0.000000 118.242973
33.748238 364.323578 0.539364 29.076155 0.000000 29.076155
277.282898 259.296722 0.538582 51.860783 0.000000 51.860783
239.420059 179.948761 0.537610 24.392075 0.000000 24.392075
433.302551 397.334198 0.536243 42.669827 0.000000 42.669827
593.354431 364.469452 0.536155 28.709301 0.000000 28.709301
395.500000 460.740295 0.535740 38.720009 0.000000 38.720009
190.233200 384.827850 0.535023 27.514145 0.000000 27.514145
532.654907 378.528015 0.535012 436.529083 0.000000 436.529083
322.097992 62.820652 0.534622 15.860188 0.000000 15.860188
59.180111 303.873596 0.534248 59.931686 0.000000 59.931686
223.928818 235.304535 0.532938 17.694366 0.000000 17.694366
133.123611 390.935211 0.532587 30.590027 0.000000 30.590027
207.582138 387.753448 0.531331 16.487661 0.000000 16.487661
488.467255 397.500000 0.530020 15.506079 0.000000 15.506079
549.738464 214.300507 0.528546 22.039968 0.000000 22.039968
40.545422 136.904037 0.527936 30.314886 0.000000 30.314886
134.217957 116.627548 0.527313 24.392075 0.000000 24.392075
553.452087 300.500000 0.526623 38.720009 0.000000 38.720009
136.832657 257.238953 0.526447 15.427547 0.000000 15.427547
553.500000 273.027374 0.525720 24.392075 0.000000 24.392075
385.598267 161.911072 0.524940 49.446163 0.000000 49.446163
277.388428 10.904416 0.524921 38.720009 0.000000 38.720009
555.500000 274.037048 0.524851 39.055347 0.000000 39.055347
515.437439 215.042999 0.524554 135.624146 0.000000 135.624146
124.296730 190.164139 0.524535 97.568314 0.000000 97.568314
281.402863 432.176849 0.523899 25.174009 0.000000 25.174009
366.309418 280.310730 0.523798 133.043350 0.000000 133.043350
107.307632 334.897278 0.523275 17.734915 0.000000 17.734915
137.500000 298.500000 0.522215 15.366042 0.000000 15.366042
87.581696 431.500000 0.521921 67.055191 0.000000 67.055191
427.942841 244.840134 0.521743 32.832382 0.000000 32.832382
62.500000 145.776917 0.521732 57.239037 0.000000 57.239037
556.075195 361.223267 0.521020 63.568146 0.000000 63.568146
273.495941 46.044613 0.520818 257.272766 0.000000 257.272766
297.970184 9.476882 0.520692 61.006924 0.000000 61.006924
291.450287 168.500000 0.519967 26.912512 0.000000 26.912512
368.029327 232.168015 0.519786 17.754370 0.000000 17.754370
135.500000 331.641846 0.518456 502.716705 0.000000 502.716705
284.125366 377.500000 0.516976 24.392075 0.000000 24.392075
464.086548 421.500000 0.516221 47.063442 0.000000 47.063442
139.500000 16.686615 0.515237 24.392075 0.000000 24.392075
382.317078 232.120895 0.514746 17.176882 0.000000 17.176882
173.377075 336.681793 0.514430 56.840298 0.000000 56.840298
59.168915 318.438354 0.514260 35.029922 0.000000 35.029922
43.664719 392.472534 0.514165 33.303555 0.000000 33.303555
200.284836 457.985809 0.513429 33.012550 0.000000 33.012550
276.956390 170.449173 0.513428 51.883999 0.000000 51.883999
567.500000 94.870796 0.513309 159.167770 0.000000 159.167770
608.094849 238.972046 0.512526 41.606342 0.000000 41.606342
81.255913 114.359016 0.512309 47.449661 0.000000 47.449661
300.182556 272.241241 0.512307 87.920074 0.000000 87.920074
134.500000 325.500000 0.512101 38.720009 0.000000 38.720009
340.758820 408.250305 0.511636 96.727264 0.000000 96.727264
226.857773 123.500000 0.511602 19.722109 0.000000 19.722109
484.793335 321.805725 0.510806 17.923697 0.000000 17.923697
32.405014 194.333221 0.510507 338.045959 0.000000 338.045959
566.500000 413.500000 0.510394 24.392075 0.000000 24.392075
303.178833 327.087067 0.508256 26.153019 0.000000 26.153019
79.529236 243.160477 0.507646 28.910477 0.000000 28.910477
357.723694 278.039307 0.506664 33.815922 0.000000 33.815922
152.801178 25.557858 0.506560 19.677404 0.000000 19.677404
309.854767 426.212097 0.506261 18.363447 0.000000 18.363447
79.814713 20.810772 0.506228 321.160980 0.000000 321.160980
203.883072 258.620300 0.506217 24.392075 0.000000 24.392075
497.500000 130.288452 0.504462 19.429766 0.000000 19.429766
139.500000 35.500000 0.504151 619.520264 0.000000 619.520264
428.696625 360.713654 0.503989 134.820038 0.000000 134.820038
442.288971 365.610260 0.503672 137.202240 0.000000 137.202240
412.367249 136.838150 0.502098 78.664444 0.000000 78.664444
433.830811 359.500000 0.502088 390.273254 0.000000 390.273254
372.682373 331.896820 0.500046 20.012640 0.000000 20.012640
396.342163 209.792160 0.500045 37.297230 0.000000 37.297230
404.662872 423.500000 0.500023 69.316689 0.000000 69.316689
504.964905 299.500000 0.499774 19.061258 0.000000 19.061258
431.500000 305.503296 0.499174 429.240295 0.000000 429.240295
134.456161 379.926117 0.498693 138.474503 0.000000 138.474503
135.500000 331.500000 0.497299 82.035782 0.000000 82.035782
508.994263 90.844475 0.497220 348.402832 0.000000 348.402832
209.235229 409.193359 0.496308 31.561302 0.000000 31.561302
565.818970 289.017548 0.495769 33.951115 0.000000 33.951115
144.040482 47.531395 0.495560 122.367363 0.000000 122.367363
555.435913 361.254730 0.495259 59.327446 0.000000 59.327446
72.474373 36.861263 0.493861 29.026531 0.000000 29.026531
289.515381 412.500000 0.492069 26.209564 0.000000 26.209564
535.879150 259.438110 0.489611 32.372406 0.000000 32.372406
255.500000 251.500000 0.489012 556.878113 0.000000 556.878113
518.552734 292.613281 0.488957 191.611130 0.000000 191.611130
158.283691 451.500000 0.488551 279.442993 0.000000 279.442993
286.096436 402.913330 0.488240 29.730442 0.000000 29.730442
252.582703 160.500000 0.488161 19.516712 0.000000 19.516712
249.817749 433.734863 0.487104 31.540337 0.000000 31.540337
257.500000 152.500000 0.486798 15.574752 0.000000 15.574752
197.337280 359.500000 0.485709 24.392075 0.000000 24.392075
558.070129 462.855499 0.484504 22.263155 0.000000 22.263155
285.500000 377.500000 0.484154 38.720009 0.000000 38.720009
553.500000 377.185577 0.484000 29.756847 0.000000 29.756847
114.335930 377.295074 0.483484 27.658092 0.000000 27.658092
246.143478 160.864227 0.483411 47.772457 0.000000 47.772457
533.500000 259.270325 0.482853 64.915710 0.000000 64.915710
69.218094 292.979370 0.482014 15.939766 0.000000 15.939766
522.584045 341.043701 0.481497 276.294434 0.000000 276.294434
379.775757 122.818672 0.480851 23.840261 0.000000 23.840261
611.320496 316.598755 0.480714 26.922401 0.000000 26.922401
379.500000 35.357365 0.480608 20.559534 0.000000 20.559534
8.249615 359.911804 0.480344 117.132019 0.000000 117.132019
557.500000 130.500000 0.479714 38.720009 0.000000 38.720009
175.697357 307.146942 0.479092 18.458321 0.000000 18.458321
573.500000 300.500000 0.478522 38.720009 0.000000 38.720009
250.500000 180.395370 0.478369 24.392075 0.000000 24.392075
512.879700 115.500000 0.477770 58.295696 0.000000 58.295696
125.430672 11.140217 0.476863 31.964468 0.000000 31.964468
516.500000 170.078522 0.476443 21.574598 0.000000 21.574598
359.202271 449.500000 0.476426 38.720009 0.000000 38.720009
525.554688 405.554932 0.476374 23.571247 0.000000 23.571247
222.500000 339.649933 0.475464 48.475559 0.000000 48.475559
183.970840 195.178055 0.474828 51.393620 0.000000 51.393620
183.672958 326.628113 0.474809 31.909931 0.000000 31.909931
552.917908 387.069061 0.474787 48.476036 0.000000 48.476036
559.500000 383.500000 0.474436 183.732040 0.000000 183.732040
305.500000 247.028397 0.474138 105.238350 0.000000 105.238350
80.887993 133.637756 0.473534 17.683632 0.000000 17.683632
491.063965 374.880249 0.472920 47.974922 0.000000 47.974922
304.526398 348.500000 0.472825 22.565504 0.000000 22.565504
281.848236 397.053070 0.472798 128.578796 0.000000 128.578796
480.500000 457.061584 0.472736 58.231392 0.000000 58.231392
536.081299 416.800751 0.472041 42.381195 0.000000 42.381195
351.500000 171.500000 0.471786 24.392075 0.000000 24.392075
48.084911 377.115265 0.471490 35.857056 0.000000 35.857056
167.276764 346.615814 0.471367 44.318531 0.000000 44.318531
194.722824 249.846680 0.471280 319.151825 0.000000 319.151825
593.819641 287.262268 0.471002 30.457840 0.000000 30.457840
607.615051 331.040192 0.470533 57.025410 0.000000 57.025410
326.696167 435.630066 0.470495 239.469940 0.000000 239.469940
418.860138 402.036011 0.469300 20.851221 0.000000 20.851221
184.248077 205.729568 0.468887 50.746376 0.000000 50.746376
389.500000 38.876820 0.468507 18.332226 0.000000 18.332226
249.397598 180.567612 0.467329 30.448483 0.000000 30.448483
368.014343 225.014114 0.466854 17.036634 0.000000 17.036634
593.650330 121.500000 0.465020 97.568314 0.000000 97.568314
242.235168 259.290771 0.464982 28.771276 0.000000 28.771276
153.807297 278.485870 0.464949 70.746628 0.000000 70.746628
281.500000 428.942657 0.463661 97.568314 0.000000 97.568314
267.094513 389.327850 0.462401 46.713947 0.000000 46.713947
393.013977 407.191681 0.462385 16.431976 0.000000 16.431976
404.500000 382.428650 0.461887 24.430777 0.000000 24.430777
215.500000 17.500000 0.461845 61.464176 0.000000 61.464176
454.897491 426.112000 0.461145 241.766495 0.000000 241.766495
59.089039 408.349060 0.460544 115.752937 0.000000 115.752937
611.500000 315.500000 0.460293 24.392075 0.000000 24.392075
177.674744 186.058640 0.459641 239.778717 0.000000 239.778717
266.695709 109.169571 0.459087 807.809021 0.000000 807.809021
286.500000 343.928192 0.458622 52.094788 0.000000 52.094788
168.594757 444.801178 0.458097 34.844654 0.000000 34.844654
372.158966 198.985825 0.457864 20.789181 0.000000 20.789181
34.633644 159.881775 0.457786 16.867271 0.000000 16.867271
446.531189 131.500000 0.457679 38.720009 0.000000 38.720009
195.111481 370.887848 0.456940 28.045757 0.000000 28.045757
161.734924 397.500000 0.456919 18.829315 0.000000 18.829315
362.216370 316.649994 0.456823 65.719559 0.000000 65.719559
92.654892 38.779274 0.455895 1285.026001 0.000000 1285.026001
435.500000 271.500000 0.455168 137.181778 0.000000 137.181778
98.530991 409.887329 0.455136 71.135605 0.000000 71.135605
461.163635 340.450470 0.454990 19.963266 0.000000 19.963266
231.185699 431.247986 0.454237 23.189791 0.000000 23.189791
372.159851 428.108337 0.452690 24.392075 0.000000 24.392075
25.809719 140.272888 0.452568 28.431696 0.000000 28.431696
558.374146 415.500000 0.452481 360.773682 0.000000 360.773682
62.356991 439.700623 0.452080 15.951948 0.000000 15.951948
346.881470 443.061218 0.451688 19.426554 0.000000 19.426554
534.860291 214.273056 0.450695 18.888050 0.000000 18.888050
431.791229 37.578400 0.450292 18.863657 0.000000 18.863657
582.906128 125.500000 0.448787 89.005302 0.000000 89.005302
141.599762 273.719879 0.448685 31.271675 0.000000 31.271675
231.500000 412.601929 0.448572 46.665421 0.000000 46.665421
67.474854 163.500000 0.447399 20.117792 0.000000 20.117792
465.777527 155.472809 0.447210 24.392075 0.000000 24.392075
458.993286 259.500000 0.447019 69.255501 0.000000 69.255501
325.040558 378.000671 0.446949 32.229183 0.000000 32.229183
314.699615 278.273224 0.446711 21.447132 0.000000 21.447132
30.521835 431.198547 0.446432 19.131748 0.000000 19.131748
342.500000 401.731842 0.446334 2605.028076 0.000000 2605.028076
85.500000 423.523682 0.446117 126.343254 0.000000 126.343254
122.442101 163.397873 0.445298 43.572052 0.000000 43.572052
405.406616 411.258362 0.444988 22.580206 0.000000 22.580206
538.760925 176.584976 0.444856 76.126244 0.000000 76.126244
283.092377 305.500000 0.444808 35.437828 0.000000 35.437828
181.144089 214.799652 0.444495 18.876915 0.000000 18.876915
429.148315 361.815704 0.443992 24.392075 0.000000 24.392075
441.643799 404.173523 0.443396 18.747297 0.000000 18.747297
385.500000 161.255417 0.443213 61.464176 0.000000 61.464176
387.500000 35.500000 0.442898 509.877747 0.000000 509.877747
511.925751 139.500000 0.442664 819.607056 0.000000 819.607056
294.976898 60.675621 0.442375 30.981380 0.000000 30.981380
316.061584 142.800278 0.442035 112.428215 0.000000 112.428215
198.933487 12.025891 0.441940 32.290432 0.000000 32.290432
553.967041 290.102051 0.441761 33.662586 0.000000 33.662586
60.429516 259.500000 0.441745 28.599585 0.000000 28.599585
30.801847 292.935181 0.441723 38.720009 0.000000 38.720009
283.500000 319.500000 0.441682 290.988647 0.000000 290.988647
397.500000 135.413864 0.440170 38.383812 0.000000 38.383812
594.120422 258.927917 0.440038 33.168259 0.000000 33.168259
49.659271 345.356415 0.440034 1272.064453 0.000000 1272.064453
217.127472 219.304031 0.439975 17.503790 0.000000 17.503790
402.398926 404.500000 0.439219 22.766117 0.000000 22.766117
461.722839 274.265839 0.438813 85.834770 0.000000 85.834770
172.288361 410.774933 0.438412 508.339813 0.000000 508.339813
476.108765 127.500000 0.438130 245.856750 0.000000 245.856750
395.500000 449.500000 0.437733 24.392075 0.000000 24.392075
423.226837 348.035614 0.436648 24.392075 0.000000 24.392075
468.307068 155.604919 0.436538 90.529968 0.000000 90.529968
174.881729 159.804993 0.436350 18.431717 0.000000 18.431717
279.798187 459.730164 0.436259 24.392075 0.000000 24.392075
197.851334 410.937500 0.436107 19.313974 0.000000 19.313974
568.147766 375.500000 0.435285 61.464176 0.000000 61.464176
81.500000 139.500000 0.435228 106.021568 0.000000 106.021568
322.500000 401.500000 0.434959 24.392075 0.000000 24.392075
291.835114 18.554361 0.434801 341.747498 0.000000 341.747498
499.721619 397.500000 0.434733 158.002655 0.000000 158.002655
405.500000 374.262024 0.434709 31.986891 0.000000 31.986891
232.399429 44.972332 0.433934 88.114609 0.000000 88.114609
187.500000 251.500000 0.432990 734.979431 0.000000 734.979431
211.872986 211.500000 0.432491 69.930435 0.000000 69.930435
370.938354 168.035019 0.432259 19.436085 0.000000 19.436085
439.465210 376.500000 0.432147 48.468990 0.000000 48.468990
11.500000 451.891479 0.432116 97.568314 0.000000 97.568314
159.557053 25.500000 0.431919 35.997238 0.000000 35.997238
133.500000 295.500000 0.431811 164.274857 0.000000 164.274857
461.675934 356.953064 0.431805 30.899857 0.000000 30.899857
87.710281 263.964874 0.431728 32.381973 0.000000 32.381973
77.159889 264.073090 0.431632 30.329781 0.000000 30.329781
489.116455 144.966705 0.431269 52.268219 0.000000 52.268219
343.500000 148.072113 0.431257 37.168259 0.000000 37.168259
198.881927 248.401031 0.431041 53.247246 0.000000 53.247246
182.950455 27.723759 0.430657 38.720009 0.000000 38.720009
252.126724 47.334980 0.430442 34.125439 0.000000 34.125439
497.500000 87.350945 0.430100 144.734940 0.000000 144.734940
463.172516 249.088104 0.430059 18.772093 0.000000 18.772093
542.267639 319.986633 0.429815 20.119671 0.000000 20.119671
290.793335 175.901718 0.429564 20.489061 0.000000 20.489061
398.576324 163.060684 0.428856 48.093300 0.000000 48.093300
560.314148 86.198029 0.428596 30.020100 0.000000 30.020100
103.500000 409.908691 0.428526 188.361847 0.000000 188.361847
78.500000 391.190674 0.428470 33.142353 0.000000 33.142353
79.192719 221.882004 0.428213 97.568314 0.000000 97.568314
221.365341 272.879456 0.428091 19.135035 0.000000 19.135035
201.482590 166.597778 0.427905 1825.915405 0.000000 1825.915405
477.103607 406.097229 0.427664 18.829306 0.000000 18.829306
211.431503 297.888062 0.427236 18.828856 0.000000 18.828856
73.884567 317.409149 0.427077 107.113762 0.000000 107.113762
35.260834 287.776459 0.426860 214.360214 0.000000 214.360214
451.287048 461.559143 0.426571 17.136349 0.000000 17.136349
393.500000 353.500000 0.425913 38.720009 0.000000 38.720009
382.388489 225.500000 0.425801 15.366042 0.000000 15.366042
85.010956 429.936340 0.425587 30.968132 0.000000 30.968132
557.500000 113.500000 0.425370 144.492447 0.000000 144.492447
74.519188 270.500000 0.425327 3400.316162 0.000000 3400.316162
159.777527 336.905212 0.425216 21.812086 0.000000 21.812086
133.401428 401.667175 0.424972 30.661407 0.000000 30.661407
65.400810 449.500000 0.424947 126.104942 0.000000 126.104942
432.500000 432.067780 0.424297 26.949724 0.000000 26.949724
325.475800 412.483795 0.424081 16.172276 0.000000 16.172276
83.757935 181.500000 0.423606 54.822403 0.000000 54.822403
605.010742 403.693634 0.423278 21.510990 0.000000 21.510990
161.455292 146.901108 0.422513 24.392075 0.000000 24.392075
403.500000 311.644287 0.422164 154.880035 0.000000 154.880035
219.121674 195.256393 0.421834 30.627478 0.000000 30.627478
370.080688 151.000031 0.421819 30.639212 0.000000 30.639212
67.500000 165.500000 0.421663 109.112602 0.000000 109.112602
274.770782 281.034546 0.421304 17.061285 0.000000 17.061285
102.500000 327.500000 0.421076 61.464176 0.000000 61.464176
139.993576 145.894257 0.420900 22.132721 0.000000 22.132721
196.849533 15.289530 0.420738 132.120667 0.000000 132.120667
358.936707 331.163361 0.420703 19.593365 0.000000 19.593365
331.500000 41.902382 0.420367 84.487541 0.000000 84.487541
324.695953 297.142395 0.419656 16.803207 0.000000 16.803207
123.500000 459.500000 0.419506 37.878334 0.000000 37.878334
105.059929 260.970734 0.419346 21.285580 0.000000 21.285580
90.174446 18.428322 0.418333 88.127281 0.000000 88.127281
65.545998 450.147980 0.418301 59.238750 0.000000 59.238750
379.951965 425.550598 0.417986 20.129818 0.000000 20.129818
27.549557 438.890411 0.417399 22.966900 0.000000 22.966900
378.865540 173.736542 0.417379 48.751659 0.000000 48.751659
281.733459 297.500000 0.417146 18.271385 0.000000 18.271385
200.500000 410.500000 0.416777 38.720009 0.000000 38.720009
201.277298 291.244049 0.416673 28.563845 0.000000 28.563845
41.070103 270.669525 0.416534 691.424927 0.000000 691.424927
364.001312 349.027466 0.416189 183.911316 0.000000 183.911316
535.090393 206.500000 0.416184 18.319912 0.000000 18.319912
386.431976 450.284149 0.416147 33.810551 0.000000 33.810551
58.646568 393.878387 0.415896 19.996494 0.000000 19.996494
609.193604 137.389923 0.415100 29.831688 0.000000 29.831688
144.785309 14.870887 0.415009 144.671478 0.000000 144.671478
29.134701 337.500000 0.414971 103.211899 0.000000 103.211899
549.337219 463.311340 0.414962 23.473307 0.000000 23.473307
212.500000 167.500000 0.414663 24.392075 0.000000 24.392075
319.304352 430.500000 0.414450 20.141014 0.000000 20.141014
353.053589 131.853043 0.414182 31.441875 0.000000 31.441875
319.500000 431.500000 0.414071 24.392075 0.000000 24.392075
183.500000 455.397949 0.413953 85.797310 0.000000 85.797310
312.179932 318.313782 0.413540 17.673046 0.000000 17.673046
69.877808 396.126526 0.413496 19.737806 0.000000 19.737806
244.816818 48.260323 0.412687 264.641785 0.000000 264.641785
402.273102 450.933563 0.412265 16.272821 0.000000 16.272821
409.120819 28.829653 0.412226 20.284952 0.000000 20.284952
379.042633 135.034225 0.411665 21.728693 0.000000 21.728693
302.500000 372.500000 0.411526 20.090982 0.000000 20.090982
3.741514 332.500000 0.411233 58.393784 0.000000 58.393784
83.969765 302.500000 0.411139 16.078985 0.000000 16.078985
194.237961 419.024567 0.411029 63.440605 0.000000 63.440605
603.355286 260.867828 0.410946 17.709513 0.000000 17.709513
70.021355 300.406433 0.410701 17.813175 0.000000 17.813175
302.874756 410.124664 0.410629 16.322443 0.000000 16.322443
230.137268 360.915558 0.410044 18.362429 0.000000 18.362429
65.523697 145.500000 0.409861 23.028175 0.000000 23.028175
133.753342 187.123199 0.409268 20.686102 0.000000 20.686102
523.466187 272.803558 0.408898 122.063667 0.000000 122.063667
118.802933 441.500000 0.408799 47.515862 0.000000 47.515862
344.343353 196.492432 0.408293 20.081989 0.000000 20.081989
326.545013 159.500000 0.408002 647.556519 0.000000 647.556519
257.067108 16.252556 0.407271 175.548477 0.000000 175.548477
360.519135 293.484467 0.407271 38.720009 0.000000 38.720009
405.500000 367.500000 0.406704 187.250870 0.000000 187.250870
379.242767 357.271362 0.406372 22.889360 0.000000 22.889360
100.851219 334.332428 0.405985 19.111076 0.000000 19.111076
262.614349 441.038635 0.405699 50.251862 0.000000 50.251862
184.363174 457.962677 0.405465 32.537857 0.000000 32.537857
543.500000 211.500000 0.404852 154.880035 0.000000 154.880035
303.477173 377.083435 0.404258 22.706051 0.000000 22.706051
262.500000 274.500000 0.403928 24.392075 0.000000 24.392075
360.656097 426.410583 0.403389 19.304399 0.000000 19.304399
76.429466 122.146019 0.403041 42.393688 0.000000 42.393688
607.541748 127.300552 0.402821 34.104370 0.000000 34.104370
583.346802 259.040009 0.402499 17.954269 0.000000 17.954269
69.500000 423.302429 0.402403 17.380140 0.000000 17.380140
21.500000 262.087769 0.402001 27.064497 0.000000 27.064497
300.397308 175.500000 0.401855 38.720009 0.000000 38.720009
569.572510 135.063568 0.401540 15.696438 0.000000 15.696438
566.451355 215.785187 0.401370 97.568314 0.000000 97.568314
515.263000 272.708527 0.401077 50.853203 0.000000 50.853203
397.377380 390.517456 0.401066 86.009964 0.000000 86.009964
21.500000 187.500000 0.400739 24.392075 0.000000 24.392075
106.589233 168.083282 0.400411 16.494322 0.000000 16.494322
300.949951 288.336426 0.400257 33.843124 0.000000 33.843124
386.127563 429.931061 0.400250 122.845108 0.000000 122.845108
445.211700 387.500000 0.399945 22.477299 0.000000 22.477299
69.644730 180.046463 0.399839 19.539099 0.000000 19.539099
313.500000 348.500000 0.399587 24.392075 0.000000 24.392075
551.500000 107.500000 0.399293 61.464176 0.000000 61.464176
111.909966 144.006760 0.399006 120.343605 0.000000 120.343605
103.500000 429.966156 0.398920 30.665400 0.000000 30.665400
236.909348 385.500000 0.398638 41.646122 0.000000 41.646122
329.871704 62.846184 0.398427 32.707626 0.000000 32.707626
40.175598 134.293976 0.398426 95.208580 0.000000 95.208580
291.098846 392.343933 0.398310 15.366042 0.000000 15.366042
279.500000 17.852900 0.398002 219.692352 0.000000 219.692352
611.500000 304.020752 0.397784 29.516563 0.000000 29.516563
555.863464 454.797607 0.397437 193.740036 0.000000 193.740036
463.500000 171.819244 0.396998 16.416800 0.000000 16.416800
82.093391 410.496338 0.396886 70.688850 0.000000 70.688850
104.279503 444.639893 0.396874 97.506546 0.000000 97.506546
367.500000 221.443909 0.396447 66.744415 0.000000 66.744415
391.500000 368.775543 0.396126 32.871422 0.000000 32.871422
474.992889 400.125336 0.396072 106.580551 0.000000 106.580551
386.299194 45.500000 0.395693 27.903540 0.000000 27.903540
15.504951 450.054230 0.395521 18.527662 0.000000 18.527662
294.500000 70.500000 0.395353 38.720009 0.000000 38.720009
68.724991 312.500000 0.394679 15.366042 0.000000 15.366042
287.965637 438.500000 0.394349 24.392075 0.000000 24.392075
121.274895 35.906780 0.393835 47.115974 0.000000 47.115974
557.868286 154.500000 0.393507 21.326889 0.000000 21.326889
103.500000 310.803009 0.393059 59.183311 0.000000 59.183311
412.168732 376.814667 0.393008 21.457088 0.000000 21.457088
198.599655 170.149643 0.392699 33.076595 0.000000 33.076595
355.500000 459.500000 0.392289 125.198486 0.000000 125.198486
175.500000 51.500000 0.392102 61.846153 0.000000 61.846153
574.500000 334.006378 0.392101 34.554543 0.000000 34.554543
205.500000 133.500000 0.391992 209.500519 0.000000 209.500519
514.500000 411.967712 0.391661 38.720009 0.000000 38.720009
575.214050 433.998016 0.391551 19.471851 0.000000 19.471851
546.173584 120.500000 0.391542 41.797356 0.000000 41.797356
25.500000 153.500000 0.391237 186.966873 0.000000 186.966873
306.863129 432.851654 0.391102 33.835091 0.000000 33.835091
108.500000 312.227661 0.391021 26.777567 0.000000 26.777567
14.169771 319.500000 0.390376 30.927176 0.000000 30.927176
299.500000 166.500000 0.390148 20.404406 0.000000 20.404406
15.695640 326.994934 0.389939 97.568314 0.000000 97.568314
238.057220 443.928589 0.389723 35.930283 0.000000 35.930283
187.500000 29.500000 0.389575 100.130028 0.000000 100.130028
378.143707 172.444977 0.389453 23.973289 0.000000 23.973289
404.500000 408.500000 0.389108 61.464176 0.000000 61.464176
349.102966 456.164917 0.388881 82.691551 0.000000 82.691551
375.829346 370.100830 0.388753 183.676300 0.000000 183.676300
49.198784 429.221252 0.388382 16.335777 0.000000 16.335777
145.678787 11.500000 0.388069 61.464176 0.000000 61.464176
602.335022 132.886902 0.387875 17.616718 0.000000 17.616718
221.500000 163.405151 0.387643 15.445796 0.000000 15.445796
489.545471 148.188889 0.387499 22.273497 0.000000 22.273497
573.336365 375.199127 0.387387 24.860872 0.000000 24.860872
182.973938 421.823914 0.387272 24.392075 0.000000 24.392075
378.826172 128.393005 0.387076 15.424134 0.000000 15.424134
391.945923 365.019348 0.387053 49.634613 0.000000 49.634613
494.564270 321.195801 0.386995 16.647209 0.000000 16.647209
465.500000 135.506195 0.386881 38.720009 0.000000 38.720009
281.289124 304.609283 0.386341 71.091759 0.000000 71.091759
112.545120 187.647766 0.386132 29.923809 0.000000 29.923809
148.631470 452.500000 0.385960 57.103134 0.000000 57.103134
439.418976 268.195770 0.385271 49.496269 0.000000 49.496269
20.956066 163.095596 0.385235 24.392075 0.000000 24.392075
185.233780 290.500000 0.384716 20.274881 0.000000 20.274881
197.432541 273.500000 0.384353 24.392075 0.000000 24.392075
492.526062 423.298126 0.383775 97.568314 0.000000 97.568314
67.607376 244.601379 0.382794 49.375244 0.000000 49.375244
189.500000 29.107355 0.382502 97.568314 0.000000 97.568314
324.988464 302.500000 0.382376 17.592529 0.000000 17.592529
410.500000 150.090866 0.382293 18.817337 0.000000 18.817337
381.533203 222.038773 0.382148 61.464176 0.000000 61.464176
288.909607 265.534332 0.382068 18.736195 0.000000 18.736195
290.872772 292.065430 0.382034 21.438728 0.000000 21.438728
285.678284 256.652161 0.381946 24.304056 0.000000 24.304056
536.644958 295.500000 0.381739 187.496658 0.000000 187.496658
54.590553 388.501831 0.381332 73.560898 0.000000 73.560898
245.500000 253.500000 0.381247 154.880035 0.000000 154.880035
75.132690 157.862976 0.381224 21.453594 0.000000 21.453594
253.678360 172.175873 0.381172 18.197689 0.000000 18.197689
176.928085 123.500000 0.380595 4140.817383 0.000000 4140.817383
465.500000 212.377182 0.380357 132.868668 0.000000 132.868668
418.836121 393.618774 0.379158 19.876503 0.000000 19.876503
286.500000 396.500000 0.378678 51.113861 0.000000 51.113861
12.500000 157.874283 0.378552 47.450455 0.000000 47.450455
315.960571 167.500000 0.378551 20.503025 0.000000 20.503025
223.198853 295.500000 0.377865 17.520447 0.000000 17.520447
263.207794 400.262604 0.377678 16.285889 0.000000 16.285889
237.318756 273.614899 0.377645 19.124811 0.000000 19.124811
167.500000 427.621307 0.376914 38.236343 0.000000 38.236343
272.924133 160.777451 0.376799 20.549736 0.000000 20.549736
502.500000 310.500000 0.376645 1621.961792 0.000000 1621.961792
19.695776 173.500000 0.376351 30.093048 0.000000 30.093048
127.500000 267.712036 0.375415 193.214371 0.000000 193.214371
300.209930 214.619781 0.375356 21.292929 0.000000 21.292929
103.175049 12.596737 0.375066 78.121933 0.000000 78.121933
416.500000 124.276451 0.374779 24.392075 0.000000 24.392075
574.500000 395.122894 0.374738 2333.752930 0.000000 2333.752930
398.824158 415.500000 0.374630 208.299744 0.000000 208.299744
211.500000 371.500000 0.374465 390.273254 0.000000 390.273254
49.500000 174.500000 0.374463 22.526579 0.000000 22.526579
502.500000 302.500000 0.374151 1324.436401 0.000000 1324.436401
530.799683 118.768951 0.374148 18.295910 0.000000 18.295910
161.500000 155.500000 0.374021 31.220024 0.000000 31.220024
88.423164 422.500000 0.373915 2980.243408 0.000000 2980.243408
165.635345 165.394653 0.373882 17.010763 0.000000 17.010763
59.265251 307.500000 0.373675 38.720009 0.000000 38.720009
278.500000 327.500000 0.373329 54.730083 0.000000 54.730083
162.500000 166.935654 0.373217 38.720009 0.000000 38.720009
61.500000 423.500000 0.373133 139.615555 0.000000 139.615555
161.020538 37.500000 0.372840 154.880035 0.000000 154.880035
579.941223 140.258881 0.372781 19.879305 0.000000 19.879305
174.983551 308.714752 0.372518 162.563644 0.000000 162.563644
431.162628 393.500000 0.372105 144.695236 0.000000 144.695236
558.500000 202.516037 0.371658 1963.544922 0.000000 1963.544922
550.500000 107.426826 0.371052 25.406239 0.000000 25.406239
133.232300 280.500000 0.370916 19.704048 0.000000 19.704048
200.500000 195.500000 0.370806 25.339178 0.000000 25.339178
136.464233 435.500000 0.370399 171.314880 0.000000 171.314880
322.500000 440.500000 0.369669 26.185705 0.000000 26.185705
316.390259 150.214462 0.369570 29.511728 0.000000 29.511728
160.500000 365.500000 0.369341 17.718138 0.000000 17.718138
333.500000 314.373474 0.368965 20.121523 0.000000 20.121523
111.500000 439.686707 0.368762 414.634796 0.000000 414.634796
182.500000 279.166840 0.368706 1960.809204 0.000000 1960.809204
521.500000 380.950745 0.368533 118.674644 0.000000 118.674644
287.500000 244.500000 0.368474 28.033810 0.000000 28.033810
342.500000 330.500000 0.368038 18.753120 0.000000 18.753120
220.500000 198.500000 0.368003 61.464176 0.000000 61.464176
581.237610 165.864929 0.367867 18.965117 0.000000 18.965117
587.171509 123.898994 0.367687 22.668470 0.000000 22.668470
343.042908 450.691620 0.367641 15.366042 0.000000 15.366042
115.500000 173.500000 0.367145 47.402401 0.000000 47.402401
420.279785 167.596909 0.366718 3044.601318 0.000000 3044.601318
216.883881 259.559448 0.366564 44.422535 0.000000 44.422535
27.154976 187.035110 0.366478 30.231640 0.000000 30.231640
525.500000 414.836548 0.366178 22.845575 0.000000 22.845575
440.500000 335.500000 0.366038 24.392075 0.000000 24.392075
180.300293 149.261993 0.365842 22.517590 0.000000 22.517590
175.152115 314.393524 0.365815 21.825071 0.000000 21.825071
591.887451 407.500000 0.365448 18.815649 0.000000 18.815649
273.500000 411.500000 0.365359 19.550314 0.000000 19.550314
261.786255 150.311966 0.365161 73.429970 0.000000 73.429970
126.500000 418.366089 0.364931 29.050968 0.000000 29.050968
315.967896 45.055836 0.364788 30.844870 0.000000 30.844870
387.133301 318.154602 0.364703 17.456867 0.000000 17.456867
443.094177 418.175751 0.364642 16.984011 0.000000 16.984011
604.776428 111.766785 0.364462 17.979406 0.000000 17.979406
525.782593 376.229004 0.364434 30.251511 0.000000 30.251511
565.307251 401.500000 0.364000 42.432091 0.000000 42.432091
353.500000 458.500000 0.363641 38.720009 0.000000 38.720009
212.724121 273.500000 0.363631 26.777187 0.000000 26.777187
240.307083 290.183929 0.363267 31.699591 0.000000 31.699591
357.944458 358.709015 0.363227 28.505835 0.000000 28.505835
416.908691 361.574127 0.362765 32.581970 0.000000 32.581970
113.500000 171.388947 0.362638 31.850071 0.000000 31.850071
99.500000 309.500000 0.362468 31.934189 0.000000 31.934189
516.443665 134.138458 0.362292 134.755386 0.000000 134.755386
60.178677 462.500000 0.362087 32.581219 0.000000 32.581219
321.500000 15.521358 0.361827 38.720009 0.000000 38.720009
296.083649 448.389374 0.361822 311.710693 0.000000 311.710693
349.784729 277.500000 0.361622 18.005270 0.000000 18.005270
225.500000 218.601013 0.361454 50.694656 0.000000 50.694656
13.500000 421.500000 0.361151 138.473267 0.000000 138.473267
379.988312 393.500000 0.360871 32.122612 0.000000 32.122612
254.225021 8.500000 0.360539 24.392075 0.000000 24.392075
565.500000 136.371857 0.360277 187.619232 0.000000 187.619232
148.760971 290.604767 0.359574 29.350857 0.000000 29.350857
77.950851 308.500000 0.359425 29.341888 0.000000 29.341888
478.500000 170.500000 0.358460 24.329065 0.000000 24.329065
183.888824 260.581665 0.358133 50.355274 0.000000 50.355274
62.084576 389.271973 0.358064 24.181576 0.000000 24.181576
578.478271 101.079880 0.357944 17.749519 0.000000 17.749519
159.500000 13.500000 0.357824 97.568314 0.000000 97.568314
408.836853 291.848602 0.357588 34.741131 0.000000 34.741131
333.434326 142.500000 0.357541 56.954861 0.000000 56.954861
287.124908 300.298767 0.357160 17.241940 0.000000 17.241940
400.558807 316.500000 0.356950 24.392075 0.000000 24.392075
567.500000 211.500000 0.356871 170.460251 0.000000 170.460251
407.500000 267.500000 0.356815 649.841797 0.000000 649.841797
138.908066 173.500000 0.356399 33.513870 0.000000 33.513870
34.163277 204.984634 0.356360 19.023205 0.000000 19.023205
164.653992 279.911774 0.356264 74.355736 0.000000 74.355736
543.390686 279.744232 0.356125 28.326744 0.000000 28.326744
587.500000 334.801483 0.355970 26.858196 0.000000 26.858196
173.282730 309.693817 0.355951 97.568314 0.000000 97.568314
368.714905 203.500000 0.355916 23.255539 0.000000 23.255539
601.026855 420.732391 0.355690 32.484013 0.000000 32.484013
42.471504 205.913147 0.355621 20.028219 0.000000 20.028219
426.977417 392.690582 0.355423 21.601463 0.000000 21.601463
331.664490 357.273010 0.355287 23.033379 0.000000 23.033379
442.593384 67.214661 0.355234 227.849274 0.000000 227.849274
198.546341 278.500000 0.355212 15.883569 0.000000 15.883569
555.500000 83.190109 0.355111 106.956665 0.000000 106.956665
310.566345 445.478546 0.355024 75.084290 0.000000 75.084290
373.500000 201.500000 0.354978 38.720009 0.000000 38.720009
317.473419 325.487030 0.354819 84.380226 0.000000 84.380226
158.473907 231.960068 0.354762 55.312286 0.000000 55.312286
353.023773 248.082581 0.354727 19.539394 0.000000 19.539394
135.385834 47.500000 0.354640 30.971460 0.000000 30.971460
11.733293 437.530029 0.354393 18.083639 0.000000 18.083639
262.563416 374.210999 0.354187 16.026829 0.000000 16.026829
270.329681 415.355316 0.354171 112.399940 0.000000 112.399940
180.188828 302.645599 0.353754 16.662636 0.000000 16.662636
238.500000 403.910187 0.353672 54.876247 0.000000 54.876247
24.500000 159.291000 0.353669 38.720009 0.000000 38.720009
204.818207 163.429657 0.353033 19.200737 0.000000 19.200737
230.500000 260.460541 0.352923 38.256985 0.000000 38.256985
612.500000 375.500000 0.352844 30.860943 0.000000 30.860943
81.804497 170.449448 0.352669 38.451187 0.000000 38.451187
264.307495 433.073883 0.352643 17.114714 0.000000 17.114714
235.826508 46.800537 0.352547 37.164112 0.000000 37.164112
238.351624 370.923431 0.352113 31.809933 0.000000 31.809933
324.189941 216.500000 0.351081 23.999548 0.000000 23.999548
489.500000 133.500000 0.350569 24.392075 0.000000 24.392075
416.500000 387.500000 0.350083 30.564957 0.000000 30.564957
504.863647 220.500000 0.349841 23.245609 0.000000 23.245609
460.811890 404.500000 0.349771 19.772463 0.000000 19.772463
471.500000 460.322784 0.349344 24.392075 0.000000 24.392075
195.274307 297.812866 0.348967 38.525639 0.000000 38.525639
80.355003 295.500000 0.348821 49.215942 0.000000 49.215942
50.445644 388.112762 0.348496 21.621254 0.000000 21.621254
611.500000 146.376450 0.347908 24.540539 0.000000 24.540539
326.500000 447.500000 0.347457 61.464176 0.000000 61.464176
207.754410 407.163422 0.347350 107.796059 0.000000 107.796059
101.189728 195.166916 0.346932 300.366577 0.000000 300.366577
607.870178 109.039841 0.346901 85.266106 0.000000 85.266106
554.437378 117.893257 0.346802 23.649065 0.000000 23.649065
115.500000 309.690094 0.346606 21.477177 0.000000 21.477177
526.917969 271.446869 0.346489 29.282820 0.000000 29.282820
16.508133 187.165329 0.346145 28.440947 0.000000 28.440947
536.429504 301.875885 0.346113 44.539764 0.000000 44.539764
57.500000 153.500000 0.345884 28.277203 0.000000 28.277203
385.500000 371.065857 0.345776 97.568314 0.000000 97.568314
85.500000 343.500000 0.345771 38.720009 0.000000 38.720009
223.037384 433.990570 0.345735 22.005426 0.000000 22.005426
291.687897 253.475571 0.345582 15.366042 0.000000 15.366042
279.500000 408.500000 0.345115 24.392075 0.000000 24.392075
135.110901 407.500000 0.344589 24.392075 0.000000 24.392075
476.314026 446.500000 0.344288 20.603920 0.000000 20.603920
414.500000 409.154083 0.344145 15.576618 0.000000 15.576618
109.578651 456.485748 0.343910 61.464176 0.000000 61.464176
37.500000 421.176819 0.343683 16.788841 0.000000 16.788841
219.720779 409.098267 0.343461 34.189346 0.000000 34.189346
248.387451 456.061035 0.343441 18.570801 0.000000 18.570801
235.500000 267.500000 0.343433 4583.009766 0.000000 4583.009766
589.317505 319.125031 0.343400 41.768356 0.000000 41.768356
214.402588 349.605804 0.343300 24.392075 0.000000 24.392075
481.500000 446.275665 0.343168 43.526493 0.000000 43.526493
125.182808 279.500000 0.342906 19.974083 0.000000 19.974083
101.814735 278.220734 0.342758 23.261406 0.000000 23.261406
330.326813 451.365051 0.342536 15.366042 0.000000 15.366042
241.121048 314.995789 0.342518 33.317970 0.000000 33.317970
145.625961 356.282166 0.341744 18.049938 0.000000 18.049938
301.711731 403.806580 0.341735 17.837769 0.000000 17.837769
4.011438 321.500000 0.341733 29.324099 0.000000 29.324099
523.500000 362.192169 0.341222 97.720734 0.000000 97.720734
583.500000 348.969727 0.341187 31.932863 0.000000 31.932863
435.900879 311.371521 0.340549 22.440311 0.000000 22.440311
89.500000 140.500000 0.340338 15.627744 0.000000 15.627744
441.500000 149.500000 0.340303 135.860123 0.000000 135.860123
352.810211 422.585114 0.339628 17.178646 0.000000 17.178646
15.500000 455.500000 0.339515 38.537151 0.000000 38.537151
303.424561 221.686554 0.339272 19.713072 0.000000 19.713072
422.941467 412.701416 0.339146 33.722179 0.000000 33.722179
306.066040 50.267780 0.338791 23.992788 0.000000 23.992788
168.682938 435.500000 0.338785 112.185417 0.000000 112.185417
176.468140 15.500000 0.338636 135.825363 0.000000 135.825363
326.040985 168.500000 0.338631 61.464176 0.000000 61.464176
186.706146 439.500000 0.338086 129.516708 0.000000 129.516708
584.005310 383.405212 0.337881 31.489492 0.000000 31.489492
334.023010 375.550568 0.337832 27.786320 0.000000 27.786320
535.858398 389.268219 0.337713 41.852261 0.000000 41.852261
205.500000 237.070419 0.337666 90.284142 0.000000 90.284142
374.628479 338.369080 0.337607 19.367790 0.000000 19.367790
307.500000 29.395502 0.337475 933.736938 0.000000 933.736938
79.408279 400.556061 0.337357 15.469604 0.000000 15.469604
447.500000 284.109650 0.337275 27.454834 0.000000 27.454834
125.760178 452.985504 0.336790 18.055700 0.000000 18.055700
14.662861 434.288879 0.336775 31.510393 0.000000 31.510393
535.579163 188.452774 0.336650 16.211084 0.000000 16.211084
97.907692 243.500000 0.336583 24.392075 0.000000 24.392075
68.024269 339.865723 0.336473 24.392075 0.000000 24.392075
280.373932 387.696289 0.336161 24.392075 0.000000 24.392075
312.496002 419.998352 0.336153 24.392075 0.000000 24.392075
562.700012 274.011871 0.336033 34.262276 0.000000 34.262276
593.342590 373.164581 0.335975 26.777094 0.000000 26.777094
386.250153 270.935822 0.335864 21.102816 0.000000 21.102816
387.635101 70.251549 0.335627 64.581932 0.000000 64.581932
414.926147 160.066879 0.334626 154.880035 0.000000 154.880035
275.821533 370.767578 0.334443 32.736141 0.000000 32.736141
311.500000 450.500000 0.333978 23.251472 0.000000 23.251472
386.718323 7.233957 0.333882 21.913540 0.000000 21.913540
398.500000 435.468781 0.333479 45.697769 0.000000 45.697769
363.500000 453.500000 0.333359 15.366042 0.000000 15.366042
217.500000 190.277008 0.332549 19.303562 0.000000 19.303562
332.244629 130.979431 0.332110 21.123344 0.000000 21.123344
199.500000 135.782928 0.331765 24.392075 0.000000 24.392075
330.945618 71.737877 0.331466 33.140408 0.000000 33.140408
560.105835 297.866119 0.331409 16.233547 0.000000 16.233547
154.261520 86.654945 0.331398 235.612411 0.000000 235.612411
360.443024 141.251892 0.331334 118.883202 0.000000 118.883202
593.862732 165.706268 0.331188 25.967672 0.000000 25.967672
520.205383 146.231766 0.331062 27.366913 0.000000 27.366913
185.620285 31.500000 0.330976 619.520264 0.000000 619.520264
453.525024 461.718109 0.330879 49.228367 0.000000 49.228367
155.475204 12.792557 0.330589 38.472866 0.000000 38.472866
271.500000 160.753647 0.330534 26.042742 0.000000 26.042742
381.500000 383.117462 0.330359 39.031715 0.000000 39.031715
461.849884 331.974609 0.330285 37.918842 0.000000 37.918842
179.500000 39.500000 0.330090 619.520264 0.000000 619.520264
573.745667 387.500000 0.330042 26.111326 0.000000 26.111326
197.500000 121.367928 0.329962 34.170616 0.000000 34.170616
608.754456 140.553177 0.329630 82.193481 0.000000 82.193481
376.500000 121.500000 0.329558 50.302895 0.000000 50.302895
366.500000 320.500000 0.329273 15.366042 0.000000 15.366042
373.839813 204.239578 0.329074 66.353340 0.000000 66.353340
197.140137 195.500000 0.329022 80.614754 0.000000 80.614754
70.500000 173.500000 0.328820 22.446384 0.000000 22.446384
274.325867 303.749695 0.328194 29.818428 0.000000 29.818428
361.259857 250.709763 0.328146 18.186775 0.000000 18.186775
323.357819 446.793060 0.328071 18.505091 0.000000 18.505091
153.699387 124.435631 0.328051 24.091698 0.000000 24.091698
264.500000 368.500000 0.328040 17.431236 0.000000 17.431236
306.956543 236.500000 0.327957 19.915524 0.000000 19.915524
302.175812 302.500000 0.327727 17.830439 0.000000 17.830439
369.675354 43.500000 0.327665 19.489862 0.000000 19.489862
346.500000 292.500000 0.327295 36.907574 0.000000 36.907574
292.500000 285.500000 0.327097 15.366042 0.000000 15.366042
531.886353 155.491638 0.327050 19.850815 0.000000 19.850815
564.209351 101.895554 0.326930 21.393465 0.000000 21.393465
51.406727 194.507706 0.326846 83.659225 0.000000 83.659225
246.500000 274.500000 0.326518 28.181305 0.000000 28.181305
430.565582 228.235519 0.326509 26.411879 0.000000 26.411879
295.500000 261.500000 0.326420 27.969391 0.000000 27.969391
237.500000 457.500000 0.326388 61.464176 0.000000 61.464176
543.607971 287.607574 0.326291 26.807871 0.000000 26.807871
586.645081 411.687805 0.326179 619.520264 0.000000 619.520264
314.122589 177.500000 0.326145 32.145412 0.000000 32.145412
548.477966 432.528442 0.326100 33.256969 0.000000 33.256969
444.498718 411.371704 0.325817 16.191759 0.000000 16.191759
78.500000 10.500000 0.325683 38.720009 0.000000 38.720009
157.697418 245.500000 0.325581 24.859407 0.000000 24.859407
208.002731 36.717426 0.325531 27.328297 0.000000 27.328297
359.808807 402.987671 0.325442 47.318146 0.000000 47.318146
327.532745 75.451698 0.325392 86.666290 0.000000 86.666290
57.547016 422.330353 0.325156 33.904079 0.000000 33.904079
534.048279 267.500000 0.324577 16.980927 0.000000 16.980927
606.784912 386.665253 0.324457 21.425753 0.000000 21.425753
438.080658 207.025757 0.324380 12009.043945 0.000000 12009.043945
283.394623 324.324463 0.324004 18.303289 0.000000 18.303289
226.871185 137.675552 0.323491 16.567257 0.000000 16.567257
187.677734 272.056061 0.323490 24.392075 0.000000 24.392075
431.620789 419.989838 0.323388 26.537174 0.000000 26.537174
170.769073 224.085129 0.323110 18.603188 0.000000 18.603188
429.388000 338.047089 0.322963 52.736465 0.000000 52.736465
576.526123 130.415649 0.322348 29.457811 0.000000 29.457811
396.500000 423.500000 0.322217 18.811785 0.000000 18.811785
524.727478 119.500000 0.321780 49.054417 0.000000 49.054417
565.500000 139.500000 0.321538 24.392075 0.000000 24.392075
386.500000 137.500000 0.321524 18.359678 0.000000 18.359678
267.500000 386.500000 0.321260 24.392075 0.000000 24.392075
522.081665 207.375946 0.320999 20.253386 0.000000 20.253386
592.500000 424.500000 0.320841 19.606441 0.000000 19.606441
46.363155 268.715179 0.320679 78.609474 0.000000 78.609474
324.773682 170.933975 0.320324 23.363325 0.000000 23.363325
173.551208 198.500000 0.320235 15.810029 0.000000 15.810029
87.080872 226.109985 0.320161 37.370918 0.000000 37.370918
479.497559 358.500000 0.319997 18.213415 0.000000 18.213415
324.562256 316.433441 0.319813 25.107561 0.000000 25.107561
430.765686 159.408722 0.319087 18.359049 0.000000 18.359049
539.877747 102.834534 0.318895 23.572474 0.000000 23.572474
466.615051 173.500000 0.318508 97.568314 0.000000 97.568314
388.388184 391.855438 0.318192 20.794069 0.000000 20.794069
348.925110 138.640717 0.318071 27.724106 0.000000 27.724106
498.043549 142.133057 0.317878 22.286001 0.000000 22.286001
167.500000 217.918823 0.317589 323.250610 0.000000 323.250610
603.500000 239.500000 0.317104 163.160614 0.000000 163.160614
12.357113 124.379959 0.316519 41.390446 0.000000 41.390446
610.696045 427.757446 0.316110 22.583117 0.000000 22.583117
597.500000 417.500000 0.315793 109.143608 0.000000 109.143608
31.578228 341.103607 0.315678 22.518223 0.000000 22.518223
36.620113 441.728699 0.315520 20.784569 0.000000 20.784569
218.075546 302.060455 0.314954 19.875080 0.000000 19.875080
442.566742 390.500000 0.314391 59.032234 0.000000 59.032234
301.111267 185.500000 0.314281 25.895788 0.000000 25.895788
65.187630 204.725800 0.314224 20.875895 0.000000 20.875895
63.500000 164.500000 0.314148 61.464176 0.000000 61.464176
304.500000 309.500000 0.314074 38.720009 0.000000 38.720009
304.321808 367.147125 0.313920 30.845575 0.000000 30.845575
346.206757 328.961121 0.313877 41.067764 0.000000 41.067764
34.500000 426.500000 0.312920 44.479622 0.000000 44.479622
183.789856 444.500000 0.312805 58.963188 0.000000 58.963188
410.300323 208.500000 0.312339 24.392075 0.000000 24.392075
262.927216 261.500000 0.312049 24.392075 0.000000 24.392075
457.633179 454.341705 0.311951 26.362738 0.000000 26.362738
186.567749 269.756653 0.311717 34.436066 0.000000 34.436066
226.500000 305.407349 0.311375 27.008076 0.000000 27.008076
583.878784 97.249794 0.311354 17.937273 0.000000 17.937273
180.088516 133.065643 0.311005 25.570580 0.000000 25.570580
260.337280 375.795990 0.310746 91.008049 0.000000 91.008049
516.500000 395.500000 0.310565 38.720009 0.000000 38.720009
160.500000 404.615082 0.310550 36.833729 0.000000 36.833729
386.500000 146.795914 0.310243 26.263464 0.000000 26.263464
306.500000 456.227173 0.310207 19.871864 0.000000 19.871864
304.624054 199.987305 0.309960 16.094709 0.000000 16.094709
333.500000 139.374207 0.309586 65.228836 0.000000 65.228836
292.638306 22.633116 0.309566 19.296263 0.000000 19.296263
543.964294 273.426880 0.309252 24.650776 0.000000 24.650776
221.500000 360.500000 0.308802 49.880772 0.000000 49.880772
183.015976 357.934448 0.308765 50.763248 0.000000 50.763248
320.210632 460.731140 0.308594 49.942520 0.000000 49.942520
341.500000 14.195373 0.308483 102.357407 0.000000 102.357407
576.799438 318.500000 0.308425 34.969727 0.000000 34.969727
341.500000 279.500000 0.308379 26.441128 0.000000 26.441128
220.500000 395.132629 0.308230 31.839167 0.000000 31.839167
441.576477 358.037018 0.307901 24.392075 0.000000 24.392075
391.500000 306.500000 0.307736 24.392075 0.000000 24.392075
459.507568 327.500000 0.307382 20.125509 0.000000 20.125509
196.398453 417.500000 0.306897 21.748343 0.000000 21.748343
149.118668 243.851715 0.306868 61.464176 0.000000 61.464176
117.500000 366.500000 0.306765 27.081959 0.000000 27.081959
412.888184 318.268890 0.306712 24.392075 0.000000 24.392075
484.637512 131.501297 0.306439 107.676567 0.000000 107.676567
311.564331 302.762695 0.306397 17.485931 0.000000 17.485931
347.125366 312.990479 0.306235 24.392075 0.000000 24.392075
438.500000 8.500000 0.306166 24.392075 0.000000 24.392075
304.331879 388.014801 0.306140 28.329674 0.000000 28.329674
422.966522 131.733566 0.306069 30.065630 0.000000 30.065630
325.103210 291.760590 0.306043 17.993675 0.000000 17.993675
51.692528 260.248199 0.305478 28.188839 0.000000 28.188839
444.525665 396.500000 0.305186 18.269295 0.000000 18.269295
596.995667 395.500000 0.305023 190.381943 0.000000 190.381943
172.647980 11.242409 0.304992 48.778961 0.000000 48.778961
526.023438 362.807251 0.304584 27.707226 0.000000 27.707226
498.977478 403.032227 0.304559 20.461046 0.000000 20.461046
233.157532 143.447021 0.304261 20.972870 0.000000 20.972870
294.378876 229.053131 0.304152 16.953852 0.000000 16.953852
347.971039 330.586090 0.304143 20.949821 0.000000 20.949821
194.500000 445.500000 0.304114 24.392075 0.000000 24.392075
516.799561 285.333801 0.304079 22.702993 0.000000 22.702993
222.666168 373.205200 0.303994 67.753441 0.000000 67.753441
82.976532 140.309555 0.303918 23.202936 0.000000 23.202936
459.387939 392.923889 0.303820 21.179539 0.000000 21.179539
304.145935 62.875698 0.303816 34.736000 0.000000 34.736000
451.500000 413.500000 0.303712 65.302750 0.000000 65.302750
160.500000 173.391312 0.302927 18.488607 0.000000 18.488607
345.500000 281.500000 0.302840 54.303673 0.000000 54.303673
271.673370 457.090759 0.302688 24.845348 0.000000 24.845348
213.172562 145.058685 0.302639 18.817249 0.000000 18.817249
576.552246 184.822296 0.302611 19.441076 0.000000 19.441076
347.342651 247.121445 0.302609 121.781723 0.000000 121.781723
543.500000 383.500000 0.302580 154.880035 0.000000 154.880035
393.194977 386.500000 0.302411 27.200279 0.000000 27.200279
482.802612 447.292145 0.301867 24.392075 0.000000 24.392075
235.120499 137.790222 0.301021 515.754822 0.000000 515.754822
394.697205 379.500000 0.300871 18.775358 0.000000 18.775358
304.905121 317.555359 0.300701 25.686541 0.000000 25.686541
387.500000 147.414032 0.300668 24.392075 0.000000 24.392075
80.844742 172.618149 0.300604 21.781658 0.000000 21.781658
322.214783 192.743454 0.300351 18.477743 0.000000 18.477743
