854
271.216461 344.189819 1.263522 80.166885 0.000000 80.166885
28.082207 320.006592 1.146436 56.612309 0.000000 56.612309
252.456879 336.280762 1.138893 37.570507 0.000000 37.570507
606.974487 145.475601 1.129144 67.501549 0.000000 67.501549
341.926178 385.382385 1.107334 183.958511 0.000000 183.958511
589.560120 144.755859 1.081655 61.464176 0.000000 61.464176
273.130157 303.962189 1.079515 61.464176 0.000000 61.464176
586.866516 346.028931 1.021749 44.270199 0.000000 44.270199
603.345825 346.877167 1.018219 49.841404 0.000000 49.841404
166.302322 340.362396 0.981284 45.487705 0.000000 45.487705
446.491364 327.034027 0.978133 25.900414 0.000000 25.900414
13.877566 365.500000 0.952418 75.904892 0.000000 75.904892
587.450012 295.543182 0.946749 49.781109 0.000000 49.781109
605.255127 245.829437 0.946153 54.335800 0.000000 54.335800
605.682068 231.322601 0.943726 51.873318 0.000000 51.873318
588.607483 245.014908 0.941783 47.787941 0.000000 47.787941
535.500000 403.548706 0.941517 174.675583 0.000000 174.675583
215.699310 342.082123 0.937522 38.474819 0.000000 38.474819
368.600800 299.865570 0.933780 169.971817 0.000000 169.971817
604.088867 296.500000 0.930371 55.437187 0.000000 55.437187
603.664612 333.329163 0.929658 54.011753 0.000000 54.011753
581.451111 383.500000 0.920579 46.400955 0.000000 46.400955
139.882141 274.500000 0.919377 60.509350 0.000000 60.509350
409.136047 210.067841 0.917656 59.352455 0.000000 59.352455
205.405823 141.115967 0.908135 52.009113 0.000000 52.009113
129.370926 182.579315 0.905746 70.182884 0.000000 70.182884
608.134094 93.103485 0.886680 59.780296 0.000000 59.780296
385.003998 335.678314 0.882945 26.601078 0.000000 26.601078
197.529648 356.433075 0.870362 70.140404 0.000000 70.140404
504.293945 378.652344 0.863371 94.019226 0.000000 94.019226
416.370300 248.184036 0.860608 51.486649 0.000000 51.486649
588.941406 231.448471 0.857541 53.001717 0.000000 53.001717
604.409790 282.089905 0.848977 53.293804 0.000000 53.293804
595.500000 185.838470 0.841906 390.273254 0.000000 390.273254
449.932800 213.086899 0.840862 16.559242 0.000000 16.559242
130.043518 180.067337 0.834994 19.889606 0.000000 19.889606
589.737000 179.535965 0.829330 53.206711 0.000000 53.206711
591.405029 80.400719 0.816886 61.464176 0.000000 61.464176
589.927307 195.835373 0.815891 38.720009 0.000000 38.720009
221.882477 211.641571 0.815679 321.181488 0.000000 321.181488
559.937561 354.106018 0.812929 138.252365 0.000000 138.252365
285.443878 173.930557 0.810402 107.133446 0.000000 107.133446
489.500000 233.631714 0.807959 54.007175 0.000000 54.007175
55.741257 369.767303 0.807684 23.981901 0.000000 23.981901
295.705841 419.746429 0.805979 796.966125 0.000000 796.966125
71.148666 242.667816 0.805401 77.698364 0.000000 77.698364
112.500000 361.942017 0.804863 36.656517 0.000000 36.656517
587.347412 281.500000 0.804240 53.222809 0.000000 53.222809
129.053833 395.424408 0.794086 38.720009 0.000000 38.720009
487.443909 329.270508 0.793191 97.568314 0.000000 97.568314
55.913654 352.500000 0.792236 48.064117 0.000000 48.064117
60.343792 282.500000 0.790201 38.720009 0.000000 38.720009
225.347260 251.500000 0.785661 379.968414 0.000000 379.968414
14.012862 348.748444 0.778875 96.394997 0.000000 96.394997
50.914436 233.863251 0.777768 116.013435 0.000000 116.013435
21.021400 394.500000 0.772512 24.392075 0.000000 24.392075
131.212311 213.500000 0.764719 141.640503 0.000000 141.640503
472.953125 189.918137 0.753026 361.074219 0.000000 361.074219
306.797546 386.639801 0.752500 33.559334 0.000000 33.559334
487.862793 338.664307 0.749975 202.530670 0.000000 202.530670
307.058289 356.500000 0.748446 26.913357 0.000000 26.913357
193.578033 269.039917 0.747604 24.392075 0.000000 24.392075
266.878296 410.974640 0.747104 160.303543 0.000000 160.303543
114.172150 346.836426 0.746564 38.720009 0.000000 38.720009
215.162766 359.207184 0.740412 27.420475 0.000000 27.420475
482.793182 345.414185 0.735247 19.226706 0.000000 19.226706
590.445679 94.628853 0.734372 54.514088 0.000000 54.514088
580.724304 41.749218 0.731567 42.600433 0.000000 42.600433
596.500000 41.330688 0.730750 38.720009 0.000000 38.720009
608.595947 78.905289 0.730312 54.020088 0.000000 54.020088
504.430786 347.213287 0.726561 17.783756 0.000000 17.783756
487.068634 253.148239 0.726528 21.166904 0.000000 21.166904
280.894806 261.718018 0.725396 51.967365 0.000000 51.967365
520.820007 242.647781 0.721578 153.639771 0.000000 153.639771
75.141327 422.091187 0.720059 211.938904 0.000000 211.938904
385.353027 336.509003 0.711489 505.509735 0.000000 505.509735
66.000282 210.821671 0.711098 35.226585 0.000000 35.226585
221.916702 430.704926 0.707951 196.920486 0.000000 196.920486
94.247253 196.943115 0.702661 124.798706 0.000000 124.798706
398.566376 376.795532 0.701427 279.730621 0.000000 279.730621
26.731499 307.956665 0.701031 42.362301 0.000000 42.362301
456.962097 349.951111 0.700227 136.525436 0.000000 136.525436
403.500000 330.732819 0.698716 37.686230 0.000000 37.686230
587.828552 413.177002 0.696959 18.022169 0.000000 18.022169
242.640396 368.512268 0.696877 111.164711 0.000000 111.164711
456.383453 190.894485 0.690176 27.974924 0.000000 27.974924
39.211468 198.341599 0.689844 32.782963 0.000000 32.782963
301.984741 168.500000 0.689720 60.895710 0.000000 60.895710
330.500000 293.580688 0.688100 15.859488 0.000000 15.859488
48.937683 204.260696 0.685664 19.321428 0.000000 19.321428
80.256744 410.125671 0.684758 18.107992 0.000000 18.107992
227.907471 203.893051 0.684300 71.806313 0.000000 71.806313
347.030792 341.281708 0.682145 289.316101 0.000000 289.316101
437.983276 403.500000 0.680349 93.931084 0.000000 93.931084
541.074890 329.641083 0.676634 796.013672 0.000000 796.013672
202.810776 267.962738 0.676507 51.692932 0.000000 51.692932
448.668701 193.022415 0.676188 17.344782 0.000000 17.344782
99.500000 350.397064 0.676048 579.023926 0.000000 579.023926
478.500000 286.002167 0.675950 15.987538 0.000000 15.987538
612.021912 39.884232 0.675758 38.720009 0.000000 38.720009
111.297554 351.079132 0.675269 154.880035 0.000000 154.880035
105.500000 264.348419 0.675178 97.568314 0.000000 97.568314
329.500000 443.851563 0.674740 133.057449 0.000000 133.057449
280.945984 222.645004 0.674217 24.392075 0.000000 24.392075
560.375061 34.801178 0.673538 24.392075 0.000000 24.392075
154.593246 433.612000 0.673276 58.141651 0.000000 58.141651
211.500000 410.556274 0.671259 110.789528 0.000000 110.789528
77.913872 345.378326 0.670301 110.988792 0.000000 110.988792
551.500000 426.318359 0.669832 39.360680 0.000000 39.360680
101.602074 394.928711 0.669739 20.369976 0.000000 20.369976
327.997070 226.154007 0.668240 21.790386 0.000000 21.790386
290.345154 353.960022 0.666854 91.359039 0.000000 91.359039
181.500000 436.500000 0.665211 44.614098 0.000000 44.614098
280.141541 188.036285 0.664037 20.861448 0.000000 20.861448
490.607025 329.512115 0.663773 20.294992 0.000000 20.294992
153.500000 432.741058 0.663286 98.553658 0.000000 98.553658
478.293762 294.938232 0.662328 18.101078 0.000000 18.101078
384.681915 302.945404 0.662260 22.247007 0.000000 22.247007
608.947998 148.316162 0.660706 20.987486 0.000000 20.987486
364.010742 294.075348 0.659663 20.333389 0.000000 20.333389
269.730927 224.782074 0.658110 22.130119 0.000000 22.130119
469.179749 294.834412 0.657005 18.929665 0.000000 18.929665
385.355713 348.434845 0.654733 40.122601 0.000000 40.122601
50.169472 230.967209 0.652236 54.946632 0.000000 54.946632
55.591583 367.500000 0.650782 74.270432 0.000000 74.270432
452.634796 342.258209 0.647972 380.089874 0.000000 380.089874
181.132767 437.500000 0.646078 38.561909 0.000000 38.561909
372.705719 294.353455 0.645575 19.588696 0.000000 19.588696
446.019897 334.462585 0.644990 23.444164 0.000000 23.444164
198.599930 391.943115 0.643610 35.438057 0.000000 35.438057
404.066681 353.985413 0.642719 35.480705 0.000000 35.480705
402.976349 335.927032 0.641994 15.878685 0.000000 15.878685
229.500000 201.500000 0.641823 38.720009 0.000000 38.720009
402.500000 224.500000 0.641709 29.402195 0.000000 29.402195
272.603149 436.965698 0.632680 84.000298 0.000000 84.000298
197.500000 388.690094 0.626823 101.187050 0.000000 101.187050
269.727631 246.082657 0.626793 38.720009 0.000000 38.720009
184.500000 305.493286 0.626591 26.794807 0.000000 26.794807
448.500000 372.924591 0.625595 61.464176 0.000000 61.464176
605.459778 192.932541 0.620653 72.952469 0.000000 72.952469
223.500000 245.500000 0.619679 154.880035 0.000000 154.880035
352.018402 301.914215 0.619545 20.921362 0.000000 20.921362
608.008362 268.204254 0.618168 17.864109 0.000000 17.864109
116.909805 424.452850 0.617130 28.141066 0.000000 28.141066
416.805664 409.391968 0.616980 133.930527 0.000000 133.930527
116.227402 230.926468 0.616970 50.930645 0.000000 50.930645
519.218445 218.101028 0.616892 24.392075 0.000000 24.392075
76.600052 262.347076 0.614682 123.445381 0.000000 123.445381
242.109039 285.854553 0.611164 37.815376 0.000000 37.815376
479.643524 406.054321 0.609908 24.361826 0.000000 24.361826
481.784668 374.708374 0.608204 23.830082 0.000000 23.830082
31.610075 367.039612 0.607689 51.375996 0.000000 51.375996
124.594543 310.500000 0.605834 3160.632324 0.000000 3160.632324
70.834801 427.789368 0.602507 22.554913 0.000000 22.554913
35.836819 244.500000 0.601879 40.087585 0.000000 40.087585
27.357300 198.518478 0.601034 42.074345 0.000000 42.074345
394.912659 198.020187 0.600905 22.116919 0.000000 22.116919
250.612579 244.744385 0.599285 128.020691 0.000000 128.020691
113.500000 396.306763 0.596083 47.814468 0.000000 47.814468
62.500000 271.798737 0.595291 17.732216 0.000000 17.732216
384.231567 347.980408 0.595194 151.530029 0.000000 151.530029
505.677216 321.898285 0.594862 22.979553 0.000000 22.979553
48.500000 420.500000 0.593805 19.429110 0.000000 19.429110
458.708771 407.139496 0.592333 24.211670 0.000000 24.211670
10.026795 346.744965 0.592282 24.392075 0.000000 24.392075
199.664932 312.866516 0.591279 98.610435 0.000000 98.610435
130.133469 246.557968 0.590910 46.173233 0.000000 46.173233
462.500000 323.037140 0.590135 2083.021973 0.000000 2083.021973
51.654198 259.500000 0.587835 25.916330 0.000000 25.916330
25.697758 313.127045 0.587025 465.230072 0.000000 465.230072
423.695435 216.442337 0.586780 24.392075 0.000000 24.392075
473.548523 194.185669 0.586407 29.692327 0.000000 29.692327
509.213837 430.500000 0.586183 47.014400 0.000000 47.014400
372.690674 304.649475 0.585026 19.548033 0.000000 19.548033
279.474457 164.500000 0.584075 17.664520 0.000000 17.664520
402.390686 382.881409 0.582210 29.203924 0.000000 29.203924
172.702454 239.500000 0.580884 16.833281 0.000000 16.833281
371.500000 448.995728 0.580670 22.436621 0.000000 22.436621
585.944702 331.205719 0.577897 53.533241 0.000000 53.533241
38.482567 264.067017 0.577676 122.827309 0.000000 122.827309
49.500000 423.500000 0.575907 125.686661 0.000000 125.686661
118.782532 406.205048 0.575688 579.355164 0.000000 579.355164
99.500000 419.953583 0.575610 355.417999 0.000000 355.417999
130.500000 197.491577 0.575271 38.720009 0.000000 38.720009
362.204529 239.689651 0.575210 51.238903 0.000000 51.238903
216.872238 392.159119 0.575176 24.392075 0.000000 24.392075
289.918060 225.902069 0.574758 31.082542 0.000000 31.082542
76.988556 391.500000 0.574654 83.553696 0.000000 83.553696
475.351563 291.374512 0.571730 134.729584 0.000000 134.729584
492.855103 376.181793 0.569102 24.392075 0.000000 24.392075
243.500000 441.500000 0.568888 19.655544 0.000000 19.655544
526.405029 379.490692 0.568095 104.528442 0.000000 104.528442
551.198425 399.255585 0.567698 20.453968 0.000000 20.453968
405.721069 439.452820 0.567484 113.601807 0.000000 113.601807
188.693207 419.280609 0.567050 113.130005 0.000000 113.130005
293.162231 356.500000 0.567005 17.640638 0.000000 17.640638
505.196808 254.173737 0.565960 21.493076 0.000000 21.493076
566.720886 42.500000 0.565252 29.450838 0.000000 29.450838
546.623779 216.500000 0.564259 28.489223 0.000000 28.489223
96.557381 385.674469 0.562889 38.720009 0.000000 38.720009
305.500000 204.074493 0.562606 24.392075 0.000000 24.392075
352.370422 225.138138 0.562469 79.879723 0.000000 79.879723
166.758377 311.553375 0.562276 53.255283 0.000000 53.255283
532.733887 232.593903 0.561156 38.833805 0.000000 38.833805
155.020477 258.539124 0.559530 97.568314 0.000000 97.568314
215.857697 356.771088 0.558176 68.426666 0.000000 68.426666
128.075592 422.754303 0.558025 84.080223 0.000000 84.080223
83.680511 437.728516 0.557717 19.717661 0.000000 19.717661
442.252533 266.439697 0.557546 390.273254 0.000000 390.273254
304.529053 189.202148 0.557241 24.392075 0.000000 24.392075
380.830627 218.820038 0.555180 80.964577 0.000000 80.964577
129.043091 361.486359 0.554868 37.457737 0.000000 37.457737
156.881500 400.241302 0.553823 289.305969 0.000000 289.305969
369.929779 282.152710 0.553592 80.985855 0.000000 80.985855
49.888767 245.026535 0.553169 21.053995 0.000000 21.053995
384.210419 330.555786 0.552272 129.655319 0.000000 129.655319
541.500000 212.267044 0.552059 102.867348 0.000000 102.867348
529.503357 208.231827 0.551358 390.273254 0.000000 390.273254
109.448479 395.269104 0.549857 32.537361 0.000000 32.537361
215.547928 216.500000 0.549796 40.099537 0.000000 40.099537
280.358032 405.250793 0.549415 23.655174 0.000000 23.655174
20.728283 426.500000 0.548128 30.608349 0.000000 30.608349
346.139282 349.284637 0.546796 45.374828 0.000000 45.374828
607.796082 128.500000 0.546746 49.289932 0.000000 49.289932
403.849335 232.317871 0.546161 72.377678 0.000000 72.377678
433.356781 252.289124 0.544502 27.446609 0.000000 27.446609
56.473633 362.970184 0.544395 26.604462 0.000000 26.604462
591.500000 339.500000 0.544311 386.698547 0.000000 386.698547
130.876495 220.104187 0.543269 29.978683 0.000000 29.978683
386.622498 380.955200 0.543035 58.147083 0.000000 58.147083
483.289429 329.140503 0.540324 24.392075 0.000000 24.392075
297.500000 407.131348 0.539757 245.856750 0.000000 245.856750
469.500000 373.623901 0.538784 24.392075 0.000000 24.392075
54.500282 428.661926 0.537875 50.713257 0.000000 50.713257
549.422607 311.997162 0.537249 24.392075 0.000000 24.392075
219.244385 246.500000 0.536436 58.388851 0.000000 58.388851
238.500000 219.984711 0.536159 24.392075 0.000000 24.392075
96.500000 364.545135 0.536034 46.731846 0.000000 46.731846
139.022415 325.329132 0.535528 20.034874 0.000000 20.034874
242.830841 160.771103 0.535300 20.550709 0.000000 20.550709
481.326294 201.954895 0.535257 26.435606 0.000000 26.435606
267.764008 387.568054 0.535236 28.002708 0.000000 28.002708
482.500000 181.259018 0.534774 24.392075 0.000000 24.392075
30.500000 351.498749 0.533970 34.375629 0.000000 34.375629
199.979767 312.585999 0.533352 61.464176 0.000000 61.464176
282.736084 203.067932 0.531636 33.426384 0.000000 33.426384
12.162137 393.932617 0.531492 16.999531 0.000000 16.999531
483.500000 235.051895 0.531013 323.727264 0.000000 323.727264
295.166656 217.500000 0.529891 18.245937 0.000000 18.245937
289.500000 227.500000 0.528004 24.392075 0.000000 24.392075
527.686096 446.067749 0.527958 23.546724 0.000000 23.546724
302.950623 215.193588 0.527782 17.653318 0.000000 17.653318
91.859383 410.937256 0.527640 27.061167 0.000000 27.061167
229.471405 215.077652 0.527259 24.305891 0.000000 24.305891
459.854462 330.048279 0.526837 50.168007 0.000000 50.168007
433.428925 161.862549 0.526073 16.749035 0.000000 16.749035
444.087311 432.787323 0.525851 48.840954 0.000000 48.840954
159.047150 271.773743 0.525786 53.291862 0.000000 53.291862
70.656441 212.352158 0.525505 123.932083 0.000000 123.932083
530.206421 347.606354 0.525102 96.809052 0.000000 96.809052
290.021881 338.097900 0.525100 97.568314 0.000000 97.568314
61.908772 315.310822 0.524099 19.656994 0.000000 19.656994
247.803619 223.929138 0.522920 42.724060 0.000000 42.724060
346.964417 330.500000 0.521549 46.468185 0.000000 46.468185
151.724228 212.015396 0.521216 138.780884 0.000000 138.780884
292.041534 179.500000 0.520127 355.582855 0.000000 355.582855
602.866882 378.812256 0.518731 25.750992 0.000000 25.750992
300.137421 181.500000 0.518683 99.702728 0.000000 99.702728
89.361290 427.500000 0.518251 619.520264 0.000000 619.520264
560.768799 434.285522 0.517433 34.528839 0.000000 34.528839
185.500000 225.500000 0.517234 97.568314 0.000000 97.568314
564.717651 415.500000 0.517152 270.798096 0.000000 270.798096
254.881989 308.691772 0.517046 78.388710 0.000000 78.388710
290.377014 223.500000 0.516777 23.755770 0.000000 23.755770
352.444305 242.314392 0.515354 27.126648 0.000000 27.126648
226.425842 327.500000 0.515254 19.975019 0.000000 19.975019
128.275024 345.500000 0.514972 35.853561 0.000000 35.853561
328.500000 366.360596 0.514914 24.392075 0.000000 24.392075
534.032410 436.824768 0.514594 327.257202 0.000000 327.257202
71.703568 260.454437 0.512709 25.314819 0.000000 25.314819
221.137054 228.500000 0.512667 47.486076 0.000000 47.486076
14.706210 233.122711 0.511776 18.537437 0.000000 18.537437
451.722748 381.908234 0.511699 24.392075 0.000000 24.392075
188.620422 404.932343 0.511389 16.790005 0.000000 16.790005
224.844299 156.096466 0.510709 24.302679 0.000000 24.302679
127.939377 347.383362 0.510215 50.688160 0.000000 50.688160
274.774902 421.783539 0.510153 31.581558 0.000000 31.581558
562.742004 225.865112 0.509059 97.568314 0.000000 97.568314
288.420959 168.500000 0.508564 38.374622 0.000000 38.374622
84.940704 397.500000 0.507958 15.756102 0.000000 15.756102
129.180450 408.888336 0.506832 61.297489 0.000000 61.297489
485.500000 211.500000 0.506738 24.392075 0.000000 24.392075
5.166241 258.766205 0.506340 53.331867 0.000000 53.331867
76.752739 264.946075 0.506016 286.260834 0.000000 286.260834
543.500000 352.272369 0.505955 61.464176 0.000000 61.464176
323.087036 213.091431 0.505484 38.720009 0.000000 38.720009
476.126343 211.061325 0.505002 22.852587 0.000000 22.852587
18.322746 218.773560 0.504476 53.381348 0.000000 53.381348
318.190369 401.759460 0.504092 73.960777 0.000000 73.960777
206.405396 171.781296 0.503207 1481.166626 0.000000 1481.166626
11.421614 425.500000 0.502712 20.701361 0.000000 20.701361
309.105408 308.927795 0.501793 22.769297 0.000000 22.769297
16.990427 434.687683 0.500213 20.899967 0.000000 20.899967
225.238358 419.500000 0.498426 683.943298 0.000000 683.943298
291.854614 337.656830 0.498199 53.657368 0.000000 53.657368
549.500000 351.528473 0.498019 36.849949 0.000000 36.849949
114.441910 408.604950 0.497434 27.446465 0.000000 27.446465
587.368286 396.982025 0.497093 20.757133 0.000000 20.757133
260.337524 157.500000 0.496750 38.720009 0.000000 38.720009
442.918549 250.741577 0.496525 30.489044 0.000000 30.489044
129.364563 243.500000 0.496315 109.663467 0.000000 109.663467
12.061256 241.249130 0.496283 16.507524 0.000000 16.507524
589.830139 369.103729 0.496161 21.547550 0.000000 21.547550
68.937607 232.063782 0.495185 17.523514 0.000000 17.523514
379.296844 241.127899 0.495137 16.399782 0.000000 16.399782
435.500000 222.934494 0.494995 531.898254 0.000000 531.898254
514.500000 416.527100 0.493958 29.605591 0.000000 29.605591
119.579636 271.157196 0.493772 45.587055 0.000000 45.587055
67.500000 384.787415 0.493592 46.837986 0.000000 46.837986
169.500000 270.882080 0.493518 34.842239 0.000000 34.842239
459.500000 413.852722 0.492772 97.568314 0.000000 97.568314
56.564075 357.660675 0.492492 366.536316 0.000000 366.536316
89.858215 394.814728 0.491711 35.342255 0.000000 35.342255
189.555939 416.500000 0.491382 24.392075 0.000000 24.392075
518.141357 208.937973 0.491020 31.528694 0.000000 31.528694
67.120674 227.146439 0.490870 75.534561 0.000000 75.534561
462.697235 379.107208 0.490388 1756.983032 0.000000 1756.983032
339.500000 313.052368 0.488370 259.012665 0.000000 259.012665
102.757828 230.965591 0.487811 61.464176 0.000000 61.464176
497.670563 399.262665 0.487644 130.422256 0.000000 130.422256
288.195068 204.493912 0.487447 119.356651 0.000000 119.356651
403.291779 433.012115 0.487213 53.992157 0.000000 53.992157
288.453796 322.958313 0.486620 17.628019 0.000000 17.628019
526.225708 195.385605 0.486284 128.079391 0.000000 128.079391
245.761139 439.416962 0.486177 46.052830 0.000000 46.052830
254.703110 439.500000 0.486071 24.392075 0.000000 24.392075
568.733704 202.500000 0.485768 28.115023 0.000000 28.115023
55.591320 294.238556 0.485762 706.756592 0.000000 706.756592
207.927139 391.388611 0.485013 19.599609 0.000000 19.599609
533.500000 431.500000 0.484691 82.672318 0.000000 82.672318
300.611450 176.108704 0.484024 16.802586 0.000000 16.802586
195.965332 257.500000 0.483289 19.226015 0.000000 19.226015
347.500000 186.630936 0.481745 78.370705 0.000000 78.370705
491.367981 222.062180 0.480875 50.375927 0.000000 50.375927
246.500000 388.847473 0.480738 35.982185 0.000000 35.982185
230.500000 278.500000 0.480475 1561.093262 0.000000 1561.093262
345.019897 335.038147 0.480208 97.568314 0.000000 97.568314
202.437408 271.500000 0.480111 32.991608 0.000000 32.991608
254.251678 235.641174 0.479108 36.573330 0.000000 36.573330
522.208069 224.765030 0.479022 19.760820 0.000000 19.760820
86.500000 358.166931 0.478781 27.819273 0.000000 27.819273
439.259796 308.750824 0.478211 209.948898 0.000000 209.948898
32.500000 426.473602 0.477760 41.143833 0.000000 41.143833
571.500000 447.879120 0.477713 18.585978 0.000000 18.585978
6.659559 202.198669 0.477467 20.849222 0.000000 20.849222
308.500000 422.459564 0.476588 38.720009 0.000000 38.720009
174.760132 391.728119 0.476500 80.909935 0.000000 80.909935
282.500000 186.500000 0.476300 47.265900 0.000000 47.265900
204.500000 247.500000 0.475818 61.464176 0.000000 61.464176
380.448029 257.818665 0.474753 29.274088 0.000000 29.274088
244.624298 435.284424 0.473550 121.986549 0.000000 121.986549
33.500000 359.941803 0.473352 193.023544 0.000000 193.023544
290.093872 236.194641 0.473060 24.218508 0.000000 24.218508
403.500000 243.500000 0.472667 24.392075 0.000000 24.392075
548.154480 439.005127 0.472527 34.511333 0.000000 34.511333
337.249664 312.264587 0.472434 216.547058 0.000000 216.547058
388.780975 411.682526 0.470691 127.176414 0.000000 127.176414
323.980164 448.369446 0.470674 29.512304 0.000000 29.512304
165.500000 356.479187 0.470527 48.212055 0.000000 48.212055
163.500000 385.500000 0.470420 97.568314 0.000000 97.568314
318.500000 417.157501 0.470281 27.752594 0.000000 27.752594
409.500000 349.500000 0.469504 154.880035 0.000000 154.880035
367.923889 384.760101 0.469046 69.431664 0.000000 69.431664
95.368912 347.500000 0.468965 67.628464 0.000000 67.628464
271.500000 290.210083 0.468308 70.897415 0.000000 70.897415
231.728439 305.500000 0.468191 29.289442 0.000000 29.289442
592.723083 91.023933 0.467911 18.310101 0.000000 18.310101
186.540771 392.882874 0.466677 31.915756 0.000000 31.915756
390.007965 445.270966 0.466433 19.761011 0.000000 19.761011
236.198578 267.690308 0.464476 42.745487 0.000000 42.745487
587.922424 427.500000 0.462612 19.784275 0.000000 19.784275
331.262451 355.388275 0.462524 36.380165 0.000000 36.380165
77.354416 434.500000 0.462170 24.392075 0.000000 24.392075
16.809748 418.246246 0.461103 390.273254 0.000000 390.273254
47.500000 277.500000 0.460622 61.464176 0.000000 61.464176
346.006683 391.891876 0.460389 29.062544 0.000000 29.062544
409.720154 197.785568 0.460283 24.392075 0.000000 24.392075
460.656097 433.500000 0.460249 128.945862 0.000000 128.945862
493.500000 322.127960 0.459319 15.366042 0.000000 15.366042
417.398285 222.167984 0.459282 20.162457 0.000000 20.162457
171.054443 221.500000 0.459278 139.727066 0.000000 139.727066
100.500000 263.589722 0.458664 24.392075 0.000000 24.392075
290.478088 308.217255 0.458492 75.165543 0.000000 75.165543
190.703766 423.500000 0.458126 339.461060 0.000000 339.461060
166.750748 395.151764 0.457772 21.602488 0.000000 21.602488
185.500000 408.606140 0.457484 62.877087 0.000000 62.877087
435.500000 408.961639 0.455545 18.826630 0.000000 18.826630
521.500000 365.949951 0.455053 31.629511 0.000000 31.629511
595.500000 57.754551 0.454766 619.520264 0.000000 619.520264
89.674377 283.916901 0.454529 32.364277 0.000000 32.364277
291.774078 209.500000 0.454439 16.878906 0.000000 16.878906
273.500000 357.500000 0.453967 24.392075 0.000000 24.392075
179.500000 238.921356 0.453501 698.694458 0.000000 698.694458
123.864922 208.321243 0.453458 32.138519 0.000000 32.138519
89.923958 208.239807 0.453133 37.322323 0.000000 37.322323
149.498657 248.500000 0.452684 48.055897 0.000000 48.055897
148.500000 371.068176 0.452341 24.392075 0.000000 24.392075
544.613403 226.500000 0.452282 20.408335 0.000000 20.408335
44.500000 368.744751 0.452071 34.271038 0.000000 34.271038
306.722931 338.500000 0.451992 38.720009 0.000000 38.720009
202.865005 416.805420 0.451492 18.275984 0.000000 18.275984
192.392502 244.643951 0.451264 43.855137 0.000000 43.855137
465.890442 159.571884 0.451015 26.071459 0.000000 26.071459
39.500000 211.485992 0.450818 224.478851 0.000000 224.478851
279.500000 246.500000 0.450052 20.275766 0.000000 20.275766
458.500000 237.224106 0.449707 52.353024 0.000000 52.353024
128.134537 420.500000 0.449363 22.088636 0.000000 22.088636
160.500000 385.844788 0.449344 33.124153 0.000000 33.124153
93.500000 197.750397 0.449128 22.520487 0.000000 22.520487
174.130905 397.575043 0.448779 18.659193 0.000000 18.659193
17.803308 347.950134 0.448571 24.392075 0.000000 24.392075
267.342041 443.952728 0.447980 19.292435 0.000000 19.292435
167.500000 216.210983 0.447979 50.621254 0.000000 50.621254
552.270264 447.500000 0.447946 24.738091 0.000000 24.738091
326.210327 239.424805 0.447912 30.856041 0.000000 30.856041
178.500000 152.175995 0.447619 20.690010 0.000000 20.690010
295.127441 231.500000 0.446508 146.815536 0.000000 146.815536
496.500000 210.888458 0.446390 41.737556 0.000000 41.737556
254.409363 200.696854 0.446084 428.022125 0.000000 428.022125
498.578705 210.275604 0.445232 202.158127 0.000000 202.158127
496.193878 412.839905 0.444158 73.455864 0.000000 73.455864
73.365601 415.500000 0.444013 92.903740 0.000000 92.903740
350.535858 300.717987 0.443740 84.594307 0.000000 84.594307
151.500000 228.500000 0.443603 47.350437 0.000000 47.350437
287.500000 249.206345 0.442194 34.814968 0.000000 34.814968
248.033066 414.348602 0.441688 16.290499 0.000000 16.290499
601.500000 218.225586 0.441679 15.981573 0.000000 15.981573
165.620316 231.205215 0.441556 33.229774 0.000000 33.229774
504.500000 358.610199 0.441285 34.878941 0.000000 34.878941
177.500000 291.500000 0.441273 38.720009 0.000000 38.720009
363.371399 251.296021 0.441189 20.286160 0.000000 20.286160
147.500000 361.500000 0.440344 24.392075 0.000000 24.392075
109.171967 248.051285 0.439725 82.502281 0.000000 82.502281
5.500000 409.572174 0.439235 15.440379 0.000000 15.440379
289.584564 309.347015 0.439114 20.468761 0.000000 20.468761
297.080994 156.561798 0.438276 76.711510 0.000000 76.711510
140.249039 354.007721 0.438220 225.490784 0.000000 225.490784
399.001404 255.646866 0.438009 52.055672 0.000000 52.055672
187.163681 291.897675 0.437990 31.256489 0.000000 31.256489
311.188782 244.176941 0.437990 37.522758 0.000000 37.522758
515.763245 218.806580 0.436750 1116.598022 0.000000 1116.598022
261.615997 159.566696 0.436436 102.154793 0.000000 102.154793
376.500000 416.808411 0.436194 49.387650 0.000000 49.387650
48.650375 398.443268 0.436142 44.444901 0.000000 44.444901
460.777771 257.147736 0.435338 17.290411 0.000000 17.290411
75.215553 252.873032 0.435179 26.267038 0.000000 26.267038
165.500000 214.500000 0.433610 24.392075 0.000000 24.392075
169.691559 275.973999 0.433553 89.660210 0.000000 89.660210
182.718109 364.826050 0.433518 24.392075 0.000000 24.392075
235.500000 315.227264 0.433398 42.328075 0.000000 42.328075
491.711395 402.726501 0.433316 32.301949 0.000000 32.301949
15.310101 257.319183 0.432697 26.983217 0.000000 26.983217
497.888214 253.708939 0.432250 23.195362 0.000000 23.195362
326.227783 300.209106 0.431523 23.956156 0.000000 23.956156
399.322357 161.878586 0.430905 38.720009 0.000000 38.720009
500.262146 404.983978 0.429524 264.807648 0.000000 264.807648
343.500000 201.870682 0.429454 38.720009 0.000000 38.720009
301.373779 231.038071 0.429392 53.993889 0.000000 53.993889
331.593506 416.500000 0.429258 15.366042 0.000000 15.366042
424.073547 205.972214 0.429048 26.345304 0.000000 26.345304
293.120178 343.500000 0.428695 357.578491 0.000000 357.578491
492.141724 317.971161 0.427995 697.288147 0.000000 697.288147
457.500000 291.500000 0.427939 98.342552 0.000000 98.342552
542.704590 248.813293 0.427371 54.005089 0.000000 54.005089
188.500000 176.314087 0.427233 15.366042 0.000000 15.366042
102.500000 241.579163 0.427176 21.307739 0.000000 21.307739
433.500000 433.500000 0.426512 197.003250 0.000000 197.003250
277.605896 343.399933 0.426002 1636.920776 0.000000 1636.920776
440.500000 211.394867 0.424785 48.498726 0.000000 48.498726
280.981842 235.500000 0.424109 28.179947 0.000000 28.179947
337.691650 423.500000 0.423719 129.709000 0.000000 129.709000
187.598724 193.505585 0.423483 36.433720 0.000000 36.433720
255.276520 308.665985 0.423277 59.468994 0.000000 59.468994
381.005676 193.595978 0.423271 54.996296 0.000000 54.996296
410.560303 415.500000 0.422973 15.626012 0.000000 15.626012
82.432297 364.240021 0.422638 22.187569 0.000000 22.187569
437.270233 372.218872 0.422576 24.392075 0.000000 24.392075
42.641243 326.351074 0.422526 20.123867 0.000000 20.123867
164.326920 159.268646 0.422291 36.666615 0.000000 36.666615
557.700867 460.283295 0.422117 17.535164 0.000000 17.535164
315.500000 234.500000 0.421643 17.059296 0.000000 17.059296
599.490173 443.625122 0.421169 24.392075 0.000000 24.392075
162.779388 253.626602 0.421078 29.029095 0.000000 29.029095
460.500000 221.500000 0.420916 30.697269 0.000000 30.697269
369.043518 200.227448 0.420863 43.029034 0.000000 43.029034
409.904663 374.739380 0.420786 18.543154 0.000000 18.543154
70.500000 339.719299 0.420209 17.918623 0.000000 17.918623
487.500000 227.500000 0.420009 619.520264 0.000000 619.520264
108.500000 247.660385 0.419721 38.720009 0.000000 38.720009
133.564133 435.500000 0.419478 38.720009 0.000000 38.720009
587.228760 430.500000 0.419415 54.065769 0.000000 54.065769
51.428577 398.500000 0.419012 1733.507690 0.000000 1733.507690
576.097229 431.500000 0.418903 452.449524 0.000000 452.449524
525.500000 200.166031 0.418789 57.394428 0.000000 57.394428
208.858047 401.117798 0.418585 21.890368 0.000000 21.890368
561.129700 403.059479 0.418314 44.774017 0.000000 44.774017
603.481567 389.247284 0.417471 26.245790 0.000000 26.245790
240.398804 431.798859 0.416818 20.692457 0.000000 20.692457
436.992706 248.455536 0.416718 86.178886 0.000000 86.178886
147.500000 216.500000 0.416598 24.392075 0.000000 24.392075
383.862488 443.500000 0.416589 136.503799 0.000000 136.503799
111.307297 202.277939 0.416326 116.721527 0.000000 116.721527
169.314590 434.054871 0.416300 75.203552 0.000000 75.203552
568.710327 391.087982 0.416072 29.524900 0.000000 29.524900
63.500000 423.986053 0.415314 29.279625 0.000000 29.279625
100.743767 194.153671 0.414453 18.491688 0.000000 18.491688
584.969727 425.500000 0.414138 121.227180 0.000000 121.227180
427.868011 234.809265 0.413797 24.392075 0.000000 24.392075
508.143585 326.522736 0.413720 110.138840 0.000000 110.138840
94.303841 205.324646 0.413636 787.505493 0.000000 787.505493
153.217728 260.526428 0.413417 31.977398 0.000000 31.977398
304.500000 232.500000 0.413254 29.695160 0.000000 29.695160
108.500000 420.885529 0.413223 16.242058 0.000000 16.242058
14.863527 326.914673 0.412475 24.392075 0.000000 24.392075
371.500000 215.500000 0.412345 619.520264 0.000000 619.520264
229.415268 362.964478 0.411981 27.870825 0.000000 27.870825
229.500000 233.011124 0.411835 29.987906 0.000000 29.987906
283.500000 212.629227 0.411773 38.720009 0.000000 38.720009
458.856964 248.164871 0.411713 25.931908 0.000000 25.931908
137.468964 348.500000 0.411374 17.694290 0.000000 17.694290
244.292465 255.837296 0.411156 23.806974 0.000000 23.806974
88.500000 271.732178 0.410559 61.464176 0.000000 61.464176
279.617126 170.500000 0.410152 15.711625 0.000000 15.711625
375.500000 396.968567 0.409524 25.890760 0.000000 25.890760
30.500000 306.500000 0.409438 18.149767 0.000000 18.149767
496.570465 417.500000 0.409087 58.606869 0.000000 58.606869
58.809906 267.500000 0.409039 58.193584 0.000000 58.193584
439.809143 423.349854 0.408421 48.822220 0.000000 48.822220
468.688843 209.500000 0.407690 16.581364 0.000000 16.581364
446.899078 319.341583 0.407396 23.262539 0.000000 23.262539
214.879364 403.500000 0.406610 18.548258 0.000000 18.548258
559.773193 305.696106 0.406488 27.074734 0.000000 27.074734
177.880646 269.077332 0.406479 23.007177 0.000000 23.007177
529.500000 427.500000 0.405953 38.720009 0.000000 38.720009
585.838928 315.500000 0.404904 61.464176 0.000000 61.464176
184.324402 244.500000 0.404872 61.464176 0.000000 61.464176
182.604355 300.759277 0.404870 302.013580 0.000000 302.013580
216.499252 252.143814 0.403556 37.591148 0.000000 37.591148
161.628922 230.076187 0.403349 23.036770 0.000000 23.036770
315.500000 219.662430 0.403308 32.643833 0.000000 32.643833
578.510559 381.546356 0.403298 248.459671 0.000000 248.459671
240.739838 234.358231 0.403013 19.264555 0.000000 19.264555
167.500000 352.801178 0.402198 21.323233 0.000000 21.323233
465.610291 440.185944 0.402029 19.983532 0.000000 19.983532
304.500000 400.242889 0.402026 60.524010 0.000000 60.524010
80.081543 261.500000 0.401203 38.720009 0.000000 38.720009
456.500000 265.288452 0.400582 38.189617 0.000000 38.189617
25.030996 217.797836 0.399993 487.653412 0.000000 487.653412
209.500000 238.350693 0.399533 22.307873 0.000000 22.307873
142.414780 261.710114 0.399484 31.139187 0.000000 31.139187
272.966797 386.177521 0.398909 97.568314 0.000000 97.568314
369.099060 280.622925 0.398493 22.320515 0.000000 22.320515
30.500000 262.500000 0.398367 32.249676 0.000000 32.249676
173.500000 258.500000 0.397149 38.720009 0.000000 38.720009
185.986862 259.870575 0.397039 30.026758 0.000000 30.026758
236.415512 240.760773 0.396593 29.705544 0.000000 29.705544
97.575974 302.061737 0.395477 28.845432 0.000000 28.845432
425.171082 163.652969 0.395476 31.398109 0.000000 31.398109
113.500000 413.500000 0.395075 66.798950 0.000000 66.798950
340.043427 426.891693 0.394959 47.898388 0.000000 47.898388
179.784561 423.705902 0.394881 17.236162 0.000000 17.236162
151.707321 409.553009 0.394558 61.464176 0.000000 61.464176
76.500000 241.860962 0.393326 16.018484 0.000000 16.018484
161.121628 319.500000 0.392680 306.195526 0.000000 306.195526
348.500000 192.162460 0.392357 20.983454 0.000000 20.983454
93.876823 219.748657 0.391333 41.818649 0.000000 41.818649
218.500000 410.500000 0.391021 18.467758 0.000000 18.467758
525.500000 354.500000 0.390896 24.729393 0.000000 24.729393
215.806427 419.500000 0.390359 24.392075 0.000000 24.392075
271.500000 366.548767 0.389719 184.062469 0.000000 184.062469
139.500000 335.500000 0.388351 22.028872 0.000000 22.028872
443.782013 212.172531 0.387792 154.880035 0.000000 154.880035
539.361755 243.327087 0.387410 22.169640 0.000000 22.169640
259.500000 395.500000 0.387086 619.520264 0.000000 619.520264
177.500000 390.321106 0.386769 31.034538 0.000000 31.034538
99.500000 422.922211 0.386604 15.366042 0.000000 15.366042
73.877449 200.269012 0.385425 23.615078 0.000000 23.615078
303.233459 379.500000 0.384980 119.991341 0.000000 119.991341
26.500000 413.908142 0.384929 36.999893 0.000000 36.999893
474.500000 230.857849 0.384678 22.644970 0.000000 22.644970
515.803711 324.846191 0.384519 41.395603 0.000000 41.395603
150.736984 409.500000 0.384453 80.028015 0.000000 80.028015
216.500000 158.280563 0.383973 17.977303 0.000000 17.977303
370.746094 403.771820 0.383821 81.373657 0.000000 81.373657
256.734497 354.737976 0.383783 18.227520 0.000000 18.227520
290.585999 350.143066 0.383581 29.158672 0.000000 29.158672
360.562347 353.281708 0.383575 48.631748 0.000000 48.631748
596.423157 123.500000 0.383425 495.871368 0.000000 495.871368
80.791473 360.408051 0.383327 119.817024 0.000000 119.817024
219.571335 376.213135 0.383220 24.392075 0.000000 24.392075
287.545135 199.500000 0.382884 15.366042 0.000000 15.366042
589.060303 318.885895 0.382537 18.457939 0.000000 18.457939
50.158501 238.500000 0.382499 55.703754 0.000000 55.703754
80.926117 202.912338 0.382068 30.677807 0.000000 30.677807
542.586792 252.590012 0.381962 19.621481 0.000000 19.621481
461.741821 429.906891 0.381700 479.012939 0.000000 479.012939
354.827850 380.932007 0.381615 40.361561 0.000000 40.361561
114.106117 212.246613 0.381077 19.160156 0.000000 19.160156
102.889786 414.886292 0.380283 22.335079 0.000000 22.335079
591.500000 130.768234 0.380154 38.489071 0.000000 38.489071
57.814754 221.292160 0.379501 18.815943 0.000000 18.815943
186.291382 201.239120 0.379446 29.765135 0.000000 29.765135
38.462284 257.389832 0.378788 24.392075 0.000000 24.392075
111.613426 321.122681 0.378576 27.339773 0.000000 27.339773
307.709473 256.950409 0.378355 28.880154 0.000000 28.880154
476.710571 412.500000 0.377647 24.392075 0.000000 24.392075
123.500000 221.500000 0.376984 19.487728 0.000000 19.487728
446.946503 235.936584 0.376556 32.438839 0.000000 32.438839
536.143188 412.834290 0.376543 30.361401 0.000000 30.361401
190.500000 216.500000 0.376012 38.152195 0.000000 38.152195
596.903931 362.785828 0.376003 147.608627 0.000000 147.608627
125.892197 436.029053 0.375810 17.856846 0.000000 17.856846
214.526611 352.500000 0.375414 15.366042 0.000000 15.366042
492.172516 196.614151 0.375380 30.865971 0.000000 30.865971
200.147095 407.165588 0.375078 38.720009 0.000000 38.720009
608.999390 210.500000 0.374518 22.081757 0.000000 22.081757
23.074165 201.926834 0.374236 19.973293 0.000000 19.973293
5.500000 390.900024 0.373833 51.979141 0.000000 51.979141
372.860657 407.500000 0.373466 15.777150 0.000000 15.777150
532.879822 250.518539 0.372898 19.859135 0.000000 19.859135
288.170166 385.016083 0.372858 84.102699 0.000000 84.102699
172.840652 415.109955 0.372589 17.881325 0.000000 17.881325
367.500000 381.580353 0.372574 26.926796 0.000000 26.926796
394.500000 215.340378 0.372431 51.152065 0.000000 51.152065
32.071266 230.032471 0.372235 16.864721 0.000000 16.864721
355.500000 425.500000 0.372135 26.829163 0.000000 26.829163
328.500000 200.745392 0.371661 24.392075 0.000000 24.392075
526.348389 416.809967 0.371641 22.109097 0.000000 22.109097
316.342438 250.638641 0.371626 4122.288086 0.000000 4122.288086
304.934082 445.252167 0.371533 32.319836 0.000000 32.319836
276.895233 387.733307 0.371256 24.392075 0.000000 24.392075
588.139099 421.500000 0.370761 33.787979 0.000000 33.787979
296.132568 248.412033 0.370699 27.694736 0.000000 27.694736
215.590744 405.608826 0.370633 1835.898438 0.000000 1835.898438
604.694702 262.406342 0.370577 72.015884 0.000000 72.015884
563.500000 352.021881 0.370551 51.902260 0.000000 51.902260
451.639771 256.896362 0.370361 29.878695 0.000000 29.878695
511.786865 312.618164 0.368659 59.749641 0.000000 59.749641
493.575256 431.500000 0.368497 24.392075 0.000000 24.392075
470.919312 400.702728 0.367497 32.416584 0.000000 32.416584
198.500000 254.337112 0.367264 23.432285 0.000000 23.432285
248.683502 150.992340 0.366672 54.132000 0.000000 54.132000
94.239136 242.376907 0.366198 101.170509 0.000000 101.170509
437.432495 361.911652 0.365587 125.125526 0.000000 125.125526
488.500000 321.282990 0.365333 27.715971 0.000000 27.715971
356.500000 213.292694 0.364361 24.392075 0.000000 24.392075
57.400047 251.500000 0.364101 70.175339 0.000000 70.175339
291.500000 405.500000 0.363919 38.720009 0.000000 38.720009
173.500000 222.465164 0.363289 24.392075 0.000000 24.392075
479.500000 374.350952 0.362774 126.630936 0.000000 126.630936
443.500000 189.729233 0.362722 81.010063 0.000000 81.010063
156.109253 179.500000 0.362567 619.520264 0.000000 619.520264
493.500000 209.188873 0.362054 83.463913 0.000000 83.463913
292.327148 420.992340 0.361753 88.906685 0.000000 88.906685
432.050262 348.701294 0.361655 47.103909 0.000000 47.103909
250.046112 351.652802 0.361614 24.392075 0.000000 24.392075
63.593792 435.500000 0.361551 15.366042 0.000000 15.366042
256.500000 427.500000 0.361397 24.392075 0.000000 24.392075
226.663010 233.500000 0.360986 48.224751 0.000000 48.224751
33.095177 237.063049 0.360735 17.420229 0.000000 17.420229
532.664978 351.568939 0.360644 35.780159 0.000000 35.780159
185.559845 158.500000 0.360437 38.705715 0.000000 38.705715
575.433777 415.905640 0.359623 19.144159 0.000000 19.144159
287.209076 249.136520 0.359101 71.394730 0.000000 71.394730
148.597473 318.781128 0.359097 54.203697 0.000000 54.203697
477.256409 397.500000 0.359054 76.178162 0.000000 76.178162
335.918243 237.206055 0.358301 42.515827 0.000000 42.515827
462.912811 371.312744 0.358138 24.392075 0.000000 24.392075
292.428223 257.263885 0.358007 18.467274 0.000000 18.467274
510.153381 421.500000 0.357861 30.152613 0.000000 30.152613
67.057190 354.780701 0.355649 29.790438 0.000000 29.790438
215.149261 330.500000 0.355493 19.883507 0.000000 19.883507
483.291656 221.953552 0.354353 56.882214 0.000000 56.882214
481.500000 373.988617 0.353928 160.741302 0.000000 160.741302
253.500000 258.500000 0.353278 15.366042 0.000000 15.366042
303.485382 377.500000 0.353269 38.720009 0.000000 38.720009
25.500000 209.500000 0.353007 15.366042 0.000000 15.366042
229.500000 375.500000 0.351692 23.129503 0.000000 23.129503
211.204025 176.693985 0.351171 385.276886 0.000000 385.276886
70.500000 343.500000 0.351110 48.444633 0.000000 48.444633
199.209854 437.061096 0.350988 61.464176 0.000000 61.464176
179.500000 340.500000 0.350830 47.168049 0.000000 47.168049
514.500000 405.500000 0.349949 26.700253 0.000000 26.700253
254.500000 428.435547 0.349545 41.402977 0.000000 41.402977
60.500000 245.500000 0.349410 15.366042 0.000000 15.366042
205.052292 169.500000 0.349362 150.510208 0.000000 150.510208
433.522736 327.925140 0.349321 29.565042 0.000000 29.565042
88.500000 385.500000 0.349262 16.880735 0.000000 16.880735
25.500000 401.752380 0.349127 16.434486 0.000000 16.434486
205.500000 171.500000 0.348864 154.880035 0.000000 154.880035
310.479523 372.532837 0.348771 36.318474 0.000000 36.318474
562.334534 160.940384 0.348719 38.720009 0.000000 38.720009
338.800934 413.613007 0.348647 15.739618 0.000000 15.739618
306.500000 318.995148 0.348561 47.807926 0.000000 47.807926
106.500000 428.364044 0.348137 18.116049 0.000000 18.116049
402.258057 401.500000 0.346681 87.903305 0.000000 87.903305
101.408821 238.165665 0.346640 46.155994 0.000000 46.155994
165.063370 406.500000 0.346261 59.444874 0.000000 59.444874
29.500000 405.487640 0.345985 91.489510 0.000000 91.489510
282.981018 429.500000 0.345962 16.009062 0.000000 16.009062
96.764694 294.947601 0.345747 29.445404 0.000000 29.445404
508.500000 398.500000 0.345741 43.546417 0.000000 43.546417
59.843018 254.926575 0.345222 17.455572 0.000000 17.455572
303.756226 239.500000 0.345195 675.307007 0.000000 675.307007
174.500000 205.558090 0.345187 48.406986 0.000000 48.406986
376.463745 279.871277 0.345032 20.720778 0.000000 20.720778
159.141754 219.136124 0.344923 15.366042 0.000000 15.366042
448.535614 229.637024 0.344817 18.735857 0.000000 18.735857
563.500000 159.500000 0.344644 97.568314 0.000000 97.568314
525.300842 237.758957 0.344622 23.660847 0.000000 23.660847
178.500000 417.135132 0.344390 22.916891 0.000000 22.916891
21.203279 210.780472 0.343799 25.380379 0.000000 25.380379
478.026672 379.500000 0.343760 69.520309 0.000000 69.520309
23.810024 226.500000 0.343734 15.366042 0.000000 15.366042
343.500000 249.500000 0.343650 50.314362 0.000000 50.314362
405.500000 321.500000 0.343541 120.286217 0.000000 120.286217
407.774902 238.987106 0.343468 18.366190 0.000000 18.366190
275.500000 208.166428 0.343372 15.366042 0.000000 15.366042
29.500000 407.500000 0.343007 97.568314 0.000000 97.568314
557.640442 155.119141 0.342264 288.229645 0.000000 288.229645
313.500000 158.500000 0.340811 24.392075 0.000000 24.392075
111.500000 283.500000 0.340806 154.880035 0.000000 154.880035
270.131134 416.971008 0.340707 17.583252 0.000000 17.583252
394.942657 216.500000 0.340394 24.392075 0.000000 24.392075
239.102921 238.338852 0.340288 74.635239 0.000000 74.635239
16.500000 411.500000 0.340014 36.045692 0.000000 36.045692
221.671524 436.500000 0.339507 24.392075 0.000000 24.392075
523.792908 260.500000 0.339368 38.720009 0.000000 38.720009
5.239364 217.389282 0.339238 40.167950 0.000000 40.167950
275.500000 316.344849 0.338660 25.724154 0.000000 25.724154
273.992157 402.500000 0.338556 29.097630 0.000000 29.097630
601.500000 404.518127 0.337836 97.568314 0.000000 97.568314
148.799866 393.361542 0.337531 28.371723 0.000000 28.371723
394.890778 385.264404 0.337359 18.800421 0.000000 18.800421
122.410278 222.725189 0.336954 50.137230 0.000000 50.137230
243.884521 318.981964 0.336803 189.060120 0.000000 189.060120
611.500000 108.500000 0.336762 15.366042 0.000000 15.366042
405.259186 409.753967 0.336592 32.283192 0.000000 32.283192
154.969528 340.248199 0.336522 19.720325 0.000000 19.720325
225.302887 264.500000 0.336156 61.464176 0.000000 61.464176
217.193207 207.633820 0.336102 56.795383 0.000000 56.795383
179.500000 356.143158 0.335750 140.909332 0.000000 140.909332
433.722137 440.354218 0.335518 33.503216 0.000000 33.503216
299.491272 395.970306 0.335253 15.850883 0.000000 15.850883
215.500000 390.043518 0.335208 98.012199 0.000000 98.012199
328.033661 194.500000 0.333136 48.660069 0.000000 48.660069
314.420288 255.686600 0.332082 21.191179 0.000000 21.191179
597.329163 46.890560 0.332036 20.040249 0.000000 20.040249
169.598648 279.934570 0.331470 51.916126 0.000000 51.916126
451.135712 247.692886 0.331266 27.238144 0.000000 27.238144
56.626625 340.056152 0.331095 20.570518 0.000000 20.570518
104.500000 405.629425 0.330482 23.659729 0.000000 23.659729
203.198883 419.647308 0.330469 67.887505 0.000000 67.887505
303.772644 447.585022 0.330096 24.392075 0.000000 24.392075
286.500000 341.294189 0.329874 17.009312 0.000000 17.009312
82.107536 279.677063 0.329830 18.745121 0.000000 18.745121
117.247398 368.305786 0.329778 18.232159 0.000000 18.232159
218.972336 309.748108 0.329398 34.145363 0.000000 34.145363
286.797241 389.500000 0.329331 135.378983 0.000000 135.378983
362.500000 388.238159 0.329159 24.392075 0.000000 24.392075
42.277515 225.656235 0.328833 17.091961 0.000000 17.091961
507.884064 439.500000 0.328354 48.220154 0.000000 48.220154
544.091858 131.500000 0.328341 983.427124 0.000000 983.427124
12.513520 324.066956 0.328123 94.159409 0.000000 94.159409
427.976807 248.304581 0.328008 16.566240 0.000000 16.566240
313.814240 200.414215 0.327779 95.391968 0.000000 95.391968
239.276062 386.500000 0.327030 24.392075 0.000000 24.392075
366.025330 273.286652 0.326796 20.026150 0.000000 20.026150
440.149170 445.500000 0.326674 17.991013 0.000000 17.991013
368.003021 170.574539 0.326436 272.571045 0.000000 272.571045
146.824417 235.932556 0.326424 31.316349 0.000000 31.316349
237.500000 261.500000 0.325935 118.564133 0.000000 118.564133
205.438736 158.240585 0.325520 28.944443 0.000000 28.944443
303.272400 413.500000 0.324840 27.098051 0.000000 27.098051
16.323725 245.481613 0.324807 80.266052 0.000000 80.266052
466.864929 246.928146 0.324783 85.935471 0.000000 85.935471
386.309296 421.338959 0.324208 19.420696 0.000000 19.420696
259.994110 256.021790 0.324022 16.571558 0.000000 16.571558
329.500000 205.276138 0.323881 34.981178 0.000000 34.981178
190.096603 212.476456 0.323470 19.445457 0.000000 19.445457
380.331207 252.702515 0.323386 76.526222 0.000000 76.526222
168.782898 151.240509 0.322571 23.477400 0.000000 23.477400
491.500000 185.500000 0.322378 36.626804 0.000000 36.626804
239.500000 258.569183 0.322273 78.633423 0.000000 78.633423
441.244690 158.500000 0.322262 42.921307 0.000000 42.921307
183.275345 423.610107 0.322217 44.231525 0.000000 44.231525
30.471987 387.350555 0.321773 253.740753 0.000000 253.740753
551.362976 303.500000 0.321630 19.024033 0.000000 19.024033
240.617615 129.150482 0.321463 619.520264 0.000000 619.520264
558.500000 402.500000 0.321144 24.392075 0.000000 24.392075
381.070923 450.500000 0.320849 24.131428 0.000000 24.131428
478.179871 407.789185 0.319768 135.884155 0.000000 135.884155
71.279015 380.246948 0.318844 16.085035 0.000000 16.085035
46.500000 142.500000 0.318769 2854.253418 0.000000 2854.253418
477.008118 349.773926 0.318647 25.605867 0.000000 25.605867
343.500000 400.248718 0.317760 29.526951 0.000000 29.526951
29.500000 423.500000 0.317730 20.115606 0.000000 20.115606
281.787292 384.500000 0.317040 22.468637 0.000000 22.468637
77.705200 227.378525 0.317031 17.440506 0.000000 17.440506
605.500000 216.500000 0.316587 59.500622 0.000000 59.500622
392.500000 240.827057 0.316356 44.340115 0.000000 44.340115
212.500000 205.073914 0.316286 19.542458 0.000000 19.542458
12.799809 421.500000 0.316270 84.776833 0.000000 84.776833
606.063782 318.787140 0.315513 18.630346 0.000000 18.630346
315.262421 170.967850 0.315300 37.617184 0.000000 37.617184
452.068054 265.341370 0.314875 110.684639 0.000000 110.684639
324.000214 234.998245 0.314335 17.047997 0.000000 17.047997
245.500000 274.500000 0.313669 24.392075 0.000000 24.392075
255.500000 410.500000 0.313408 24.392075 0.000000 24.392075
533.141602 368.461273 0.312822 34.692261 0.000000 34.692261
329.500000 324.175842 0.312641 32.149487 0.000000 32.149487
226.500000 208.500000 0.312367 31.472857 0.000000 31.472857
434.303711 455.679169 0.312340 20.605530 0.000000 20.605530
201.500000 246.334549 0.311773 122.252129 0.000000 122.252129
268.151550 315.650452 0.311322 18.545637 0.000000 18.545637
266.500000 353.500000 0.310956 28.662617 0.000000 28.662617
286.500000 412.288208 0.310318 19.315819 0.000000 19.315819
234.370972 148.500000 0.310258 61.464176 0.000000 61.464176
384.500000 227.500000 0.307790 38.720009 0.000000 38.720009
480.500000 211.367630 0.307573 41.148457 0.000000 41.148457
443.372223 218.500000 0.307480 36.195553 0.000000 36.195553
49.455807 407.500000 0.306798 148.580399 0.000000 148.580399
66.296028 198.526031 0.306122 6229.355957 0.000000 6229.355957
177.500000 195.739883 0.305977 36.528835 0.000000 36.528835
383.500000 395.896179 0.305835 17.615770 0.000000 17.615770
363.955627 377.983093 0.305451 16.393545 0.000000 16.393545
84.500000 214.500000 0.305369 16.443539 0.000000 16.443539
374.500000 382.500000 0.304588 38.720009 0.000000 38.720009
602.500000 411.500000 0.304448 49.268135 0.000000 49.268135
282.382568 435.500000 0.304293 24.595730 0.000000 24.595730
41.500000 434.796295 0.304192 24.325645 0.000000 24.325645
476.207458 433.500000 0.303586 97.568314 0.000000 97.568314
534.500000 216.500000 0.303577 24.392075 0.000000 24.392075
179.500000 257.500000 0.303207 117.353271 0.000000 117.353271
105.500000 229.500000 0.302864 18.808741 0.000000 18.808741
211.026749 227.361862 0.302086 20.665813 0.000000 20.665813
143.500000 338.480225 0.301883 55.005966 0.000000 55.005966
319.691956 343.867065 0.301702 154.880035 0.000000 154.880035
126.996323 329.500000 0.301228 109.072357 0.000000 109.072357
305.640869 206.500000 0.301136 2804.562012 0.000000 2804.562012
385.500000 397.500000 0.301111 26.976906 0.000000 26.976906
502.500000 456.162842 0.300882 31.072920 0.000000 31.072920
422.160645 353.355652 0.300850 30.169079 0.000000 30.169079
273.500000 235.500000 0.300058 38.720009 0.000000 38.720009
